1	100	524.116
2	150	495.563
3	200	468.68
4	250	468.68
5	300	468.68
6	350	313.044
7	400	233.261
8	450	233.261
9	500	233.261
10	550	200.557
11	600	153.149
12	650	153.149
13	700	153.149
14	750	153.149
15	800	77.4651
16	850	77.4651
17	900	77.4651
18	950	77.4651
19	1000	77.4651
20	1050	65.8445
21	1100	57.2423
22	1150	57.2423
23	1200	57.2423
24	1250	57.2423
25	1300	57.2423
26	1350	57.2423
27	1400	57.2423
28	1450	46.4066
29	1500	46.2384
30	1550	19.0376
31	1600	19.0376
32	1650	19.0376
33	1700	19.0376
34	1750	19.0376
35	1800	19.0376
36	1850	14.8784
37	1900	14.6611
38	1950	14.5301
39	2000	14.5301
40	2050	14.5301
41	2100	14.5301
42	2150	10.6454
43	2200	7.99401
44	2250	7.99401
45	2300	7.16684
46	2350	7.16684
47	2400	4.61459
48	2450	4.61459
49	2500	4.61459
50	2550	3.55241
51	2600	3.55241
52	2650	3.55241
53	2700	3.54643
54	2750	3.17143
55	2800	3.17143
56	2850	2.60917
57	2900	1.7118
58	2950	1.7118
59	3000	1.7118
60	3050	1.7118
61	3100	1.7118
62	3150	1.38824
63	3200	1.38824
64	3250	1.32302
65	3300	1.32302
66	3350	1.1132
67	3400	0.646966
68	3450	0.646966
69	3500	0.646966
70	3550	0.646966
71	3600	0.646966
72	3650	0.646966
73	3700	0.639112
74	3750	0.573107
75	3800	0.567723
76	3850	0.567723
77	3900	0.567723
78	3950	0.567723
79	4000	0.284568
80	4050	0.284568
81	4100	0.284568
82	4150	0.284568
83	4200	0.284122
84	4250	0.182192
85	4300	0.182192
86	4350	0.177963
87	4400	0.177963
88	4450	0.177963
89	4500	0.177963
90	4550	0.153102
91	4600	0.151125
92	4650	0.10707
93	4700	0.10707
94	4750	0.105872
95	4800	0.0941504
96	4850	0.0647485
97	4900	0.0647485
98	4950	0.0647485
99	5000	0.0647485
100	5050	0.0647485
101	5100	0.0647485
102	5150	0.0621875
103	5200	0.0447692
104	5250	0.0447692
105	5300	0.0447692
106	5350	0.0447692
107	5400	0.0398011
108	5450	0.0398011
109	5500	0.0398011
110	5550	0.0324877
111	5600	0.0228293
112	5650	0.0193372
113	5700	0.0138733
114	5750	0.012598
115	5800	0.012598
116	5850	0.012598
117	5900	0.0121085
118	5950	0.0121085
119	6000	0.0121085
120	6050	0.00964486
121	6100	0.00964486
122	6150	0.00964486
123	6200	0.00964486
124	6250	0.00964486
125	6300	0.00964486
126	6350	0.00964486
127	6400	0.00772638
128	6450	0.00764742
129	6500	0.00343618
130	6550	0.00299968
131	6600	0.00299968
132	6650	0.00299968
133	6700	0.00299968
134	6750	0.00299968
135	6800	0.00215791
136	6850	0.00172264
137	6900	0.00167365
138	6950	0.00159771
139	7000	0.00159771
140	7050	0.00134055
141	7100	0.00133296
142	7150	0.00122185
143	7200	0.00122185
144	7250	0.000952243
145	7300	0.000656659
146	7350	0.000656659
147	7400	0.000656659
148	7450	0.000656659
149	7500	0.000248826
150	7550	0.000248826
151	7600	0.000248826
152	7650	0.000248826
153	7700	0.000248826
154	7750	0.000248826
155	7800	0.000245009
156	7850	0.000245009
157	7900	0.000218036
158	7950	0.000218036
159	8000	0.000194404
160	8050	0.000194404
161	8100	0.000194404
162	8150	0.000194404
163	8200	0.000194404
164	8250	0.000194404
165	8300	0.000194404
166	8350	0.000125972
167	8400	0.000108511
168	8450	0.000108511
169	8500	0.00010616
170	8550	0.00010616
171	8600	0.00010616
172	8650	0.00010616
173	8700	0.000103705
174	8750	0.000103705
175	8800	0.000103705
176	8850	8.1699e-005
177	8900	8.1699e-005
178	8950	8.12498e-005
179	9000	6.72983e-005
180	9050	6.72983e-005
181	9100	5.99043e-005
182	9150	4.52903e-005
183	9200	2.37549e-005
184	9250	2.08505e-005
185	9300	2.08067e-005
186	9350	2.08067e-005
187	9400	2.02802e-005
188	9450	1.838e-005
189	9500	1.838e-005
190	9550	1.66445e-005
191	9600	1.66445e-005
192	9650	1.66445e-005
193	9700	1.52456e-005
194	9750	1.22006e-005
195	9800	1.22006e-005
196	9850	1.03013e-005
197	9900	1.02817e-005
198	9950	1.02817e-005
199	10000	8.57874e-006
200	10050	8.51796e-006
201	10100	4.68185e-006
202	10150	4.68185e-006
203	10200	4.66403e-006
204	10250	4.66403e-006
205	10300	4.66403e-006
206	10350	4.03943e-006
207	10400	2.49432e-006
208	10450	2.49432e-006
209	10500	2.47859e-006
210	10550	2.47859e-006
211	10600	2.47859e-006
212	10650	2.47859e-006
213	10700	2.47859e-006
214	10750	2.02802e-006
215	10800	2.02802e-006
216	10850	1.73703e-006
217	10900	1.73703e-006
218	10950	1.40449e-006
219	11000	1.08341e-006
220	11050	7.18344e-007
221	11100	7.18344e-007
222	11150	7.17119e-007
223	11200	7.17119e-007
224	11250	6.15203e-007
225	11300	6.15203e-007
226	11350	6.15203e-007
227	11400	3.31483e-007
228	11450	2.51588e-007
229	11500	2.51588e-007
230	11550	2.51588e-007
231	11600	2.47796e-007
232	11650	2.47796e-007
233	11700	2.47796e-007
234	11750	2.47796e-007
235	11800	2.41627e-007
236	11850	1.52738e-007
237	11900	1.52738e-007
238	11950	1.23791e-007
239	12000	1.23791e-007
240	12050	1.23791e-007
241	12100	9.55353e-008
242	12150	9.55353e-008
243	12200	8.99881e-008
244	12250	8.95729e-008
245	12300	8.95729e-008
246	12350	8.95729e-008
247	12400	8.95729e-008
248	12450	8.49184e-008
249	12500	6.53918e-008
250	12550	5.24102e-008
251	12600	3.84712e-008
252	12650	3.84712e-008
253	12700	3.68061e-008
254	12750	3.68061e-008
255	12800	2.07588e-008
256	12850	2.07588e-008
257	12900	2.07588e-008
258	12950	2.07588e-008
259	13000	2.07588e-008
260	13050	1.98937e-008
261	13100	1.98937e-008
262	13150	1.98937e-008
263	13200	1.22216e-008
264	13250	1.22216e-008
265	13300	1.15362e-008
266	13350	1.15362e-008
267	13400	1.15362e-008
268	13450	9.41208e-009
269	13500	9.39438e-009
270	13550	9.39438e-009
271	13600	9.39438e-009
272	13650	8.01787e-009
273	13700	7.38895e-009
274	13750	4.2396e-009
275	13800	3.9998e-009
276	13850	3.9998e-009
277	13900	3.98629e-009
278	13950	3.28414e-009
279	14000	3.28414e-009
280	14050	3.28414e-009
281	14100	2.69965e-009
282	14150	2.69965e-009
283	14200	2.41063e-009
284	14250	2.40929e-009
285	14300	1.96477e-009
286	14350	1.69394e-009
287	14400	1.60991e-009
288	14450	9.44259e-010
289	14500	9.44259e-010
290	14550	6.22458e-010
291	14600	6.01051e-010
292	14650	6.01051e-010
293	14700	6.01051e-010
294	14750	6.01051e-010
295	14800	6.01051e-010
296	14850	6.01051e-010
297	14900	4.96071e-010
298	14950	2.17087e-010
299	15000	2.17087e-010
300	15050	1.53777e-010
301	15100	1.53777e-010
302	15150	1.53777e-010
303	15200	1.53777e-010
304	15250	1.53777e-010
305	15300	1.53777e-010
306	15350	1.53777e-010
307	15400	1.53777e-010
308	15450	1.53777e-010
309	15500	1.53777e-010
310	15550	1.53777e-010
311	15600	1.53777e-010
312	15650	1.53777e-010
313	15700	1.53777e-010
314	15750	7.88423e-011
315	15800	5.14758e-011
316	15850	5.14758e-011
317	15900	4.80655e-011
318	15950	3.62362e-011
319	16000	3.62362e-011
320	16050	3.62362e-011
321	16100	3.55712e-011
322	16150	2.08147e-011
323	16200	1.92283e-011
324	16250	1.92283e-011
325	16300	1.92283e-011
326	16350	1.92283e-011
327	16400	1.92283e-011
328	16450	1.92283e-011
329	16500	1.92283e-011
330	16550	1.8428e-011
331	16600	1.62843e-011
332	16650	1.62843e-011
333	16700	1.62843e-011
334	16750	1.55044e-011
335	16800	1.55044e-011
336	16850	1.55044e-011
337	16900	1.55044e-011
338	16950	8.51236e-012
339	17000	8.51236e-012
340	17050	8.51236e-012
341	17100	8.51236e-012
342	17150	8.51236e-012
343	17200	8.47763e-012
344	17250	8.47763e-012
345	17300	8.47763e-012
346	17350	8.47763e-012
347	17400	3.83815e-012
348	17450	3.76135e-012
349	17500	3.76135e-012
350	17550	3.17507e-012
351	17600	3.17507e-012
352	17650	2.41912e-012
353	17700	2.16601e-012
354	17750	2.16601e-012
355	17800	2.12072e-012
356	17850	2.12072e-012
357	17900	2.12072e-012
358	17950	1.07787e-012
359	18000	1.07787e-012
360	18050	1.04333e-012
361	18100	1.04333e-012
362	18150	1.04333e-012
363	18200	1.04333e-012
364	18250	9.55915e-013
365	18300	9.55915e-013
366	18350	5.91105e-013
367	18400	5.91105e-013
368	18450	5.04074e-013
369	18500	5.04074e-013
370	18550	4.37374e-013
371	18600	3.71227e-013
372	18650	2.0069e-013
373	18700	2.0069e-013
374	18750	2.0069e-013
375	18800	2.0069e-013
376	18850	2.0069e-013
377	18900	2.0069e-013
378	18950	2.0069e-013
379	19000	2.0069e-013
380	19050	2.0069e-013
381	19100	2.0069e-013
382	19150	2.0069e-013
383	19200	2.0069e-013
384	19250	1.60847e-013
385	19300	1.13504e-013
386	19350	9.19188e-014
387	19400	9.19188e-014
388	19450	9.19188e-014
389	19500	7.84572e-014
390	19550	7.84572e-014
391	19600	7.84572e-014
392	19650	7.84572e-014
393	19700	4.64361e-014
394	19750	4.64361e-014
395	19800	4.63479e-014
396	19850	2.56618e-014
397	19900	1.95354e-014
398	19950	1.90476e-014
399	20000	1.90476e-014
400	20050	1.90476e-014
401	20100	1.90476e-014
402	20150	1.90476e-014
403	20200	1.90476e-014
404	20250	1.32693e-014
405	20300	1.32693e-014
406	20350	1.32693e-014
407	20400	1.32693e-014
408	20450	1.32693e-014
409	20500	9.44569e-015
410	20550	9.44569e-015
411	20600	8.6235e-015
412	20650	8.6235e-015
413	20700	7.31369e-015
414	20750	7.31369e-015
415	20800	3.79334e-015
416	20850	3.79334e-015
417	20900	3.79334e-015
418	20950	3.79334e-015
419	21000	3.79334e-015
420	21050	3.79334e-015
421	21100	3.79334e-015
422	21150	2.91545e-015
423	21200	2.79406e-015
424	21250	2.73404e-015
425	21300	2.51599e-015
426	21350	1.84443e-015
427	21400	1.84443e-015
428	21450	1.70694e-015
429	21500	1.70694e-015
430	21550	1.61296e-015
431	21600	1.61296e-015
432	21650	1.56858e-015
433	21700	1.3068e-015
434	21750	1.3068e-015
435	21800	1.3068e-015
436	21850	1.20243e-015
437	21900	1.17985e-015
438	21950	8.56582e-016
439	22000	4.97576e-016
440	22050	4.97576e-016
441	22100	4.86424e-016
442	22150	4.86424e-016
443	22200	4.86424e-016
444	22250	4.86424e-016
445	22300	4.86424e-016
446	22350	3.50532e-016
447	22400	3.50532e-016
448	22450	3.37304e-016
449	22500	2.09755e-016
450	22550	1.16281e-016
451	22600	1.16281e-016
452	22650	1.16281e-016
453	22700	1.16281e-016
454	22750	8.35608e-017
455	22800	8.35608e-017
456	22850	8.35608e-017
457	22900	7.83664e-017
458	22950	7.83664e-017
459	23000	6.32728e-017
460	23050	5.34216e-017
461	23100	5.34216e-017
462	23150	5.34216e-017
463	23200	5.34216e-017
464	23250	2.94507e-017
465	23300	2.94507e-017
466	23350	1.67111e-017
467	23400	1.67111e-017
468	23450	1.67111e-017
469	23500	1.67111e-017
470	23550	1.67111e-017
471	23600	1.67111e-017
472	23650	1.43195e-017
473	23700	1.43195e-017
474	23750	1.43195e-017
475	23800	1.43195e-017
476	23850	1.43195e-017
477	23900	1.43195e-017
478	23950	1.38565e-017
479	24000	1.38565e-017
480	24050	1.38565e-017
481	24100	1.27826e-017
482	24150	1.08859e-017
483	24200	1.08859e-017
484	24250	8.5462e-018
485	24300	7.93056e-018
486	24350	6.00266e-018
487	24400	5.43304e-018
488	24450	5.43304e-018
489	24500	3.39108e-018
490	24550	3.39108e-018
491	24600	3.39108e-018
492	24650	3.10305e-018
493	24700	3.10305e-018
494	24750	3.10305e-018
495	24800	2.87625e-018
496	24850	2.87625e-018
497	24900	2.59558e-018
498	24950	2.39384e-018
499	25000	2.39384e-018
500	25050	2.39384e-018
501	25100	1.87343e-018
502	25150	1.60693e-018
503	25200	1.52314e-018
504	25250	1.52314e-018
505	25300	1.2683e-018
506	25350	1.2683e-018
507	25400	4.31723e-019
508	25450	4.31723e-019
509	25500	4.31723e-019
510	25550	4.31723e-019
511	25600	4.31723e-019
512	25650	4.31723e-019
513	25700	4.31723e-019
514	25750	3.30944e-019
515	25800	3.30944e-019
516	25850	2.36351e-019
517	25900	2.36351e-019
518	25950	2.36351e-019
519	26000	2.36351e-019
520	26050	1.38474e-019
521	26100	1.38474e-019
522	26150	1.38474e-019
523	26200	1.38474e-019
524	26250	1.31883e-019
525	26300	6.71169e-020
526	26350	6.71169e-020
527	26400	6.71169e-020
528	26450	6.71169e-020
529	26500	6.71169e-020
530	26550	6.5804e-020
531	26600	6.5804e-020
532	26650	6.5804e-020
533	26700	5.88573e-020
534	26750	5.88573e-020
535	26800	5.88573e-020
536	26850	5.54419e-020
537	26900	4.87978e-020
538	26950	4.87978e-020
539	27000	1.9544e-020
540	27050	1.9544e-020
541	27100	1.9544e-020
542	27150	1.9544e-020
543	27200	1.9544e-020
544	27250	1.60057e-020
545	27300	1.60057e-020
546	27350	1.60057e-020
547	27400	1.30065e-020
548	27450	1.30065e-020
549	27500	1.30065e-020
550	27550	6.18593e-021
551	27600	6.18593e-021
552	27650	6.18593e-021
553	27700	5.17353e-021
554	27750	4.99909e-021
555	27800	4.64121e-021
556	27850	4.64121e-021
557	27900	4.64121e-021
558	27950	4.39643e-021
559	28000	4.39643e-021
560	28050	4.39643e-021
561	28100	4.39643e-021
562	28150	3.51466e-021
563	28200	3.51466e-021
564	28250	3.51466e-021
565	28300	2.40356e-021
566	28350	2.40356e-021
567	28400	2.40356e-021
568	28450	2.40356e-021
569	28500	1.33592e-021
570	28550	1.33592e-021
571	28600	1.33592e-021
572	28650	1.33592e-021
573	28700	1.33592e-021
574	28750	1.33592e-021
575	28800	1.33592e-021
576	28850	1.33592e-021
577	28900	1.33592e-021
578	28950	1.28671e-021
579	29000	1.20204e-021
580	29050	6.0729e-022
581	29100	6.0729e-022
582	29150	6.0729e-022
583	29200	5.97422e-022
584	29250	5.97422e-022
585	29300	4.86334e-022
586	29350	4.86334e-022
587	29400	4.86334e-022
588	29450	4.86334e-022
589	29500	4.86334e-022
590	29550	4.86334e-022
591	29600	4.0533e-022
592	29650	3.06168e-022
593	29700	2.71276e-022
594	29750	2.71276e-022
595	29800	2.71276e-022
596	29850	2.71276e-022
597	29900	1.85513e-022
598	29950	1.85513e-022
599	30000	1.52123e-022
600	30050	1.01462e-022
601	30100	1.01462e-022
602	30150	1.01462e-022
603	30200	9.57914e-023
604	30250	5.84054e-023
605	30300	5.8405e-023
606	30350	5.8405e-023
607	30400	5.8405e-023
608	30450	5.41654e-023
609	30500	5.41654e-023
610	30550	5.19295e-023
611	30600	4.82613e-023
612	30650	4.82613e-023
613	30700	4.82613e-023
614	30750	4.1138e-023
615	30800	3.53239e-023
616	30850	3.53094e-023
617	30900	2.58229e-023
618	30950	2.58229e-023
619	31000	2.55145e-023
620	31050	1.4421e-023
621	31100	1.4421e-023
622	31150	1.4421e-023
623	31200	1.4421e-023
624	31250	1.41208e-023
625	31300	1.0816e-023
626	31350	1.0816e-023
627	31400	1.0816e-023
628	31450	1.0816e-023
629	31500	8.33078e-024
630	31550	8.33078e-024
631	31600	4.54086e-024
632	31650	4.42841e-024
633	31700	4.42841e-024
634	31750	3.55059e-024
635	31800	3.26772e-024
636	31850	3.26772e-024
637	31900	3.26772e-024
638	31950	3.26772e-024
639	32000	3.09199e-024
640	32050	3.09199e-024
641	32100	2.75938e-024
642	32150	2.75938e-024
643	32200	2.67204e-024
644	32250	2.54099e-024
645	32300	2.02797e-024
646	32350	2.02797e-024
647	32400	1.48603e-024
648	32450	1.48603e-024
649	32500	6.74702e-025
650	32550	6.74702e-025
651	32600	6.74702e-025
652	32650	6.74702e-025
653	32700	6.74702e-025
654	32750	6.74702e-025
655	32800	6.74702e-025
656	32850	3.71948e-025
657	32900	3.71948e-025
658	32950	3.59055e-025
659	33000	3.57133e-025
660	33050	1.57332e-025
661	33100	1.57332e-025
662	33150	1.54545e-025
663	33200	1.50177e-025
664	33250	1.50177e-025
665	33300	1.50177e-025
666	33350	8.92612e-026
667	33400	8.92612e-026
668	33450	8.92612e-026
669	33500	8.92612e-026
670	33550	8.92612e-026
671	33600	8.92612e-026
672	33650	8.92612e-026
673	33700	8.92612e-026
674	33750	8.92612e-026
675	33800	6.86886e-026
676	33850	6.86886e-026
677	33900	6.51398e-026
678	33950	6.51398e-026
679	34000	6.46945e-026
680	34050	5.81652e-026
681	34100	4.51568e-026
682	34150	4.31718e-026
683	34200	2.38158e-026
684	34250	2.38158e-026
685	34300	2.38158e-026
686	34350	2.1042e-026
687	34400	2.1042e-026
688	34450	2.1042e-026
689	34500	2.1042e-026
690	34550	2.09629e-026
691	34600	2.09629e-026
692	34650	2.04499e-026
693	34700	1.46291e-026
694	34750	1.46291e-026
695	34800	1.19199e-026
696	34850	1.18424e-026
697	34900	1.18424e-026
698	34950	1.02708e-026
699	35000	9.02024e-027
700	35050	9.02024e-027
701	35100	8.26806e-027
702	35150	8.26806e-027
703	35200	8.26806e-027
704	35250	7.03758e-027
705	35300	7.03758e-027
706	35350	5.07319e-027
707	35400	4.23924e-027
708	35450	4.23924e-027
709	35500	4.23924e-027
710	35550	4.23924e-027
711	35600	3.9458e-027
712	35650	2.05636e-027
713	35700	2.05636e-027
714	35750	1.29104e-027
715	35800	1.29104e-027
716	35850	1.29104e-027
717	35900	1.26916e-027
718	35950	1.26916e-027
719	36000	8.51469e-028
720	36050	8.51469e-028
721	36100	8.51469e-028
722	36150	7.3651e-028
723	36200	7.3651e-028
724	36250	7.19596e-028
725	36300	7.19596e-028
726	36350	6.387e-028
727	36400	5.58499e-028
728	36450	5.58499e-028
729	36500	4.07991e-028
730	36550	4.07991e-028
731	36600	3.59301e-028
732	36650	3.08157e-028
733	36700	3.08157e-028
734	36750	2.56091e-028
735	36800	2.56091e-028
736	36850	2.56091e-028
737	36900	2.06104e-028
738	36950	1.78164e-028
739	37000	1.68342e-028
740	37050	1.68342e-028
741	37100	1.68342e-028
742	37150	1.68342e-028
743	37200	1.68342e-028
744	37250	1.50303e-028
745	37300	1.04004e-028
746	37350	1.04004e-028
747	37400	1.04004e-028
748	37450	4.67907e-029
749	37500	4.67907e-029
750	37550	4.67907e-029
751	37600	4.36741e-029
752	37650	4.36741e-029
753	37700	4.36741e-029
754	37750	4.36741e-029
755	37800	4.36741e-029
756	37850	4.36741e-029
757	37900	2.96156e-029
758	37950	2.96156e-029
759	38000	2.34224e-029
760	38050	2.34224e-029
761	38100	2.34224e-029
762	38150	2.34224e-029
763	38200	2.20214e-029
764	38250	2.11141e-029
765	38300	2.00231e-029
766	38350	2.00231e-029
767	38400	1.46483e-029
768	38450	1.46483e-029
769	38500	1.44808e-029
770	38550	1.03491e-029
771	38600	1.03491e-029
772	38650	9.95768e-030
773	38700	8.14123e-030
774	38750	8.14123e-030
775	38800	8.14123e-030
776	38850	7.87847e-030
777	38900	5.01114e-030
778	38950	4.87598e-030
779	39000	4.87598e-030
780	39050	3.87889e-030
781	39100	3.87889e-030
782	39150	2.56055e-030
783	39200	2.05846e-030
784	39250	2.05846e-030
785	39300	2.05846e-030
786	39350	2.05846e-030
787	39400	2.05846e-030
788	39450	1.47803e-030
789	39500	1.29782e-030
790	39550	1.11989e-030
791	39600	6.41863e-031
792	39650	6.41863e-031
793	39700	5.68584e-031
794	39750	5.68584e-031
795	39800	5.68584e-031
796	39850	4.31724e-031
797	39900	4.31724e-031
798	39950	4.31724e-031
799	40000	4.12389e-031
800	40050	4.12389e-031
801	40100	4.09121e-031
802	40150	3.82491e-031
803	40200	3.82491e-031
804	40250	3.82491e-031
805	40300	3.82491e-031
806	40350	3.8062e-031
807	40400	3.8062e-031
808	40450	3.68993e-031
809	40500	2.87406e-031
810	40550	2.43523e-031
811	40600	2.39229e-031
812	40650	1.50474e-031
813	40700	1.50474e-031
814	40750	1.1449e-031
815	40800	1.1449e-031
816	40850	1.13032e-031
817	40900	1.07834e-031
818	40950	1.04527e-031
819	41000	6.96771e-032
820	41050	6.96771e-032
821	41100	5.39131e-032
822	41150	4.46324e-032
823	41200	4.46324e-032
824	41250	3.07728e-032
825	41300	3.07728e-032
826	41350	2.60563e-032
827	41400	2.45182e-032
828	41450	2.45182e-032
829	41500	2.45182e-032
830	41550	2.45182e-032
831	41600	2.45182e-032
832	41650	2.45182e-032
833	41700	2.45182e-032
834	41750	2.29931e-032
835	41800	2.20719e-032
836	41850	2.20719e-032
837	41900	1.90964e-032
838	41950	6.76823e-033
839	42000	6.76823e-033
840	42050	6.76823e-033
841	42100	6.76823e-033
842	42150	5.59472e-033
843	42200	5.59472e-033
844	42250	5.59472e-033
845	42300	4.65597e-033
846	42350	4.65597e-033
847	42400	3.8486e-033
848	42450	3.8486e-033
849	42500	3.8486e-033
850	42550	3.71577e-033
851	42600	3.71577e-033
852	42650	2.73624e-033
853	42700	2.73624e-033
854	42750	2.73624e-033
855	42800	2.73624e-033
856	42850	2.24876e-033
857	42900	2.24876e-033
858	42950	2.24876e-033
859	43000	2.24876e-033
860	43050	2.22299e-033
861	43100	1.44899e-033
862	43150	1.4173e-033
863	43200	1.4173e-033
864	43250	1.4173e-033
865	43300	1.39172e-033
866	43350	8.13754e-034
867	43400	8.13754e-034
868	43450	6.24027e-034
869	43500	6.24027e-034
870	43550	6.24027e-034
871	43600	5.85863e-034
872	43650	5.85863e-034
873	43700	5.03828e-034
874	43750	5.03828e-034
875	43800	5.03828e-034
876	43850	3.06965e-034
877	43900	3.06965e-034
878	43950	3.06965e-034
879	44000	3.01186e-034
880	44050	1.40686e-034
881	44100	1.40686e-034
882	44150	8.8113e-035
883	44200	3.601e-035
884	44250	3.601e-035
885	44300	2.48815e-035
886	44350	2.48815e-035
887	44400	2.48815e-035
888	44450	2.48815e-035
889	44500	2.48815e-035
890	44550	2.48815e-035
891	44600	2.48815e-035
892	44650	2.48815e-035
893	44700	2.48815e-035
894	44750	2.48815e-035
895	44800	2.48815e-035
896	44850	2.48815e-035
897	44900	2.48815e-035
898	44950	2.48815e-035
899	45000	1.68273e-035
900	45050	1.68273e-035
901	45100	1.68273e-035
902	45150	1.68273e-035
903	45200	1.68273e-035
904	45250	1.68273e-035
905	45300	1.39588e-035
906	45350	1.39588e-035
907	45400	1.38226e-035
908	45450	1.38226e-035
909	45500	1.0598e-035
910	45550	1.0598e-035
911	45600	1.0598e-035
912	45650	1.0598e-035
913	45700	8.05348e-036
914	45750	4.67442e-036
915	45800	4.67442e-036
916	45850	4.67442e-036
917	45900	4.67442e-036
918	45950	4.67442e-036
919	46000	4.67442e-036
920	46050	4.23606e-036
921	46100	4.23606e-036
922	46150	4.23606e-036
923	46200	4.20397e-036
924	46250	3.85388e-036
925	46300	3.58876e-036
926	46350	2.37418e-036
927	46400	9.38066e-037
928	46450	8.12305e-037
929	46500	8.12305e-037
930	46550	8.04978e-037
931	46600	7.65153e-037
932	46650	7.65153e-037
933	46700	7.65153e-037
934	46750	7.65153e-037
935	46800	7.65153e-037
936	46850	7.65153e-037
937	46900	6.79568e-037
938	46950	6.79568e-037
939	47000	6.79568e-037
940	47050	6.79568e-037
941	47100	4.91264e-037
942	47150	4.91264e-037
943	47200	4.91264e-037
944	47250	4.91264e-037
945	47300	4.91264e-037
946	47350	4.76879e-037
947	47400	4.25275e-037
948	47450	3.78722e-037
949	47500	2.53183e-037
950	47550	2.32435e-037
951	47600	2.32435e-037
952	47650	2.32435e-037
953	47700	2.10961e-037
954	47750	1.42163e-037
955	47800	1.42163e-037
956	47850	1.42163e-037
957	47900	1.42163e-037
958	47950	8.81546e-038
959	48000	8.81546e-038
960	48050	8.81546e-038
961	48100	8.81546e-038
962	48150	5.93548e-038
963	48200	3.90296e-038
964	48250	3.90296e-038
965	48300	3.90296e-038
966	48350	3.90296e-038
967	48400	2.97997e-038
968	48450	2.97997e-038
969	48500	2.97997e-038
970	48550	2.97997e-038
971	48600	2.97997e-038
972	48650	2.97997e-038
973	48700	2.97997e-038
974	48750	2.97997e-038
975	48800	2.97997e-038
976	48850	2.33278e-038
977	48900	8.45651e-039
978	48950	8.45651e-039
979	49000	8.45651e-039
980	49050	8.45651e-039
981	49100	8.45651e-039
982	49150	8.45651e-039
983	49200	6.23171e-039
984	49250	6.23171e-039
985	49300	6.23171e-039
986	49350	6.23171e-039
987	49400	6.23171e-039
988	49450	6.23171e-039
989	49500	5.9493e-039
990	49550	5.9493e-039
991	49600	3.73165e-039
992	49650	3.73165e-039
993	49700	3.73165e-039
994	49750	3.50519e-039
995	49800	3.50519e-039
996	49850	2.41144e-039
997	49900	2.41144e-039
998	49950	2.41144e-039
999	50000	2.41144e-039
1000	50050	2.41144e-039
1001	50100	2.41144e-039
1002	50150	2.26097e-039
1003	50200	2.26097e-039
1004	50250	1.99992e-039
1005	50300	1.658e-039
1006	50350	1.61539e-039
1007	50400	7.63534e-040
1008	50450	7.63534e-040
1009	50500	6.89564e-040
1010	50550	4.6511e-040
1011	50600	4.6511e-040
1012	50650	4.6511e-040
1013	50700	4.6511e-040
1014	50750	4.6511e-040
1015	50800	2.52386e-040
1016	50850	2.52386e-040
1017	50900	2.52386e-040
1018	50950	2.52386e-040
1019	51000	2.44786e-040
1020	51050	2.44786e-040
1021	51100	2.44786e-040
1022	51150	2.44786e-040
1023	51200	2.44786e-040
1024	51250	1.77925e-040
1025	51300	1.77925e-040
1026	51350	1.27238e-040
1027	51400	1.27238e-040
1028	51450	1.27238e-040
1029	51500	1.27238e-040
1030	51550	1.27238e-040
1031	51600	1.27238e-040
1032	51650	1.27238e-040
1033	51700	1.05709e-040
1034	51750	8.65621e-041
1035	51800	3.05681e-041
1036	51850	3.05681e-041
1037	51900	3.05681e-041
1038	51950	3.05681e-041
1039	52000	3.05681e-041
1040	52050	3.05681e-041
1041	52100	3.05681e-041
1042	52150	3.05681e-041
1043	52200	3.05681e-041
1044	52250	3.05681e-041
1045	52300	2.81486e-041
1046	52350	2.81486e-041
1047	52400	2.55642e-041
1048	52450	2.55642e-041
1049	52500	2.55642e-041
1050	52550	1.78224e-041
1051	52600	1.78224e-041
1052	52650	1.68791e-041
1053	52700	1.68791e-041
1054	52750	9.63447e-042
1055	52800	9.63447e-042
1056	52850	9.63447e-042
1057	52900	9.63447e-042
1058	52950	9.63447e-042
1059	53000	9.63447e-042
1060	53050	9.63447e-042
1061	53100	9.63447e-042
1062	53150	8.53859e-042
1063	53200	8.14004e-042
1064	53250	8.14004e-042
1065	53300	3.11758e-042
1066	53350	3.11758e-042
1067	53400	3.11758e-042
1068	53450	3.11758e-042
1069	53500	3.11758e-042
1070	53550	3.11758e-042
1071	53600	2.94097e-042
1072	53650	2.93856e-042
1073	53700	2.93856e-042
1074	53750	2.93856e-042
1075	53800	1.3679e-042
1076	53850	1.3679e-042
1077	53900	1.3679e-042
1078	53950	1.3679e-042
1079	54000	1.3679e-042
1080	54050	1.3679e-042
1081	54100	9.23649e-043
1082	54150	8.7079e-043
1083	54200	8.66042e-043
1084	54250	5.64e-043
1085	54300	3.55909e-043
1086	54350	3.55909e-043
1087	54400	3.36845e-043
1088	54450	3.36845e-043
1089	54500	3.1519e-043
1090	54550	3.1519e-043
1091	54600	2.38711e-043
1092	54650	1.91075e-043
1093	54700	1.91075e-043
1094	54750	1.91075e-043
1095	54800	1.91075e-043
1096	54850	1.294e-043
1097	54900	1.294e-043
1098	54950	1.294e-043
1099	55000	1.22748e-043
1100	55050	1.22748e-043
1101	55100	1.22748e-043
1102	55150	1.21794e-043
1103	55200	1.21794e-043
1104	55250	1.21794e-043
1105	55300	1.21794e-043
1106	55350	1.21794e-043
1107	55400	1.21794e-043
1108	55450	1.08988e-043
1109	55500	5.56665e-044
1110	55550	4.53177e-044
1111	55600	3.85074e-044
1112	55650	3.85074e-044
1113	55700	3.85074e-044
1114	55750	3.80321e-044
1115	55800	3.80321e-044
1116	55850	3.72074e-044
1117	55900	2.83411e-044
1118	55950	2.83411e-044
1119	56000	2.83411e-044
1120	56050	2.83411e-044
1121	56100	2.36182e-044
1122	56150	1.69339e-044
1123	56200	1.69339e-044
1124	56250	1.68062e-044
1125	56300	1.17071e-044
1126	56350	1.17071e-044
1127	56400	1.16557e-044
1128	56450	1.16557e-044
1129	56500	6.4759e-045
1130	56550	5.60352e-045
1131	56600	5.60352e-045
1132	56650	5.03669e-045
1133	56700	5.03669e-045
1134	56750	4.65201e-045
1135	56800	4.63168e-045
1136	56850	4.63168e-045
1137	56900	4.63168e-045
1138	56950	3.30462e-045
1139	57000	3.30462e-045
1140	57050	2.97611e-045
1141	57100	1.98747e-045
1142	57150	1.98747e-045
1143	57200	1.98747e-045
1144	57250	1.98737e-045
1145	57300	1.75504e-045
1146	57350	1.75504e-045
1147	57400	1.75504e-045
1148	57450	1.75504e-045
1149	57500	1.75504e-045
1150	57550	1.42708e-045
1151	57600	1.4007e-045
1152	57650	1.4007e-045
1153	57700	1.30028e-045
1154	57750	1.29563e-045
1155	57800	1.29563e-045
1156	57850	1.27843e-045
1157	57900	1.21003e-045
1158	57950	7.81541e-046
1159	58000	7.77286e-046
1160	58050	7.77286e-046
1161	58100	7.07386e-046
1162	58150	7.07386e-046
1163	58200	6.35184e-046
1164	58250	5.30091e-046
1165	58300	4.68589e-046
1166	58350	3.74583e-046
1167	58400	2.57141e-046
1168	58450	2.57141e-046
1169	58500	2.13059e-046
1170	58550	1.62639e-046
1171	58600	1.62639e-046
1172	58650	1.16438e-046
1173	58700	1.16438e-046
1174	58750	1.16438e-046
1175	58800	9.40408e-047
1176	58850	9.40408e-047
1177	58900	7.91495e-047
1178	58950	7.91495e-047
1179	59000	6.03122e-047
1180	59050	6.03122e-047
1181	59100	6.03122e-047
1182	59150	4.85037e-047
1183	59200	4.85037e-047
1184	59250	4.85037e-047
1185	59300	4.85037e-047
1186	59350	4.85037e-047
1187	59400	4.08305e-047
1188	59450	4.08305e-047
1189	59500	4.08305e-047
1190	59550	4.08305e-047
1191	59600	4.08305e-047
1192	59650	2.35428e-047
1193	59700	2.35428e-047
1194	59750	2.35428e-047
1195	59800	2.35428e-047
1196	59850	2.35428e-047
1197	59900	1.99771e-047
1198	59950	1.99073e-047
1199	60000	1.99073e-047
1200	60050	1.43314e-047
1201	60100	1.176e-047
1202	60150	1.176e-047
1203	60200	1.176e-047
1204	60250	1.176e-047
1205	60300	1.16594e-047
1206	60350	1.16594e-047
1207	60400	4.74898e-048
1208	60450	4.74898e-048
1209	60500	4.74898e-048
1210	60550	4.42563e-048
1211	60600	4.42563e-048
1212	60650	4.09359e-048
1213	60700	4.09359e-048
1214	60750	4.09359e-048
1215	60800	4.09359e-048
1216	60850	3.69386e-048
1217	60900	3.20347e-048
1218	60950	3.20347e-048
1219	61000	2.73583e-048
1220	61050	2.67734e-048
1221	61100	2.67734e-048
1222	61150	1.82666e-048
1223	61200	1.42755e-048
1224	61250	1.42755e-048
1225	61300	1.42755e-048
1226	61350	1.42755e-048
1227	61400	1.15374e-048
1228	61450	1.15374e-048
1229	61500	1.11181e-048
1230	61550	1.11181e-048
1231	61600	9.87911e-049
1232	61650	3.577e-049
1233	61700	3.577e-049
1234	61750	3.577e-049
1235	61800	3.14173e-049
1236	61850	3.14173e-049
1237	61900	3.14173e-049
1238	61950	3.14173e-049
1239	62000	3.14173e-049
1240	62050	3.14173e-049
1241	62100	2.82092e-049
1242	62150	2.82092e-049
1243	62200	2.82092e-049
1244	62250	2.7304e-049
1245	62300	2.14654e-049
1246	62350	1.35531e-049
1247	62400	1.35531e-049
1248	62450	1.35531e-049
1249	62500	1.35531e-049
1250	62550	1.35531e-049
1251	62600	9.46432e-050
1252	62650	8.01172e-050
1253	62700	8.01172e-050
1254	62750	7.45182e-050
1255	62800	7.45182e-050
1256	62850	7.14328e-050
1257	62900	5.01231e-050
1258	62950	5.01231e-050
1259	63000	5.01231e-050
1260	63050	5.01231e-050
1261	63100	5.01231e-050
1262	63150	4.75093e-050
1263	63200	4.30697e-050
1264	63250	3.76071e-050
1265	63300	3.45165e-050
1266	63350	3.42317e-050
1267	63400	3.42317e-050
1268	63450	2.27044e-050
1269	63500	2.27044e-050
1270	63550	2.27044e-050
1271	63600	2.27044e-050
1272	63650	1.90943e-050
1273	63700	1.11186e-050
1274	63750	1.11186e-050
1275	63800	9.87501e-051
1276	63850	9.87501e-051
1277	63900	9.87501e-051
1278	63950	9.48301e-051
1279	64000	9.48301e-051
1280	64050	5.03859e-051
1281	64100	5.03859e-051
1282	64150	5.03859e-051
1283	64200	5.03859e-051
1284	64250	5.03859e-051
1285	64300	5.03859e-051
1286	64350	5.03859e-051
1287	64400	5.03859e-051
1288	64450	3.56404e-051
1289	64500	3.56404e-051
1290	64550	3.56404e-051
1291	64600	3.56404e-051
1292	64650	3.56404e-051
1293	64700	3.00483e-051
1294	64750	2.65007e-051
1295	64800	2.16503e-051
1296	64850	1.77546e-051
1297	64900	1.77546e-051
1298	64950	1.69671e-051
1299	65000	1.45231e-051
1300	65050	1.33061e-051
1301	65100	1.33061e-051
1302	65150	9.04587e-052
1303	65200	7.62863e-052
1304	65250	7.62863e-052
1305	65300	7.62863e-052
1306	65350	5.17697e-052
1307	65400	4.94695e-052
1308	65450	4.94695e-052
1309	65500	4.44138e-052
1310	65550	4.44138e-052
1311	65600	3.58617e-052
1312	65650	3.44474e-052
1313	65700	3.42839e-052
1314	65750	3.42839e-052
1315	65800	3.42839e-052
1316	65850	2.69875e-052
1317	65900	1.28732e-052
1318	65950	1.28732e-052
1319	66000	1.24152e-052
1320	66050	1.24152e-052
1321	66100	1.24152e-052
1322	66150	1.18758e-052
1323	66200	1.18758e-052
1324	66250	9.08785e-053
1325	66300	9.08785e-053
1326	66350	7.71266e-053
1327	66400	3.50812e-053
1328	66450	3.50812e-053
1329	66500	3.50812e-053
1330	66550	3.50812e-053
1331	66600	3.48156e-053
1332	66650	2.74595e-053
1333	66700	2.74595e-053
1334	66750	2.74595e-053
1335	66800	2.74595e-053
1336	66850	2.71677e-053
1337	66900	2.71677e-053
1338	66950	2.71677e-053
1339	67000	2.57223e-053
1340	67050	2.57223e-053
1341	67100	2.57223e-053
1342	67150	1.26699e-053
1343	67200	1.26699e-053
1344	67250	1.26699e-053
1345	67300	1.02768e-053
1346	67350	1.02716e-053
1347	67400	7.6883e-054
1348	67450	7.6883e-054
1349	67500	7.6883e-054
1350	67550	7.6883e-054
1351	67600	7.6883e-054
1352	67650	6.73249e-054
1353	67700	6.73249e-054
1354	67750	6.73249e-054
1355	67800	6.73249e-054
1356	67850	6.73249e-054
1357	67900	6.73249e-054
1358	67950	6.72877e-054
1359	68000	5.52233e-054
1360	68050	5.52233e-054
1361	68100	3.80752e-054
1362	68150	3.29217e-054
1363	68200	3.01913e-054
1364	68250	3.01913e-054
1365	68300	3.01913e-054
1366	68350	1.74972e-054
1367	68400	1.74972e-054
1368	68450	1.74972e-054
1369	68500	1.74972e-054
1370	68550	1.73021e-054
1371	68600	1.73021e-054
1372	68650	1.73021e-054
1373	68700	1.73021e-054
1374	68750	1.73021e-054
1375	68800	1.68421e-054
1376	68850	1.68421e-054
1377	68900	4.73089e-055
1378	68950	4.73089e-055
1379	69000	4.73089e-055
1380	69050	4.73089e-055
1381	69100	4.59133e-055
1382	69150	4.59133e-055
1383	69200	2.58635e-055
1384	69250	2.58635e-055
1385	69300	2.58635e-055
1386	69350	2.58635e-055
1387	69400	2.31001e-055
1388	69450	1.75034e-055
1389	69500	1.75034e-055
1390	69550	1.75034e-055
1391	69600	1.75034e-055
1392	69650	1.75034e-055
1393	69700	1.64308e-055
1394	69750	1.41993e-055
1395	69800	1.37282e-055
1396	69850	1.25002e-055
1397	69900	1.25002e-055
1398	69950	1.25002e-055
1399	70000	1.10284e-055
1400	70050	6.81941e-056
1401	70100	6.38355e-056
1402	70150	6.38355e-056
1403	70200	3.69462e-056
1404	70250	3.69462e-056
1405	70300	3.69462e-056
1406	70350	3.28213e-056
1407	70400	3.28213e-056
1408	70450	3.28213e-056
1409	70500	3.28213e-056
1410	70550	3.19162e-056
1411	70600	2.69158e-056
1412	70650	2.69158e-056
1413	70700	2.32189e-056
1414	70750	2.32189e-056
1415	70800	1.59295e-056
1416	70850	1.59295e-056
1417	70900	1.59295e-056
1418	70950	1.59295e-056
1419	71000	1.37737e-056
1420	71050	1.18889e-056
1421	71100	8.15902e-057
1422	71150	8.15902e-057
1423	71200	8.15902e-057
1424	71250	6.86632e-057
1425	71300	6.86632e-057
1426	71350	6.86632e-057
1427	71400	6.03752e-057
1428	71450	2.67607e-057
1429	71500	2.36134e-057
1430	71550	2.19055e-057
1431	71600	1.86113e-057
1432	71650	1.86113e-057
1433	71700	1.86113e-057
1434	71750	1.83634e-057
1435	71800	1.83634e-057
1436	71850	1.83634e-057
1437	71900	1.83634e-057
1438	71950	1.83634e-057
1439	72000	1.77574e-057
1440	72050	1.17668e-057
1441	72100	1.17668e-057
1442	72150	1.17668e-057
1443	72200	1.17668e-057
1444	72250	1.11442e-057
1445	72300	1.11442e-057
1446	72350	8.36996e-058
1447	72400	8.32301e-058
1448	72450	8.32301e-058
1449	72500	8.32301e-058
1450	72550	5.69563e-058
1451	72600	4.3556e-058
1452	72650	4.3556e-058
1453	72700	3.10827e-058
1454	72750	3.10827e-058
1455	72800	2.68817e-058
1456	72850	2.68817e-058
1457	72900	2.68817e-058
1458	72950	2.34233e-058
1459	73000	2.34233e-058
1460	73050	2.34233e-058
1461	73100	9.27362e-059
1462	73150	9.27362e-059
1463	73200	9.27362e-059
1464	73250	9.27362e-059
1465	73300	9.27362e-059
1466	73350	9.27362e-059
1467	73400	9.27362e-059
1468	73450	9.27362e-059
1469	73500	8.68077e-059
1470	73550	8.68077e-059
1471	73600	7.56266e-059
1472	73650	7.51935e-059
1473	73700	6.23941e-059
1474	73750	6.23941e-059
1475	73800	6.23941e-059
1476	73850	6.17747e-059
1477	73900	3.78681e-059
1478	73950	3.78681e-059
1479	74000	3.51447e-059
1480	74050	2.66873e-059
1481	74100	2.66873e-059
1482	74150	2.66873e-059
1483	74200	2.66873e-059
1484	74250	2.66873e-059
1485	74300	2.65868e-059
1486	74350	2.65868e-059
1487	74400	2.65868e-059
1488	74450	1.82319e-059
1489	74500	1.22658e-059
1490	74550	1.22658e-059
1491	74600	1.22658e-059
1492	74650	7.92293e-060
1493	74700	7.92293e-060
1494	74750	7.92293e-060
1495	74800	7.92293e-060
1496	74850	7.77433e-060
1497	74900	5.87899e-060
1498	74950	5.87899e-060
1499	75000	5.87899e-060
1500	75050	5.3331e-060
1501	75100	5.3331e-060
1502	75150	4.75968e-060
1503	75200	4.75968e-060
1504	75250	4.75968e-060
1505	75300	2.79864e-060
1506	75350	2.79864e-060
1507	75400	2.79864e-060
1508	75450	2.79864e-060
1509	75500	2.79864e-060
1510	75550	2.79864e-060
1511	75600	2.50682e-060
1512	75650	2.39465e-060
1513	75700	1.26175e-060
1514	75750	1.26175e-060
1515	75800	1.26175e-060
1516	75850	1.26175e-060
1517	75900	1.26175e-060
1518	75950	1.26175e-060
1519	76000	1.03249e-060
1520	76050	8.24949e-061
1521	76100	6.99008e-061
1522	76150	6.99008e-061
1523	76200	4.51986e-061
1524	76250	4.41477e-061
1525	76300	4.41477e-061
1526	76350	2.75576e-061
1527	76400	2.75576e-061
1528	76450	2.75576e-061
1529	76500	2.75576e-061
1530	76550	2.29119e-061
1531	76600	2.29119e-061
1532	76650	2.29119e-061
1533	76700	2.29119e-061
1534	76750	2.29119e-061
1535	76800	2.29119e-061
1536	76850	2.28542e-061
1537	76900	1.9063e-061
1538	76950	1.9063e-061
1539	77000	1.69472e-061
1540	77050	9.76983e-062
1541	77100	8.11532e-062
1542	77150	8.11532e-062
1543	77200	8.11532e-062
1544	77250	6.83219e-062
1545	77300	6.83219e-062
1546	77350	6.83219e-062
1547	77400	6.76857e-062
1548	77450	6.76857e-062
1549	77500	6.76857e-062
1550	77550	6.76857e-062
1551	77600	6.76857e-062
1552	77650	5.09988e-062
1553	77700	4.20303e-062
1554	77750	4.05725e-062
1555	77800	4.05725e-062
1556	77850	2.76214e-062
1557	77900	2.76214e-062
1558	77950	2.47966e-062
1559	78000	2.47966e-062
1560	78050	1.80478e-062
1561	78100	1.79043e-062
1562	78150	1.35049e-062
1563	78200	1.33374e-062
1564	78250	1.30741e-062
1565	78300	1.30741e-062
1566	78350	1.30741e-062
1567	78400	1.18851e-062
1568	78450	1.02759e-062
1569	78500	9.05156e-063
1570	78550	8.73382e-063
1571	78600	8.3537e-063
1572	78650	6.37577e-063
1573	78700	6.10029e-063
1574	78750	6.10029e-063
1575	78800	5.00611e-063
1576	78850	4.93387e-063
1577	78900	3.28201e-063
1578	78950	2.60366e-063
1579	79000	2.60366e-063
1580	79050	2.60366e-063
1581	79100	2.07094e-063
1582	79150	2.07094e-063
1583	79200	2.07094e-063
1584	79250	2.07094e-063
1585	79300	2.07094e-063
1586	79350	2.07094e-063
1587	79400	1.45864e-063
1588	79450	1.45864e-063
1589	79500	9.6467e-064
1590	79550	9.6467e-064
1591	79600	9.6467e-064
1592	79650	9.6467e-064
1593	79700	8.50457e-064
1594	79750	6.61608e-064
1595	79800	6.59989e-064
1596	79850	6.59989e-064
1597	79900	4.55797e-064
1598	79950	4.24668e-064
1599	80000	4.24668e-064
1600	80050	3.79441e-064
1601	80100	2.77056e-064
1602	80150	2.73231e-064
1603	80200	2.73231e-064
1604	80250	2.73231e-064
1605	80300	2.73231e-064
1606	80350	2.73231e-064
1607	80400	2.73231e-064
1608	80450	2.01137e-064
1609	80500	2.01137e-064
1610	80550	1.74149e-064
1611	80600	1.74149e-064
1612	80650	1.38963e-064
1613	80700	1.12025e-064
1614	80750	1.12025e-064
1615	80800	1.12025e-064
1616	80850	1.12025e-064
1617	80900	1.12025e-064
1618	80950	1.12025e-064
1619	81000	1.12025e-064
1620	81050	1.06407e-064
1621	81100	6.80298e-065
1622	81150	5.4553e-065
1623	81200	5.4553e-065
1624	81250	5.4553e-065
1625	81300	5.01647e-065
1626	81350	5.01647e-065
1627	81400	4.49369e-065
1628	81450	4.39651e-065
1629	81500	3.01443e-065
1630	81550	3.01443e-065
1631	81600	3.01443e-065
1632	81650	2.91403e-065
1633	81700	2.71932e-065
1634	81750	2.71932e-065
1635	81800	2.71932e-065
1636	81850	2.56548e-065
1637	81900	2.56548e-065
1638	81950	2.20675e-065
1639	82000	2.20405e-065
1640	82050	1.08809e-065
1641	82100	1.08809e-065
1642	82150	8.66705e-066
1643	82200	8.66705e-066
1644	82250	8.66705e-066
1645	82300	8.66705e-066
1646	82350	6.58215e-066
1647	82400	6.58215e-066
1648	82450	6.58215e-066
1649	82500	6.58215e-066
1650	82550	6.58215e-066
1651	82600	4.36525e-066
1652	82650	4.36525e-066
1653	82700	3.4112e-066
1654	82750	3.4112e-066
1655	82800	3.27746e-066
1656	82850	3.27746e-066
1657	82900	2.24367e-066
1658	82950	2.24367e-066
1659	83000	2.24367e-066
1660	83050	1.54405e-066
1661	83100	1.27105e-066
1662	83150	1.22299e-066
1663	83200	1.22299e-066
1664	83250	1.22299e-066
1665	83300	1.22299e-066
1666	83350	1.22299e-066
1667	83400	1.22299e-066
1668	83450	1.08485e-066
1669	83500	9.90308e-067
1670	83550	3.67806e-067
1671	83600	3.67806e-067
1672	83650	3.67806e-067
1673	83700	2.66999e-067
1674	83750	2.66999e-067
1675	83800	2.66999e-067
1676	83850	2.66999e-067
1677	83900	1.50903e-067
1678	83950	1.50903e-067
1679	84000	1.50903e-067
1680	84050	1.50903e-067
1681	84100	1.50903e-067
1682	84150	1.50903e-067
1683	84200	1.50903e-067
1684	84250	1.50903e-067
1685	84300	9.87382e-068
1686	84350	9.87382e-068
1687	84400	8.35053e-068
1688	84450	8.35053e-068
1689	84500	8.35053e-068
1690	84550	8.33822e-068
1691	84600	8.33822e-068
1692	84650	8.33822e-068
1693	84700	8.33822e-068
1694	84750	7.15232e-068
1695	84800	6.71057e-068
1696	84850	6.71057e-068
1697	84900	3.77898e-068
1698	84950	3.77898e-068
1699	85000	3.77898e-068
1700	85050	3.37872e-068
1701	85100	3.37872e-068
1702	85150	3.13325e-068
1703	85200	3.13325e-068
1704	85250	3.13325e-068
1705	85300	1.11484e-068
1706	85350	1.09155e-068
1707	85400	1.09155e-068
1708	85450	1.09155e-068
1709	85500	1.09155e-068
1710	85550	1.06648e-068
1711	85600	6.74823e-069
1712	85650	6.74823e-069
1713	85700	6.40685e-069
1714	85750	5.73312e-069
1715	85800	5.73312e-069
1716	85850	5.73312e-069
1717	85900	5.73312e-069
1718	85950	5.6068e-069
1719	86000	2.28068e-069
1720	86050	2.28068e-069
1721	86100	2.28068e-069
1722	86150	2.28068e-069
1723	86200	2.28068e-069
1724	86250	2.28068e-069
1725	86300	2.28068e-069
1726	86350	2.28068e-069
1727	86400	2.28068e-069
1728	86450	2.28068e-069
1729	86500	2.28068e-069
1730	86550	2.22283e-069
1731	86600	2.16405e-069
1732	86650	1.08625e-069
1733	86700	1.08625e-069
1734	86750	1.03562e-069
1735	86800	1.00139e-069
1736	86850	7.56322e-070
1737	86900	7.56322e-070
1738	86950	7.5099e-070
1739	87000	7.5099e-070
1740	87050	5.38365e-070
1741	87100	5.38365e-070
1742	87150	5.38365e-070
1743	87200	4.50352e-070
1744	87250	4.26305e-070
1745	87300	4.26305e-070
1746	87350	2.75725e-070
1747	87400	2.75725e-070
1748	87450	2.75725e-070
1749	87500	2.75725e-070
1750	87550	1.78045e-070
1751	87600	7.94805e-071
1752	87650	7.94805e-071
1753	87700	7.94805e-071
1754	87750	7.94805e-071
1755	87800	7.94805e-071
1756	87850	7.94805e-071
1757	87900	7.94805e-071
1758	87950	7.94805e-071
1759	88000	7.94805e-071
1760	88050	7.94805e-071
1761	88100	7.94805e-071
1762	88150	3.87621e-071
1763	88200	2.20969e-071
1764	88250	2.20969e-071
1765	88300	2.20969e-071
1766	88350	2.20969e-071
1767	88400	2.16723e-071
1768	88450	2.16723e-071
1769	88500	2.16723e-071
1770	88550	2.16723e-071
1771	88600	2.16723e-071
1772	88650	2.03489e-071
1773	88700	2.03489e-071
1774	88750	1.84858e-071
1775	88800	1.39582e-071
1776	88850	1.39582e-071
1777	88900	1.39582e-071
1778	88950	8.85914e-072
1779	89000	8.85914e-072
1780	89050	8.85914e-072
1781	89100	8.85914e-072
1782	89150	8.85914e-072
1783	89200	8.64269e-072
1784	89250	8.64269e-072
1785	89300	8.64269e-072
1786	89350	8.2336e-072
1787	89400	7.10142e-072
1788	89450	4.89881e-072
1789	89500	4.89881e-072
1790	89550	4.89881e-072
1791	89600	3.56567e-072
1792	89650	3.56567e-072
1793	89700	3.20582e-072
1794	89750	3.20582e-072
1795	89800	1.99253e-072
1796	89850	1.94113e-072
1797	89900	1.70991e-072
1798	89950	1.70991e-072
1799	90000	1.1283e-072
1800	90050	1.1283e-072
1801	90100	1.1283e-072
1802	90150	1.1283e-072
1803	90200	1.1283e-072
1804	90250	9.98715e-073
1805	90300	9.98715e-073
1806	90350	9.98715e-073
1807	90400	9.63214e-073
1808	90450	9.4469e-073
1809	90500	9.4469e-073
1810	90550	8.87789e-073
1811	90600	7.26202e-073
1812	90650	5.08842e-073
1813	90700	4.77429e-073
1814	90750	4.77429e-073
1815	90800	4.559e-073
1816	90850	4.559e-073
1817	90900	4.559e-073
1818	90950	4.559e-073
1819	91000	3.65452e-073
1820	91050	3.65452e-073
1821	91100	1.5235e-073
1822	91150	1.51667e-073
1823	91200	1.51667e-073
1824	91250	1.51667e-073
1825	91300	1.51667e-073
1826	91350	1.51667e-073
1827	91400	1.51667e-073
1828	91450	1.51667e-073
1829	91500	1.51667e-073
1830	91550	1.4103e-073
1831	91600	1.12596e-073
1832	91650	9.55422e-074
1833	91700	9.37117e-074
1834	91750	9.37117e-074
1835	91800	9.37117e-074
1836	91850	8.38529e-074
1837	91900	8.38529e-074
1838	91950	8.38529e-074
1839	92000	4.55631e-074
1840	92050	3.80709e-074
1841	92100	3.34943e-074
1842	92150	3.2712e-074
1843	92200	2.52039e-074
1844	92250	2.52039e-074
1845	92300	2.52039e-074
1846	92350	2.52039e-074
1847	92400	2.08082e-074
1848	92450	2.06856e-074
1849	92500	1.57222e-074
1850	92550	1.49189e-074
1851	92600	1.49189e-074
1852	92650	1.49189e-074
1853	92700	8.01222e-075
1854	92750	7.81701e-075
1855	92800	7.81701e-075
1856	92850	7.81701e-075
1857	92900	7.81701e-075
1858	92950	7.81701e-075
1859	93000	5.52013e-075
1860	93050	5.52013e-075
1861	93100	5.16746e-075
1862	93150	2.4523e-075
1863	93200	2.4523e-075
1864	93250	2.4523e-075
1865	93300	2.4523e-075
1866	93350	2.4523e-075
1867	93400	2.40191e-075
1868	93450	2.30714e-075
1869	93500	2.26522e-075
1870	93550	2.23023e-075
1871	93600	2.07954e-075
1872	93650	1.03231e-075
1873	93700	1.03231e-075
1874	93750	1.03231e-075
1875	93800	1.01935e-075
1876	93850	7.92859e-076
1877	93900	7.92859e-076
1878	93950	6.09965e-076
1879	94000	6.09965e-076
1880	94050	6.09965e-076
1881	94100	6.06388e-076
1882	94150	6.06388e-076
1883	94200	4.70841e-076
1884	94250	4.09643e-076
1885	94300	4.09643e-076
1886	94350	4.09643e-076
1887	94400	3.25947e-076
1888	94450	3.25947e-076
1889	94500	3.25947e-076
1890	94550	3.21932e-076
1891	94600	3.21932e-076
1892	94650	2.92906e-076
1893	94700	2.92906e-076
1894	94750	1.8098e-076
1895	94800	1.8098e-076
1896	94850	1.39001e-076
1897	94900	1.39001e-076
1898	94950	1.39001e-076
1899	95000	1.31768e-076
1900	95050	1.31768e-076
1901	95100	9.56425e-077
1902	95150	6.9449e-077
1903	95200	6.9449e-077
1904	95250	6.42384e-077
1905	95300	5.51632e-077
1906	95350	5.42966e-077
1907	95400	5.42966e-077
1908	95450	5.42966e-077
1909	95500	5.42966e-077
1910	95550	4.94751e-077
1911	95600	4.58409e-077
1912	95650	4.58409e-077
1913	95700	4.58409e-077
1914	95750	4.47455e-077
1915	95800	4.47455e-077
1916	95850	4.4109e-077
1917	95900	3.62242e-077
1918	95950	3.62242e-077
1919	96000	2.49835e-077
1920	96050	2.00586e-077
1921	96100	1.98082e-077
1922	96150	1.98082e-077
1923	96200	1.98082e-077
1924	96250	1.98082e-077
1925	96300	1.90307e-077
1926	96350	1.82649e-077
1927	96400	1.82649e-077
1928	96450	1.82649e-077
1929	96500	1.82649e-077
1930	96550	1.769e-077
1931	96600	1.50018e-077
1932	96650	1.17152e-077
1933	96700	1.01627e-077
1934	96750	9.99166e-078
1935	96800	9.4544e-078
1936	96850	7.14203e-078
1937	96900	7.14203e-078
1938	96950	7.14203e-078
1939	97000	2.87995e-078
1940	97050	2.87995e-078
1941	97100	2.87995e-078
1942	97150	2.41208e-078
1943	97200	2.41208e-078
1944	97250	2.41208e-078
1945	97300	2.41208e-078
1946	97350	1.5141e-078
1947	97400	1.5141e-078
1948	97450	1.5141e-078
1949	97500	1.5141e-078
1950	97550	1.46687e-078
1951	97600	1.14669e-078
1952	97650	1.11656e-078
1953	97700	8.10755e-079
1954	97750	6.1329e-079
1955	97800	6.1329e-079
1956	97850	5.99485e-079
1957	97900	5.99485e-079
1958	97950	5.81253e-079
1959	98000	5.70509e-079
1960	98050	5.70509e-079
1961	98100	5.45366e-079
1962	98150	3.14581e-079
1963	98200	3.14581e-079
1964	98250	3.14581e-079
1965	98300	2.75198e-079
1966	98350	2.64049e-079
1967	98400	2.64049e-079
1968	98450	2.64049e-079
1969	98500	2.5719e-079
1970	98550	2.5719e-079
1971	98600	1.64383e-079
1972	98650	1.64383e-079
1973	98700	1.64383e-079
1974	98750	1.64383e-079
1975	98800	1.01511e-079
1976	98850	1.01511e-079
1977	98900	1.01511e-079
1978	98950	1.01103e-079
1979	99000	8.90739e-080
1980	99050	8.04161e-080
1981	99100	7.55858e-080
1982	99150	5.55466e-080
1983	99200	2.01118e-080
1984	99250	2.01118e-080
1985	99300	2.01118e-080
1986	99350	2.01118e-080
1987	99400	2.01118e-080
1988	99450	2.01118e-080
1989	99500	2.01118e-080
1990	99550	2.01118e-080
1991	99600	1.68087e-080
1992	99650	1.68087e-080
1993	99700	1.68087e-080
1994	99750	1.23863e-080
1995	99800	1.21115e-080
1996	99850	1.21115e-080
1997	99900	1.20141e-080
1998	99950	1.20141e-080
1999	100000	1.20141e-080
2000	100050	1.20141e-080
