1	100	489.635
2	150	347.471
3	200	347.471
4	250	347.471
5	300	347.471
6	350	337.255
7	400	325.983
8	450	286.685
9	500	286.685
10	550	112.416
11	600	112.416
12	650	112.416
13	700	112.416
14	750	112.416
15	800	112.416
16	850	112.416
17	900	98.7759
18	950	98.7759
19	1000	60.2693
20	1050	60.2693
21	1100	43.4313
22	1150	43.4313
23	1200	43.4313
24	1250	43.4313
25	1300	43.4313
26	1350	43.4313
27	1400	43.4313
28	1450	43.4313
29	1500	22.7568
30	1550	21.6541
31	1600	21.6541
32	1650	21.6541
33	1700	16.372
34	1750	13.3049
35	1800	10.5484
36	1850	10.0943
37	1900	8.26832
38	1950	8.26832
39	2000	8.26832
40	2050	8.26832
41	2100	8.26832
42	2150	8.26832
43	2200	8.26832
44	2250	6.61748
45	2300	6.61748
46	2350	6.61748
47	2400	6.61748
48	2450	4.06815
49	2500	4.06815
50	2550	4.06815
51	2600	3.47289
52	2650	3.38598
53	2700	2.4268
54	2750	1.76903
55	2800	1.29862
56	2850	1.29862
57	2900	1.29862
58	2950	1.29862
59	3000	1.29862
60	3050	1.29862
61	3100	1.29862
62	3150	1.1829
63	3200	1.1829
64	3250	1.16449
65	3300	0.940874
66	3350	0.940874
67	3400	0.787048
68	3450	0.787048
69	3500	0.60533
70	3550	0.60533
71	3600	0.60533
72	3650	0.59228
73	3700	0.563199
74	3750	0.319173
75	3800	0.319173
76	3850	0.319164
77	3900	0.319164
78	3950	0.292309
79	4000	0.137185
80	4050	0.137185
81	4100	0.137185
82	4150	0.137185
83	4200	0.137185
84	4250	0.137185
85	4300	0.137185
86	4350	0.137185
87	4400	0.137185
88	4450	0.10124
89	4500	0.10124
90	4550	0.10124
91	4600	0.10124
92	4650	0.10124
93	4700	0.10124
94	4750	0.10124
95	4800	0.0580154
96	4850	0.0580154
97	4900	0.0338903
98	4950	0.0338903
99	5000	0.0338903
100	5050	0.0284007
101	5100	0.0284007
102	5150	0.0284007
103	5200	0.0277107
104	5250	0.0184844
105	5300	0.0179708
106	5350	0.0175896
107	5400	0.0175896
108	5450	0.0170646
109	5500	0.0161196
110	5550	0.00763597
111	5600	0.00763597
112	5650	0.00763597
113	5700	0.00763597
114	5750	0.00763597
115	5800	0.00763597
116	5850	0.00629941
117	5900	0.00629941
118	5950	0.00629941
119	6000	0.00408782
120	6050	0.00344018
121	6100	0.00344018
122	6150	0.00344018
123	6200	0.00344018
124	6250	0.00344018
125	6300	0.00344018
126	6350	0.00318786
127	6400	0.00318786
128	6450	0.0029889
129	6500	0.00121608
130	6550	0.00121608
131	6600	0.00121608
132	6650	0.00121608
133	6700	0.00121608
134	6750	0.00121608
135	6800	0.00121608
136	6850	0.00121608
137	6900	0.00121608
138	6950	0.00115962
139	7000	0.000839464
140	7050	0.000554912
141	7100	0.000554912
142	7150	0.000554912
143	7200	0.000554912
144	7250	0.000439608
145	7300	0.000439608
146	7350	0.00025494
147	7400	0.000219281
148	7450	0.000219281
149	7500	0.000219281
150	7550	0.000219281
151	7600	0.000217189
152	7650	0.000217189
153	7700	0.000217189
154	7750	0.000217189
155	7800	0.000181031
156	7850	0.000144103
157	7900	0.000144103
158	7950	0.000144103
159	8000	8.75722e-005
160	8050	8.75722e-005
161	8100	8.75722e-005
162	8150	8.75722e-005
163	8200	8.51847e-005
164	8250	8.51847e-005
165	8300	6.75167e-005
166	8350	6.75167e-005
167	8400	6.08007e-005
168	8450	5.95445e-005
169	8500	5.95445e-005
170	8550	2.09603e-005
171	8600	2.09603e-005
172	8650	2.09603e-005
173	8700	2.09603e-005
174	8750	1.92112e-005
175	8800	1.92112e-005
176	8850	1.92112e-005
177	8900	1.92112e-005
178	8950	1.86879e-005
179	9000	1.6305e-005
180	9050	1.6305e-005
181	9100	1.6305e-005
182	9150	1.6305e-005
183	9200	1.6305e-005
184	9250	1.6305e-005
185	9300	1.17994e-005
186	9350	1.17994e-005
187	9400	9.37387e-006
188	9450	9.37387e-006
189	9500	9.37387e-006
190	9550	8.85038e-006
191	9600	7.40947e-006
192	9650	6.42277e-006
193	9700	6.42277e-006
194	9750	6.42277e-006
195	9800	3.44514e-006
196	9850	3.44514e-006
197	9900	3.44514e-006
198	9950	3.44514e-006
199	10000	3.20855e-006
200	10050	3.20855e-006
201	10100	2.28926e-006
202	10150	2.28926e-006
203	10200	2.09522e-006
204	10250	1.42414e-006
205	10300	1.3295e-006
206	10350	1.3295e-006
207	10400	1.24092e-006
208	10450	8.20026e-007
209	10500	7.09536e-007
210	10550	7.09536e-007
211	10600	7.09536e-007
212	10650	7.09536e-007
213	10700	7.09536e-007
214	10750	7.09536e-007
215	10800	7.09536e-007
216	10850	6.61363e-007
217	10900	6.59613e-007
218	10950	5.00643e-007
219	11000	5.00643e-007
220	11050	5.00643e-007
221	11100	2.30061e-007
222	11150	2.30061e-007
223	11200	2.14833e-007
224	11250	2.14833e-007
225	11300	2.14833e-007
226	11350	2.14833e-007
227	11400	2.14833e-007
228	11450	1.8428e-007
229	11500	1.30224e-007
230	11550	1.30224e-007
231	11600	1.30224e-007
232	11650	1.30224e-007
233	11700	1.30224e-007
234	11750	1.28537e-007
235	11800	1.06994e-007
236	11850	1.06994e-007
237	11900	1.06994e-007
238	11950	1.06994e-007
239	12000	7.1346e-008
240	12050	7.1346e-008
241	12100	7.1346e-008
242	12150	6.54744e-008
243	12200	6.4609e-008
244	12250	6.4609e-008
245	12300	6.4609e-008
246	12350	6.4609e-008
247	12400	5.07357e-008
248	12450	5.05672e-008
249	12500	5.05672e-008
250	12550	3.58394e-008
251	12600	3.58394e-008
252	12650	3.58394e-008
253	12700	3.43337e-008
254	12750	2.88526e-008
255	12800	2.88526e-008
256	12850	2.6213e-008
257	12900	2.6213e-008
258	12950	2.6213e-008
259	13000	2.44296e-008
260	13050	2.44296e-008
261	13100	1.31978e-008
262	13150	1.24699e-008
263	13200	1.24699e-008
264	13250	6.94167e-009
265	13300	6.94167e-009
266	13350	6.94167e-009
267	13400	6.94167e-009
268	13450	6.94167e-009
269	13500	6.94167e-009
270	13550	6.94167e-009
271	13600	5.49856e-009
272	13650	4.05557e-009
273	13700	4.05557e-009
274	13750	4.05557e-009
275	13800	4.05557e-009
276	13850	4.05557e-009
277	13900	4.05557e-009
278	13950	3.08756e-009
279	14000	2.38626e-009
280	14050	2.38626e-009
281	14100	2.13259e-009
282	14150	2.13259e-009
283	14200	1.98041e-009
284	14250	1.52064e-009
285	14300	1.00625e-009
286	14350	8.97462e-010
287	14400	8.97462e-010
288	14450	8.54599e-010
289	14500	8.54599e-010
290	14550	8.54599e-010
291	14600	8.54599e-010
292	14650	7.52903e-010
293	14700	7.52903e-010
294	14750	4.78682e-010
295	14800	4.78682e-010
296	14850	4.78682e-010
297	14900	4.55923e-010
298	14950	2.72587e-010
299	15000	2.72587e-010
300	15050	2.72587e-010
301	15100	2.72587e-010
302	15150	2.72245e-010
303	15200	2.72245e-010
304	15250	2.72245e-010
305	15300	2.61343e-010
306	15350	1.79309e-010
307	15400	1.79309e-010
308	15450	1.54087e-010
309	15500	1.15854e-010
310	15550	8.04449e-011
311	15600	8.04449e-011
312	15650	8.04449e-011
313	15700	6.93305e-011
314	15750	6.7617e-011
315	15800	6.7617e-011
316	15850	6.7617e-011
317	15900	4.48186e-011
318	15950	4.48186e-011
319	16000	4.48186e-011
320	16050	3.46076e-011
321	16100	3.46076e-011
322	16150	3.34613e-011
323	16200	3.29716e-011
324	16250	3.29716e-011
325	16300	2.79145e-011
326	16350	1.77843e-011
327	16400	1.77843e-011
328	16450	1.77843e-011
329	16500	1.61931e-011
330	16550	1.54568e-011
331	16600	1.54568e-011
332	16650	1.4168e-011
333	16700	1.41343e-011
334	16750	1.41343e-011
335	16800	1.36667e-011
336	16850	1.36667e-011
337	16900	1.15251e-011
338	16950	1.15251e-011
339	17000	1.15251e-011
340	17050	1.14407e-011
341	17100	1.05061e-011
342	17150	9.12832e-012
343	17200	8.59599e-012
344	17250	3.39253e-012
345	17300	3.39253e-012
346	17350	3.39253e-012
347	17400	3.39253e-012
348	17450	3.39253e-012
349	17500	3.39253e-012
350	17550	3.39253e-012
351	17600	3.37294e-012
352	17650	3.36935e-012
353	17700	3.36935e-012
354	17750	2.34704e-012
355	17800	2.34704e-012
356	17850	1.20242e-012
357	17900	1.20242e-012
358	17950	8.12862e-013
359	18000	8.12862e-013
360	18050	8.12862e-013
361	18100	5.54803e-013
362	18150	5.54803e-013
363	18200	5.54803e-013
364	18250	5.54803e-013
365	18300	5.54803e-013
366	18350	4.85218e-013
367	18400	4.85218e-013
368	18450	3.42978e-013
369	18500	3.42978e-013
370	18550	3.42978e-013
371	18600	3.42978e-013
372	18650	3.34788e-013
373	18700	3.34788e-013
374	18750	1.91904e-013
375	18800	1.91904e-013
376	18850	1.59469e-013
377	18900	1.28199e-013
378	18950	1.28199e-013
379	19000	1.28199e-013
380	19050	1.20514e-013
381	19100	1.20514e-013
382	19150	1.20514e-013
383	19200	6.09787e-014
384	19250	6.09787e-014
385	19300	6.09787e-014
386	19350	6.09787e-014
387	19400	6.09787e-014
388	19450	4.18279e-014
389	19500	4.18279e-014
390	19550	3.65436e-014
391	19600	3.28722e-014
392	19650	3.13131e-014
393	19700	3.13131e-014
394	19750	1.80068e-014
395	19800	1.80068e-014
396	19850	1.80068e-014
397	19900	1.80068e-014
398	19950	1.80068e-014
399	20000	1.63601e-014
400	20050	1.63601e-014
401	20100	1.40443e-014
402	20150	1.40443e-014
403	20200	1.40443e-014
404	20250	1.25507e-014
405	20300	8.73622e-015
406	20350	8.73622e-015
407	20400	8.73622e-015
408	20450	8.36163e-015
409	20500	8.36163e-015
410	20550	8.29056e-015
411	20600	8.29056e-015
412	20650	6.78534e-015
413	20700	5.97198e-015
414	20750	5.97198e-015
415	20800	5.97198e-015
416	20850	5.97198e-015
417	20900	5.5256e-015
418	20950	4.17967e-015
419	21000	4.17967e-015
420	21050	4.17967e-015
421	21100	2.9353e-015
422	21150	2.9353e-015
423	21200	2.44233e-015
424	21250	2.40151e-015
425	21300	1.47238e-015
426	21350	1.47238e-015
427	21400	1.26011e-015
428	21450	4.45116e-016
429	21500	4.45116e-016
430	21550	4.45116e-016
431	21600	4.45116e-016
432	21650	4.45116e-016
433	21700	4.45116e-016
434	21750	4.45116e-016
435	21800	2.70275e-016
436	21850	2.70275e-016
437	21900	2.70275e-016
438	21950	2.70275e-016
439	22000	2.69416e-016
440	22050	1.81138e-016
441	22100	1.81138e-016
442	22150	1.76141e-016
443	22200	1.76141e-016
444	22250	1.76141e-016
445	22300	1.76141e-016
446	22350	1.76141e-016
447	22400	1.71248e-016
448	22450	1.56565e-016
449	22500	1.56565e-016
450	22550	1.13737e-016
451	22600	1.13737e-016
452	22650	9.00102e-017
453	22700	8.23853e-017
454	22750	7.71354e-017
455	22800	6.47353e-017
456	22850	6.47353e-017
457	22900	6.47353e-017
458	22950	5.04893e-017
459	23000	5.04893e-017
460	23050	3.46622e-017
461	23100	3.46622e-017
462	23150	3.46622e-017
463	23200	3.46622e-017
464	23250	2.68186e-017
465	23300	2.46166e-017
466	23350	2.46166e-017
467	23400	2.1264e-017
468	23450	2.1264e-017
469	23500	1.08908e-017
470	23550	1.0822e-017
471	23600	1.0822e-017
472	23650	1.0822e-017
473	23700	1.0822e-017
474	23750	1.0822e-017
475	23800	1.0822e-017
476	23850	1.0822e-017
477	23900	1.0822e-017
478	23950	7.65505e-018
479	24000	7.43151e-018
480	24050	7.43151e-018
481	24100	7.43151e-018
482	24150	6.89186e-018
483	24200	6.46062e-018
484	24250	3.75671e-018
485	24300	3.75671e-018
486	24350	3.75671e-018
487	24400	3.65157e-018
488	24450	3.65157e-018
489	24500	3.2158e-018
490	24550	3.10982e-018
491	24600	1.6111e-018
492	24650	1.6111e-018
493	24700	1.6111e-018
494	24750	1.6111e-018
495	24800	1.15859e-018
496	24850	1.1498e-018
497	24900	1.1498e-018
498	24950	6.78833e-019
499	25000	6.34995e-019
500	25050	4.59532e-019
501	25100	3.19874e-019
502	25150	3.19874e-019
503	25200	3.19874e-019
504	25250	3.19874e-019
505	25300	3.19874e-019
506	25350	3.19874e-019
507	25400	3.19874e-019
508	25450	2.3462e-019
509	25500	2.3462e-019
510	25550	2.3462e-019
511	25600	2.3462e-019
512	25650	2.3462e-019
513	25700	2.3462e-019
514	25750	2.3462e-019
515	25800	2.3462e-019
516	25850	2.3462e-019
517	25900	1.95074e-019
518	25950	1.41609e-019
519	26000	1.41609e-019
520	26050	1.37015e-019
521	26100	1.335e-019
522	26150	5.80493e-020
523	26200	5.80493e-020
524	26250	5.80493e-020
525	26300	5.80493e-020
526	26350	5.80493e-020
527	26400	3.99532e-020
528	26450	3.99532e-020
529	26500	3.99532e-020
530	26550	3.7178e-020
531	26600	3.7178e-020
532	26650	3.57124e-020
533	26700	2.60769e-020
534	26750	2.60769e-020
535	26800	2.60769e-020
536	26850	1.78616e-020
537	26900	1.75108e-020
538	26950	1.48953e-020
539	27000	1.31704e-020
540	27050	1.31704e-020
541	27100	1.10865e-020
542	27150	1.10865e-020
543	27200	1.10865e-020
544	27250	1.10865e-020
545	27300	1.06569e-020
546	27350	7.8689e-021
547	27400	7.8689e-021
548	27450	7.8689e-021
549	27500	5.40277e-021
550	27550	5.02456e-021
551	27600	2.45494e-021
552	27650	2.45494e-021
553	27700	2.45494e-021
554	27750	2.45494e-021
555	27800	2.45494e-021
556	27850	1.9247e-021
557	27900	1.9247e-021
558	27950	1.9247e-021
559	28000	1.35201e-021
560	28050	1.35201e-021
561	28100	1.35201e-021
562	28150	1.34767e-021
563	28200	1.32139e-021
564	28250	1.18721e-021
565	28300	1.18721e-021
566	28350	1.18721e-021
567	28400	1.18721e-021
568	28450	7.84801e-022
569	28500	7.84801e-022
570	28550	7.84801e-022
571	28600	5.67903e-022
572	28650	5.67903e-022
573	28700	5.67903e-022
574	28750	5.00472e-022
575	28800	5.00472e-022
576	28850	5.00472e-022
577	28900	5.00472e-022
578	28950	3.66179e-022
579	29000	3.66179e-022
580	29050	3.66179e-022
581	29100	3.66179e-022
582	29150	3.50709e-022
583	29200	3.13254e-022
584	29250	3.13254e-022
585	29300	2.82815e-022
586	29350	2.19482e-022
587	29400	2.19482e-022
588	29450	1.86327e-022
589	29500	1.86327e-022
590	29550	1.86327e-022
591	29600	1.28746e-022
592	29650	1.28746e-022
593	29700	1.25398e-022
594	29750	1.15858e-022
595	29800	1.01626e-022
596	29850	6.855e-023
597	29900	6.855e-023
598	29950	6.855e-023
599	30000	6.855e-023
600	30050	4.21228e-023
601	30100	2.88974e-023
602	30150	2.42327e-023
603	30200	2.42327e-023
604	30250	2.42327e-023
605	30300	2.42327e-023
606	30350	2.42327e-023
607	30400	2.42327e-023
608	30450	2.42327e-023
609	30500	1.9637e-023
610	30550	7.65942e-024
611	30600	7.65942e-024
612	30650	7.65942e-024
613	30700	7.65942e-024
614	30750	7.65942e-024
615	30800	7.65942e-024
616	30850	7.59574e-024
617	30900	7.59574e-024
618	30950	7.59574e-024
619	31000	7.59574e-024
620	31050	7.59574e-024
621	31100	5.32503e-024
622	31150	5.32503e-024
623	31200	5.32503e-024
624	31250	5.32503e-024
625	31300	5.14101e-024
626	31350	4.57804e-024
627	31400	4.51306e-024
628	31450	3.62628e-024
629	31500	3.20332e-024
630	31550	1.72887e-024
631	31600	1.72887e-024
632	31650	1.72887e-024
633	31700	1.72887e-024
634	31750	8.32503e-025
635	31800	8.32503e-025
636	31850	7.06316e-025
637	31900	7.06316e-025
638	31950	6.15697e-025
639	32000	6.15697e-025
640	32050	6.15697e-025
641	32100	6.15697e-025
642	32150	6.15697e-025
643	32200	6.15697e-025
644	32250	6.15697e-025
645	32300	4.757e-025
646	32350	4.757e-025
647	32400	4.757e-025
648	32450	4.757e-025
649	32500	4.757e-025
650	32550	3.41957e-025
651	32600	3.41957e-025
652	32650	3.28979e-025
653	32700	3.11057e-025
654	32750	2.11712e-025
655	32800	1.80266e-025
656	32850	1.80266e-025
657	32900	1.80266e-025
658	32950	1.80266e-025
659	33000	1.80266e-025
660	33050	1.74629e-025
661	33100	1.53354e-025
662	33150	1.15559e-025
663	33200	1.13232e-025
664	33250	1.13232e-025
665	33300	7.21794e-026
666	33350	7.21794e-026
667	33400	5.60452e-026
668	33450	5.60452e-026
669	33500	5.60452e-026
670	33550	5.60452e-026
671	33600	4.34623e-026
672	33650	4.34623e-026
673	33700	3.91712e-026
674	33750	3.91712e-026
675	33800	3.87453e-026
676	33850	3.87453e-026
677	33900	2.61708e-026
678	33950	2.61708e-026
679	34000	2.61708e-026
680	34050	2.61708e-026
681	34100	1.8455e-026
682	34150	1.8455e-026
683	34200	1.8455e-026
684	34250	9.88577e-027
685	34300	9.88577e-027
686	34350	9.88577e-027
687	34400	9.88577e-027
688	34450	6.49763e-027
689	34500	6.49763e-027
690	34550	6.49763e-027
691	34600	6.49763e-027
692	34650	6.15549e-027
693	34700	6.15549e-027
694	34750	2.80758e-027
695	34800	2.80758e-027
696	34850	2.80758e-027
697	34900	2.80758e-027
698	34950	2.80758e-027
699	35000	2.80758e-027
700	35050	2.80758e-027
701	35100	2.80758e-027
702	35150	2.80758e-027
703	35200	2.70919e-027
704	35250	1.72715e-027
705	35300	1.72715e-027
706	35350	1.72715e-027
707	35400	1.54922e-027
708	35450	1.54887e-027
709	35500	1.54887e-027
710	35550	1.30775e-027
711	35600	9.22758e-028
712	35650	8.62662e-028
713	35700	7.05437e-028
714	35750	6.39337e-028
715	35800	6.39337e-028
716	35850	6.39337e-028
717	35900	6.39337e-028
718	35950	6.39337e-028
719	36000	4.88493e-028
720	36050	2.78981e-028
721	36100	2.78981e-028
722	36150	2.78981e-028
723	36200	2.25746e-028
724	36250	2.25746e-028
725	36300	1.91915e-028
726	36350	1.67253e-028
727	36400	1.67253e-028
728	36450	1.67253e-028
729	36500	1.67253e-028
730	36550	1.4826e-028
731	36600	1.4826e-028
732	36650	1.28796e-028
733	36700	1.28796e-028
734	36750	1.26127e-028
735	36800	1.17151e-028
736	36850	7.7643e-029
737	36900	7.7643e-029
738	36950	7.70606e-029
739	37000	5.60088e-029
740	37050	3.78466e-029
741	37100	3.78466e-029
742	37150	3.78466e-029
743	37200	3.78466e-029
744	37250	3.29045e-029
745	37300	3.29045e-029
746	37350	3.29045e-029
747	37400	2.55218e-029
748	37450	2.46373e-029
749	37500	1.76783e-029
750	37550	1.76783e-029
751	37600	1.52141e-029
752	37650	1.52141e-029
753	37700	1.29656e-029
754	37750	1.11599e-029
755	37800	1.11599e-029
756	37850	1.11599e-029
757	37900	1.11599e-029
758	37950	8.00093e-030
759	38000	8.00093e-030
760	38050	8.00093e-030
761	38100	8.00093e-030
762	38150	8.00093e-030
763	38200	7.10982e-030
764	38250	7.10982e-030
765	38300	6.49828e-030
766	38350	6.49828e-030
767	38400	6.14548e-030
768	38450	6.14548e-030
769	38500	4.80349e-030
770	38550	3.75226e-030
771	38600	3.75226e-030
772	38650	2.8099e-030
773	38700	2.8099e-030
774	38750	2.8099e-030
775	38800	2.49185e-030
776	38850	2.36779e-030
777	38900	1.82919e-030
778	38950	1.82919e-030
779	39000	5.66635e-031
780	39050	4.66886e-031
781	39100	4.66886e-031
782	39150	4.66886e-031
783	39200	3.35699e-031
784	39250	3.35699e-031
785	39300	3.35699e-031
786	39350	3.35699e-031
787	39400	3.35699e-031
788	39450	3.35699e-031
789	39500	3.35699e-031
790	39550	3.35699e-031
791	39600	3.35699e-031
792	39650	3.35699e-031
793	39700	2.86402e-031
794	39750	2.86402e-031
795	39800	2.61263e-031
796	39850	2.61263e-031
797	39900	2.28245e-031
798	39950	2.28245e-031
799	40000	2.28245e-031
800	40050	2.20423e-031
801	40100	2.20423e-031
802	40150	1.56631e-031
803	40200	1.56631e-031
804	40250	1.56189e-031
805	40300	1.56189e-031
806	40350	1.48512e-031
807	40400	1.40092e-031
808	40450	1.40092e-031
809	40500	9.2925e-032
810	40550	8.44469e-032
811	40600	5.36636e-032
812	40650	4.31589e-032
813	40700	4.31589e-032
814	40750	4.31589e-032
815	40800	4.31589e-032
816	40850	4.31589e-032
817	40900	2.95668e-032
818	40950	2.33319e-032
819	41000	2.33319e-032
820	41050	1.43644e-032
821	41100	1.36812e-032
822	41150	1.27588e-032
823	41200	1.27588e-032
824	41250	1.13959e-032
825	41300	1.13959e-032
826	41350	9.01639e-033
827	41400	9.01639e-033
828	41450	9.01639e-033
829	41500	9.01639e-033
830	41550	9.01639e-033
831	41600	9.01639e-033
832	41650	9.01639e-033
833	41700	9.01639e-033
834	41750	9.01639e-033
835	41800	6.66618e-033
836	41850	6.66618e-033
837	41900	6.66618e-033
838	41950	4.69717e-033
839	42000	4.69717e-033
840	42050	4.49047e-033
841	42100	4.49047e-033
842	42150	3.98815e-033
843	42200	3.94163e-033
844	42250	2.30669e-033
845	42300	1.09725e-033
846	42350	1.09725e-033
847	42400	1.09725e-033
848	42450	1.01512e-033
849	42500	1.01512e-033
850	42550	1.01512e-033
851	42600	1.01512e-033
852	42650	4.11743e-034
853	42700	4.11743e-034
854	42750	4.11743e-034
855	42800	4.11743e-034
856	42850	4.11743e-034
857	42900	4.11743e-034
858	42950	4.11743e-034
859	43000	4.11743e-034
860	43050	4.02444e-034
861	43100	3.52533e-034
862	43150	2.17794e-034
863	43200	2.17794e-034
864	43250	2.17794e-034
865	43300	2.17794e-034
866	43350	1.70377e-034
867	43400	1.70377e-034
868	43450	1.70377e-034
869	43500	1.70377e-034
870	43550	1.59666e-034
871	43600	1.38749e-034
872	43650	1.38749e-034
873	43700	1.38749e-034
874	43750	1.35678e-034
875	43800	5.63864e-035
876	43850	5.63864e-035
877	43900	5.63864e-035
878	43950	5.63864e-035
879	44000	5.63864e-035
880	44050	5.63864e-035
881	44100	5.20196e-035
882	44150	4.40895e-035
883	44200	4.40895e-035
884	44250	4.40895e-035
885	44300	4.09715e-035
886	44350	4.09715e-035
887	44400	3.78473e-035
888	44450	3.78473e-035
889	44500	2.48739e-035
890	44550	2.18391e-035
891	44600	1.71206e-035
892	44650	1.0772e-035
893	44700	1.0772e-035
894	44750	1.0772e-035
895	44800	1.0772e-035
896	44850	1.0772e-035
897	44900	1.0772e-035
898	44950	1.0772e-035
899	45000	6.51163e-036
900	45050	6.51163e-036
901	45100	6.51163e-036
902	45150	6.51163e-036
903	45200	6.51163e-036
904	45250	6.51163e-036
905	45300	3.87588e-036
906	45350	3.87588e-036
907	45400	3.87588e-036
908	45450	3.63097e-036
909	45500	3.63097e-036
910	45550	3.63097e-036
911	45600	3.46425e-036
912	45650	3.46425e-036
913	45700	3.38057e-036
914	45750	3.12045e-036
915	45800	3.00606e-036
916	45850	2.4327e-036
917	45900	1.95204e-036
918	45950	1.80829e-036
919	46000	1.80687e-036
920	46050	1.80687e-036
921	46100	1.80687e-036
922	46150	1.53465e-036
923	46200	1.45561e-036
924	46250	1.27039e-036
925	46300	1.27039e-036
926	46350	6.86948e-037
927	46400	6.86948e-037
928	46450	5.65729e-037
929	46500	5.13404e-037
930	46550	5.13404e-037
931	46600	5.13404e-037
932	46650	5.0867e-037
933	46700	3.08457e-037
934	46750	3.08457e-037
935	46800	3.08457e-037
936	46850	2.13093e-037
937	46900	2.10148e-037
938	46950	2.10148e-037
939	47000	2.10148e-037
940	47050	2.10148e-037
941	47100	2.10148e-037
942	47150	1.54811e-037
943	47200	1.54811e-037
944	47250	1.54811e-037
945	47300	1.54811e-037
946	47350	1.54811e-037
947	47400	1.54811e-037
948	47450	7.76997e-038
949	47500	7.76997e-038
950	47550	7.61662e-038
951	47600	7.61662e-038
952	47650	7.61662e-038
953	47700	7.61662e-038
954	47750	4.73448e-038
955	47800	4.73448e-038
956	47850	4.73448e-038
957	47900	4.73448e-038
958	47950	4.73448e-038
959	48000	3.90198e-038
960	48050	3.53841e-038
961	48100	3.53841e-038
962	48150	2.41654e-038
963	48200	2.41654e-038
964	48250	2.41654e-038
965	48300	2.41654e-038
966	48350	2.41654e-038
967	48400	1.94605e-038
968	48450	1.94605e-038
969	48500	1.94605e-038
970	48550	1.54407e-038
971	48600	1.4078e-038
972	48650	1.4078e-038
973	48700	1.1611e-038
974	48750	8.04726e-039
975	48800	8.04726e-039
976	48850	8.04726e-039
977	48900	8.04726e-039
978	48950	7.9098e-039
979	49000	7.45633e-039
980	49050	7.45633e-039
981	49100	7.45633e-039
982	49150	7.45633e-039
983	49200	7.45633e-039
984	49250	6.73675e-039
985	49300	4.84438e-039
986	49350	4.84438e-039
987	49400	3.99148e-039
988	49450	3.52254e-039
989	49500	3.36846e-039
990	49550	2.6053e-039
991	49600	2.46758e-039
992	49650	2.46758e-039
993	49700	1.12772e-039
994	49750	1.12772e-039
995	49800	1.12507e-039
996	49850	1.12507e-039
997	49900	1.08756e-039
998	49950	1.08756e-039
999	50000	1.08756e-039
1000	50050	1.08756e-039
1001	50100	8.81041e-040
1002	50150	4.76771e-040
1003	50200	3.22765e-040
1004	50250	3.16927e-040
1005	50300	3.16927e-040
1006	50350	3.16927e-040
1007	50400	3.16927e-040
1008	50450	3.16927e-040
1009	50500	3.16927e-040
1010	50550	3.16927e-040
1011	50600	3.16927e-040
1012	50650	3.16927e-040
1013	50700	3.16927e-040
1014	50750	2.64689e-040
1015	50800	2.64689e-040
1016	50850	2.03618e-040
1017	50900	1.01018e-040
1018	50950	1.01018e-040
1019	51000	1.01018e-040
1020	51050	1.01018e-040
1021	51100	9.78383e-041
1022	51150	9.78383e-041
1023	51200	9.78383e-041
1024	51250	9.78383e-041
1025	51300	4.6886e-041
1026	51350	4.6886e-041
1027	51400	4.6886e-041
1028	51450	4.6886e-041
1029	51500	4.6886e-041
1030	51550	4.6886e-041
1031	51600	4.38597e-041
1032	51650	3.71009e-041
1033	51700	3.69369e-041
1034	51750	3.39562e-041
1035	51800	3.39562e-041
1036	51850	3.31529e-041
1037	51900	3.31501e-041
1038	51950	2.60053e-041
1039	52000	2.56585e-041
1040	52050	2.19963e-041
1041	52100	2.19963e-041
1042	52150	1.5618e-041
1043	52200	1.5618e-041
1044	52250	1.03896e-041
1045	52300	1.0295e-041
1046	52350	6.84029e-042
1047	52400	6.84029e-042
1048	52450	6.84029e-042
1049	52500	6.84029e-042
1050	52550	6.59144e-042
1051	52600	4.58855e-042
1052	52650	4.58855e-042
1053	52700	4.58855e-042
1054	52750	4.58855e-042
1055	52800	4.58855e-042
1056	52850	2.44012e-042
1057	52900	2.44012e-042
1058	52950	2.44012e-042
1059	53000	2.44012e-042
1060	53050	2.44012e-042
1061	53100	2.44012e-042
1062	53150	2.44012e-042
1063	53200	2.44012e-042
1064	53250	1.82058e-042
1065	53300	1.82058e-042
1066	53350	1.82058e-042
1067	53400	1.55717e-042
1068	53450	1.05298e-042
1069	53500	1.05298e-042
1070	53550	1.00778e-042
1071	53600	1.00778e-042
1072	53650	9.2626e-043
1073	53700	9.2626e-043
1074	53750	8.42386e-043
1075	53800	7.63461e-043
1076	53850	5.95299e-043
1077	53900	5.95299e-043
1078	53950	5.95299e-043
1079	54000	5.95299e-043
1080	54050	3.71058e-043
1081	54100	2.77926e-043
1082	54150	2.18573e-043
1083	54200	2.18573e-043
1084	54250	2.18573e-043
1085	54300	1.95749e-043
1086	54350	1.07627e-043
1087	54400	1.07627e-043
1088	54450	1.07627e-043
1089	54500	1.07627e-043
1090	54550	7.04843e-044
1091	54600	7.04843e-044
1092	54650	5.68951e-044
1093	54700	5.68951e-044
1094	54750	5.68951e-044
1095	54800	5.68951e-044
1096	54850	5.68951e-044
1097	54900	5.68951e-044
1098	54950	5.68951e-044
1099	55000	5.68951e-044
1100	55050	4.4294e-044
1101	55100	3.08835e-044
1102	55150	3.08835e-044
1103	55200	3.08835e-044
1104	55250	3.08835e-044
1105	55300	3.08835e-044
1106	55350	3.08835e-044
1107	55400	3.08835e-044
1108	55450	3.08835e-044
1109	55500	2.18468e-044
1110	55550	2.18468e-044
1111	55600	2.18468e-044
1112	55650	1.51508e-044
1113	55700	1.51508e-044
1114	55750	1.05154e-044
1115	55800	1.05154e-044
1116	55850	1.05154e-044
1117	55900	1.05154e-044
1118	55950	1.05154e-044
1119	56000	7.12045e-045
1120	56050	7.12045e-045
1121	56100	6.88257e-045
1122	56150	5.94414e-045
1123	56200	5.94414e-045
1124	56250	4.65854e-045
1125	56300	4.65854e-045
1126	56350	4.65854e-045
1127	56400	4.34076e-045
1128	56450	4.34076e-045
1129	56500	2.79526e-045
1130	56550	2.79526e-045
1131	56600	2.79526e-045
1132	56650	2.79526e-045
1133	56700	2.79526e-045
1134	56750	2.79526e-045
1135	56800	2.33156e-045
1136	56850	2.33156e-045
1137	56900	2.33156e-045
1138	56950	1.58883e-045
1139	57000	1.32177e-045
1140	57050	1.32177e-045
1141	57100	1.26582e-045
1142	57150	1.04634e-045
1143	57200	1.00822e-045
1144	57250	1.00822e-045
1145	57300	9.29507e-046
1146	57350	6.82556e-046
1147	57400	5.07077e-046
1148	57450	4.70728e-046
1149	57500	4.70728e-046
1150	57550	4.70728e-046
1151	57600	4.51971e-046
1152	57650	4.51971e-046
1153	57700	4.50786e-046
1154	57750	4.50786e-046
1155	57800	1.6395e-046
1156	57850	1.6395e-046
1157	57900	1.6395e-046
1158	57950	1.6395e-046
1159	58000	1.05972e-046
1160	58050	1.05972e-046
1161	58100	8.1705e-047
1162	58150	8.1705e-047
1163	58200	8.1705e-047
1164	58250	8.1705e-047
1165	58300	8.1705e-047
1166	58350	8.1705e-047
1167	58400	5.78203e-047
1168	58450	5.78203e-047
1169	58500	5.78203e-047
1170	58550	5.78203e-047
1171	58600	5.78203e-047
1172	58650	4.38473e-047
1173	58700	4.38473e-047
1174	58750	4.38473e-047
1175	58800	2.39213e-047
1176	58850	2.39213e-047
1177	58900	1.13068e-047
1178	58950	1.13068e-047
1179	59000	1.13068e-047
1180	59050	1.13068e-047
1181	59100	1.13068e-047
1182	59150	1.13068e-047
1183	59200	9.46222e-048
1184	59250	9.46222e-048
1185	59300	8.0641e-048
1186	59350	8.0641e-048
1187	59400	8.0641e-048
1188	59450	8.0641e-048
1189	59500	5.03877e-048
1190	59550	4.95992e-048
1191	59600	2.8723e-048
1192	59650	2.8723e-048
1193	59700	2.39727e-048
1194	59750	2.39727e-048
1195	59800	2.39727e-048
1196	59850	2.39727e-048
1197	59900	2.39727e-048
1198	59950	2.39727e-048
1199	60000	2.39727e-048
1200	60050	2.39659e-048
1201	60100	2.11369e-048
1202	60150	1.06498e-048
1203	60200	1.06498e-048
1204	60250	1.06498e-048
1205	60300	1.06498e-048
1206	60350	1.06498e-048
1207	60400	1.06498e-048
1208	60450	1.06498e-048
1209	60500	1.06498e-048
1210	60550	1.06498e-048
1211	60600	1.00468e-048
1212	60650	1.00468e-048
1213	60700	7.92558e-049
1214	60750	7.37832e-049
1215	60800	7.37832e-049
1216	60850	4.31786e-049
1217	60900	4.31786e-049
1218	60950	3.29947e-049
1219	61000	3.29947e-049
1220	61050	3.29947e-049
1221	61100	2.16077e-049
1222	61150	1.58505e-049
1223	61200	1.58505e-049
1224	61250	1.58505e-049
1225	61300	7.82245e-050
1226	61350	7.82245e-050
1227	61400	7.31397e-050
1228	61450	7.31397e-050
1229	61500	7.31397e-050
1230	61550	7.31397e-050
1231	61600	7.31397e-050
1232	61650	7.31397e-050
1233	61700	7.31397e-050
1234	61750	7.31397e-050
1235	61800	7.31397e-050
1236	61850	7.31397e-050
1237	61900	7.31397e-050
1238	61950	7.31397e-050
1239	62000	2.42504e-050
1240	62050	2.42504e-050
1241	62100	2.05279e-050
1242	62150	2.05279e-050
1243	62200	2.05279e-050
1244	62250	2.05279e-050
1245	62300	2.05279e-050
1246	62350	1.88319e-050
1247	62400	1.84846e-050
1248	62450	1.5984e-050
1249	62500	1.5984e-050
1250	62550	1.5984e-050
1251	62600	1.5984e-050
1252	62650	1.56107e-050
1253	62700	1.1732e-050
1254	62750	8.50031e-051
1255	62800	8.29977e-051
1256	62850	8.29977e-051
1257	62900	8.29977e-051
1258	62950	8.29977e-051
1259	63000	8.24343e-051
1260	63050	8.24343e-051
1261	63100	3.94819e-051
1262	63150	3.59441e-051
1263	63200	2.92445e-051
1264	63250	2.92445e-051
1265	63300	2.92445e-051
1266	63350	2.92445e-051
1267	63400	2.51392e-051
1268	63450	2.51392e-051
1269	63500	2.51392e-051
1270	63550	2.51392e-051
1271	63600	2.51392e-051
1272	63650	1.69454e-051
1273	63700	1.69454e-051
1274	63750	1.55049e-051
1275	63800	1.55049e-051
1276	63850	1.55049e-051
1277	63900	1.55049e-051
1278	63950	1.31429e-051
1279	64000	1.18781e-051
1280	64050	1.18781e-051
1281	64100	1.18781e-051
1282	64150	9.67463e-052
1283	64200	9.12486e-052
1284	64250	5.36906e-052
1285	64300	5.36906e-052
1286	64350	5.36906e-052
1287	64400	5.36906e-052
1288	64450	5.36906e-052
1289	64500	5.36906e-052
1290	64550	5.36906e-052
1291	64600	5.36906e-052
1292	64650	4.33016e-052
1293	64700	4.33016e-052
1294	64750	3.53784e-052
1295	64800	3.0772e-052
1296	64850	3.03711e-052
1297	64900	3.03711e-052
1298	64950	3.03711e-052
1299	65000	3.03711e-052
1300	65050	2.85759e-052
1301	65100	1.67745e-052
1302	65150	1.25979e-052
1303	65200	1.25979e-052
1304	65250	8.09907e-053
1305	65300	8.09907e-053
1306	65350	8.09907e-053
1307	65400	7.9124e-053
1308	65450	5.8341e-053
1309	65500	5.32761e-053
1310	65550	4.41805e-053
1311	65600	4.41805e-053
1312	65650	4.41805e-053
1313	65700	3.13299e-053
1314	65750	3.13299e-053
1315	65800	3.13299e-053
1316	65850	3.13299e-053
1317	65900	3.13299e-053
1318	65950	3.13299e-053
1319	66000	2.71782e-053
1320	66050	2.71782e-053
1321	66100	2.23566e-053
1322	66150	1.88483e-053
1323	66200	1.88483e-053
1324	66250	1.85589e-053
1325	66300	1.85589e-053
1326	66350	7.48246e-054
1327	66400	7.48246e-054
1328	66450	7.48246e-054
1329	66500	7.48246e-054
1330	66550	7.48246e-054
1331	66600	6.18946e-054
1332	66650	6.18946e-054
1333	66700	6.05346e-054
1334	66750	5.16398e-054
1335	66800	5.16398e-054
1336	66850	3.56168e-054
1337	66900	3.56168e-054
1338	66950	3.56168e-054
1339	67000	3.56168e-054
1340	67050	3.56168e-054
1341	67100	3.01223e-054
1342	67150	1.85975e-054
1343	67200	1.85975e-054
1344	67250	1.71813e-054
1345	67300	1.71813e-054
1346	67350	1.31353e-054
1347	67400	1.31353e-054
1348	67450	1.31353e-054
1349	67500	1.31353e-054
1350	67550	1.31353e-054
1351	67600	1.31353e-054
1352	67650	7.51702e-055
1353	67700	7.51702e-055
1354	67750	7.51702e-055
1355	67800	7.51702e-055
1356	67850	7.00309e-055
1357	67900	7.00309e-055
1358	67950	6.48334e-055
1359	68000	6.10009e-055
1360	68050	4.54574e-055
1361	68100	4.54574e-055
1362	68150	3.30207e-055
1363	68200	2.73313e-055
1364	68250	1.84656e-055
1365	68300	1.84656e-055
1366	68350	1.84656e-055
1367	68400	1.80466e-055
1368	68450	1.80466e-055
1369	68500	1.80466e-055
1370	68550	1.80466e-055
1371	68600	1.80466e-055
1372	68650	1.66245e-055
1373	68700	1.2829e-055
1374	68750	8.43402e-056
1375	68800	8.43402e-056
1376	68850	8.43402e-056
1377	68900	8.43402e-056
1378	68950	5.91845e-056
1379	69000	4.889e-056
1380	69050	4.889e-056
1381	69100	4.56101e-056
1382	69150	4.56101e-056
1383	69200	3.82239e-056
1384	69250	3.82239e-056
1385	69300	2.14561e-056
1386	69350	1.90402e-056
1387	69400	1.90402e-056
1388	69450	1.90402e-056
1389	69500	1.90402e-056
1390	69550	1.90402e-056
1391	69600	1.64853e-056
1392	69650	1.64853e-056
1393	69700	1.64853e-056
1394	69750	1.43789e-056
1395	69800	1.43789e-056
1396	69850	7.00766e-057
1397	69900	7.00766e-057
1398	69950	7.00766e-057
1399	70000	7.00766e-057
1400	70050	6.63701e-057
1401	70100	6.63701e-057
1402	70150	6.63701e-057
1403	70200	6.34038e-057
1404	70250	4.68333e-057
1405	70300	4.68333e-057
1406	70350	4.68333e-057
1407	70400	4.29687e-057
1408	70450	4.29687e-057
1409	70500	4.14782e-057
1410	70550	3.33436e-057
1411	70600	3.02693e-057
1412	70650	3.02693e-057
1413	70700	2.73221e-057
1414	70750	2.73221e-057
1415	70800	1.71497e-057
1416	70850	1.71497e-057
1417	70900	1.71497e-057
1418	70950	1.47451e-057
1419	71000	1.47451e-057
1420	71050	8.0558e-058
1421	71100	8.0558e-058
1422	71150	8.0558e-058
1423	71200	8.0558e-058
1424	71250	7.56163e-058
1425	71300	7.56163e-058
1426	71350	7.56163e-058
1427	71400	5.41316e-058
1428	71450	4.8072e-058
1429	71500	3.77287e-058
1430	71550	3.40812e-058
1431	71600	2.38293e-058
1432	71650	1.90018e-058
1433	71700	1.4974e-058
1434	71750	1.43452e-058
1435	71800	1.34017e-058
1436	71850	1.20822e-058
1437	71900	1.20822e-058
1438	71950	9.30051e-059
1439	72000	7.82133e-059
1440	72050	7.82133e-059
1441	72100	7.82133e-059
1442	72150	7.82133e-059
1443	72200	7.82133e-059
1444	72250	7.82133e-059
1445	72300	7.82133e-059
1446	72350	7.82133e-059
1447	72400	7.82133e-059
1448	72450	7.82133e-059
1449	72500	5.7272e-059
1450	72550	4.80736e-059
1451	72600	4.80736e-059
1452	72650	3.44695e-059
1453	72700	3.00491e-059
1454	72750	3.00491e-059
1455	72800	3.00491e-059
1456	72850	2.72666e-059
1457	72900	2.72666e-059
1458	72950	2.43287e-059
1459	73000	2.10624e-059
1460	73050	2.10624e-059
1461	73100	2.10624e-059
1462	73150	2.10624e-059
1463	73200	1.09868e-059
1464	73250	1.09868e-059
1465	73300	1.09868e-059
1466	73350	7.38299e-060
1467	73400	7.38299e-060
1468	73450	5.95204e-060
1469	73500	5.95204e-060
1470	73550	4.66303e-060
1471	73600	4.66303e-060
1472	73650	3.2912e-060
1473	73700	3.1397e-060
1474	73750	3.1397e-060
1475	73800	3.1397e-060
1476	73850	3.1397e-060
1477	73900	3.1397e-060
1478	73950	2.99775e-060
1479	74000	2.91378e-060
1480	74050	2.58537e-060
1481	74100	2.58537e-060
1482	74150	2.38338e-060
1483	74200	2.38338e-060
1484	74250	1.16309e-060
1485	74300	1.16309e-060
1486	74350	1.16309e-060
1487	74400	1.16309e-060
1488	74450	9.74959e-061
1489	74500	8.48137e-061
1490	74550	8.48137e-061
1491	74600	8.48137e-061
1492	74650	6.95688e-061
1493	74700	6.95688e-061
1494	74750	6.95688e-061
1495	74800	6.95688e-061
1496	74850	3.84362e-061
1497	74900	3.7394e-061
1498	74950	3.7394e-061
1499	75000	3.7394e-061
1500	75050	3.7394e-061
1501	75100	3.7394e-061
1502	75150	2.71443e-061
1503	75200	2.71443e-061
1504	75250	2.71443e-061
1505	75300	1.83992e-061
1506	75350	8.25583e-062
1507	75400	8.25583e-062
1508	75450	8.25583e-062
1509	75500	8.25583e-062
1510	75550	8.25583e-062
1511	75600	8.25583e-062
1512	75650	8.25583e-062
1513	75700	8.25583e-062
1514	75750	8.25583e-062
1515	75800	7.68243e-062
1516	75850	7.68243e-062
1517	75900	7.68243e-062
1518	75950	7.68243e-062
1519	76000	7.61067e-062
1520	76050	6.70507e-062
1521	76100	6.66284e-062
1522	76150	6.40471e-062
1523	76200	5.76214e-062
1524	76250	5.76214e-062
1525	76300	5.76214e-062
1526	76350	4.57151e-062
1527	76400	4.08642e-062
1528	76450	4.08642e-062
1529	76500	3.84505e-062
1530	76550	3.26386e-062
1531	76600	2.08317e-062
1532	76650	2.08317e-062
1533	76700	9.38908e-063
1534	76750	9.38908e-063
1535	76800	4.94513e-063
1536	76850	4.94513e-063
1537	76900	4.94513e-063
1538	76950	4.94513e-063
1539	77000	4.94513e-063
1540	77050	4.94513e-063
1541	77100	4.94513e-063
1542	77150	4.94513e-063
1543	77200	4.94513e-063
1544	77250	4.94513e-063
1545	77300	4.94513e-063
1546	77350	4.94513e-063
1547	77400	4.87616e-063
1548	77450	4.43469e-063
1549	77500	4.43469e-063
1550	77550	4.43469e-063
1551	77600	2.09682e-063
1552	77650	2.09682e-063
1553	77700	2.09682e-063
1554	77750	2.09682e-063
1555	77800	2.07892e-063
1556	77850	2.07892e-063
1557	77900	1.65636e-063
1558	77950	1.65636e-063
1559	78000	1.65636e-063
1560	78050	1.10781e-063
1561	78100	7.1025e-064
1562	78150	7.1025e-064
1563	78200	7.1025e-064
1564	78250	7.1025e-064
1565	78300	7.1025e-064
1566	78350	5.1424e-064
1567	78400	5.1424e-064
1568	78450	5.1424e-064
1569	78500	5.1424e-064
1570	78550	5.04387e-064
1571	78600	5.04387e-064
1572	78650	4.92645e-064
1573	78700	3.19056e-064
1574	78750	2.83935e-064
1575	78800	2.83935e-064
1576	78850	2.83935e-064
1577	78900	1.21789e-064
1578	78950	1.21789e-064
1579	79000	8.25664e-065
1580	79050	8.25664e-065
1581	79100	8.25664e-065
1582	79150	8.25664e-065
1583	79200	8.25664e-065
1584	79250	8.25664e-065
1585	79300	8.25664e-065
1586	79350	8.25664e-065
1587	79400	8.25664e-065
1588	79450	8.25664e-065
1589	79500	8.25664e-065
1590	79550	7.24562e-065
1591	79600	7.24562e-065
1592	79650	6.06958e-065
1593	79700	6.06958e-065
1594	79750	5.75466e-065
1595	79800	3.39119e-065
1596	79850	3.01981e-065
1597	79900	2.32317e-065
1598	79950	2.32317e-065
1599	80000	2.32317e-065
1600	80050	2.24766e-065
1601	80100	1.96383e-065
1602	80150	1.96383e-065
1603	80200	1.71353e-065
1604	80250	9.87465e-066
1605	80300	9.87465e-066
1606	80350	9.87465e-066
1607	80400	8.13868e-066
1608	80450	8.13868e-066
1609	80500	8.13868e-066
1610	80550	5.75492e-066
1611	80600	5.75492e-066
1612	80650	2.68581e-066
1613	80700	2.68581e-066
1614	80750	2.68581e-066
1615	80800	2.68581e-066
1616	80850	2.68581e-066
1617	80900	1.88633e-066
1618	80950	1.88633e-066
1619	81000	1.88633e-066
1620	81050	1.88633e-066
1621	81100	1.88633e-066
1622	81150	1.88633e-066
1623	81200	1.64807e-066
1624	81250	1.64807e-066
1625	81300	1.64807e-066
1626	81350	1.64807e-066
1627	81400	1.32764e-066
1628	81450	7.46087e-067
1629	81500	7.46087e-067
1630	81550	7.46087e-067
1631	81600	7.46087e-067
1632	81650	7.46087e-067
1633	81700	7.46087e-067
1634	81750	7.46087e-067
1635	81800	7.46087e-067
1636	81850	7.46087e-067
1637	81900	7.46087e-067
1638	81950	7.46087e-067
1639	82000	7.46087e-067
1640	82050	5.00708e-067
1641	82100	5.00708e-067
1642	82150	5.00708e-067
1643	82200	4.72046e-067
1644	82250	4.02031e-067
1645	82300	4.02031e-067
1646	82350	3.46459e-067
1647	82400	3.27677e-067
1648	82450	2.81541e-067
1649	82500	2.36085e-067
1650	82550	2.36085e-067
1651	82600	2.09771e-067
1652	82650	7.33148e-068
1653	82700	7.33148e-068
1654	82750	7.33148e-068
1655	82800	7.33148e-068
1656	82850	7.33148e-068
1657	82900	7.33148e-068
1658	82950	7.33148e-068
1659	83000	7.33148e-068
1660	83050	7.27084e-068
1661	83100	3.86882e-068
1662	83150	3.86882e-068
1663	83200	3.86489e-068
1664	83250	3.86489e-068
1665	83300	3.86489e-068
1666	83350	3.86489e-068
1667	83400	3.48986e-068
1668	83450	3.48986e-068
1669	83500	3.48986e-068
1670	83550	2.6682e-068
1671	83600	1.45168e-068
1672	83650	1.45168e-068
1673	83700	1.38869e-068
1674	83750	1.38869e-068
1675	83800	1.38869e-068
1676	83850	1.38869e-068
1677	83900	1.32643e-068
1678	83950	1.32643e-068
1679	84000	1.09744e-068
1680	84050	1.09744e-068
1681	84100	1.09744e-068
1682	84150	1.09744e-068
1683	84200	1.09389e-068
1684	84250	1.09389e-068
1685	84300	9.21821e-069
1686	84350	9.21821e-069
1687	84400	5.75719e-069
1688	84450	5.41267e-069
1689	84500	5.41267e-069
1690	84550	5.30827e-069
1691	84600	5.30827e-069
1692	84650	3.39427e-069
1693	84700	3.39427e-069
1694	84750	3.39427e-069
1695	84800	3.39427e-069
1696	84850	3.39427e-069
1697	84900	3.39427e-069
1698	84950	1.58884e-069
1699	85000	1.42644e-069
1700	85050	1.37365e-069
1701	85100	1.37365e-069
1702	85150	1.37365e-069
1703	85200	1.37365e-069
1704	85250	1.37365e-069
1705	85300	1.37365e-069
1706	85350	1.1667e-069
1707	85400	1.04999e-069
1708	85450	1.04999e-069
1709	85500	1.04999e-069
1710	85550	1.04999e-069
1711	85600	1.04999e-069
1712	85650	8.06241e-070
1713	85700	5.64401e-070
1714	85750	2.64962e-070
1715	85800	2.64962e-070
1716	85850	2.64962e-070
1717	85900	2.64962e-070
1718	85950	2.64962e-070
1719	86000	2.64962e-070
1720	86050	2.64962e-070
1721	86100	2.64962e-070
1722	86150	2.09177e-070
1723	86200	2.09177e-070
1724	86250	2.09177e-070
1725	86300	2.09177e-070
1726	86350	8.21131e-071
1727	86400	8.19919e-071
1728	86450	8.19919e-071
1729	86500	5.79833e-071
1730	86550	5.79833e-071
1731	86600	5.79833e-071
1732	86650	5.79833e-071
1733	86700	5.79833e-071
1734	86750	5.79833e-071
1735	86800	5.79833e-071
1736	86850	4.97644e-071
1737	86900	4.97644e-071
1738	86950	2.79528e-071
1739	87000	2.79528e-071
1740	87050	2.79528e-071
1741	87100	1.40867e-071
1742	87150	1.40867e-071
1743	87200	1.40867e-071
1744	87250	1.34954e-071
1745	87300	1.34954e-071
1746	87350	1.34954e-071
1747	87400	1.00015e-071
1748	87450	1.00015e-071
1749	87500	1.00015e-071
1750	87550	1.00015e-071
1751	87600	9.70719e-072
1752	87650	9.70719e-072
1753	87700	9.70719e-072
1754	87750	9.70719e-072
1755	87800	9.70719e-072
1756	87850	9.70719e-072
1757	87900	3.67236e-072
1758	87950	3.67236e-072
1759	88000	3.67236e-072
1760	88050	3.67236e-072
1761	88100	3.67236e-072
1762	88150	3.67236e-072
1763	88200	3.67236e-072
1764	88250	2.28883e-072
1765	88300	2.28883e-072
1766	88350	2.28883e-072
1767	88400	2.28883e-072
1768	88450	1.71651e-072
1769	88500	1.71651e-072
1770	88550	1.71651e-072
1771	88600	1.47354e-072
1772	88650	1.47354e-072
1773	88700	1.47354e-072
1774	88750	1.47354e-072
1775	88800	1.47354e-072
1776	88850	1.47354e-072
1777	88900	1.25632e-072
1778	88950	1.25632e-072
1779	89000	1.25632e-072
1780	89050	9.74394e-073
1781	89100	6.04119e-073
1782	89150	5.78158e-073
1783	89200	5.78158e-073
1784	89250	5.78158e-073
1785	89300	4.82126e-073
1786	89350	4.82126e-073
1787	89400	4.82126e-073
1788	89450	4.7294e-073
1789	89500	4.31718e-073
1790	89550	3.69055e-073
1791	89600	3.69055e-073
1792	89650	3.14083e-073
1793	89700	3.14083e-073
1794	89750	2.26943e-073
1795	89800	2.26943e-073
1796	89850	2.26943e-073
1797	89900	2.18572e-073
1798	89950	2.18572e-073
1799	90000	1.85208e-073
1800	90050	1.71429e-073
1801	90100	1.71429e-073
1802	90150	9.45636e-074
1803	90200	9.45636e-074
1804	90250	9.45636e-074
1805	90300	8.72205e-074
1806	90350	7.21658e-074
1807	90400	7.21658e-074
1808	90450	5.68921e-074
1809	90500	5.68921e-074
1810	90550	5.3399e-074
1811	90600	5.3399e-074
1812	90650	4.53291e-074
1813	90700	4.46351e-074
1814	90750	3.772e-074
1815	90800	2.93827e-074
1816	90850	1.90974e-074
1817	90900	1.90974e-074
1818	90950	1.90974e-074
1819	91000	1.90974e-074
1820	91050	1.8129e-074
1821	91100	1.8129e-074
1822	91150	1.8129e-074
1823	91200	1.75138e-074
1824	91250	1.67182e-074
1825	91300	1.33527e-074
1826	91350	1.21056e-074
1827	91400	1.19881e-074
1828	91450	1.18053e-074
1829	91500	7.58482e-075
1830	91550	7.58482e-075
1831	91600	6.14826e-075
1832	91650	6.14826e-075
1833	91700	6.11486e-075
1834	91750	6.11486e-075
1835	91800	6.11486e-075
1836	91850	6.11486e-075
1837	91900	6.11486e-075
1838	91950	4.24244e-075
1839	92000	3.85588e-075
1840	92050	3.85588e-075
1841	92100	3.85588e-075
1842	92150	3.85588e-075
1843	92200	3.85588e-075
1844	92250	3.2049e-075
1845	92300	3.00453e-075
1846	92350	1.67928e-075
1847	92400	1.41541e-075
1848	92450	1.41541e-075
1849	92500	1.41541e-075
1850	92550	1.35604e-075
1851	92600	1.35604e-075
1852	92650	1.35604e-075
1853	92700	1.35604e-075
1854	92750	1.35604e-075
1855	92800	1.35604e-075
1856	92850	9.44218e-076
1857	92900	9.44218e-076
1858	92950	9.34776e-076
1859	93000	7.70571e-076
1860	93050	7.31182e-076
1861	93100	7.31182e-076
1862	93150	7.07366e-076
1863	93200	6.60034e-076
1864	93250	4.6982e-076
1865	93300	4.6982e-076
1866	93350	4.6982e-076
1867	93400	3.99835e-076
1868	93450	3.98092e-076
1869	93500	3.98092e-076
1870	93550	3.98092e-076
1871	93600	3.32191e-076
1872	93650	3.32191e-076
1873	93700	2.10289e-076
1874	93750	2.10289e-076
1875	93800	1.27597e-076
1876	93850	1.27597e-076
1877	93900	1.02751e-076
1878	93950	1.02751e-076
1879	94000	1.02751e-076
1880	94050	1.00379e-076
1881	94100	7.77248e-077
1882	94150	6.24571e-077
1883	94200	5.62777e-077
1884	94250	5.00637e-077
1885	94300	5.00637e-077
1886	94350	5.00637e-077
1887	94400	5.00637e-077
1888	94450	5.00637e-077
1889	94500	4.1548e-077
1890	94550	4.1548e-077
1891	94600	1.99591e-077
1892	94650	1.99574e-077
1893	94700	1.99574e-077
1894	94750	1.99574e-077
1895	94800	1.99574e-077
1896	94850	1.99574e-077
1897	94900	1.37439e-077
1898	94950	1.37439e-077
1899	95000	1.26708e-077
1900	95050	1.26708e-077
1901	95100	1.26708e-077
1902	95150	8.33373e-078
1903	95200	8.33373e-078
1904	95250	8.33373e-078
1905	95300	8.33373e-078
1906	95350	5.9267e-078
1907	95400	5.9267e-078
1908	95450	5.9267e-078
1909	95500	5.9267e-078
1910	95550	5.00616e-078
1911	95600	3.54018e-078
1912	95650	3.54018e-078
1913	95700	3.54018e-078
1914	95750	3.54018e-078
1915	95800	2.72863e-078
1916	95850	2.72863e-078
1917	95900	2.55014e-078
1918	95950	1.24883e-078
1919	96000	3.93759e-079
1920	96050	3.93759e-079
1921	96100	3.52764e-079
1922	96150	3.52764e-079
1923	96200	3.36019e-079
1924	96250	3.36019e-079
1925	96300	3.36019e-079
1926	96350	3.36019e-079
1927	96400	3.36019e-079
1928	96450	3.28967e-079
1929	96500	3.28967e-079
1930	96550	3.28967e-079
1931	96600	3.28967e-079
1932	96650	3.28967e-079
1933	96700	1.77211e-079
1934	96750	1.77211e-079
1935	96800	1.77211e-079
1936	96850	1.77211e-079
1937	96900	1.77211e-079
1938	96950	1.77211e-079
1939	97000	1.77211e-079
1940	97050	1.77211e-079
1941	97100	1.77211e-079
1942	97150	1.77211e-079
1943	97200	1.33288e-079
1944	97250	1.33288e-079
1945	97300	1.33288e-079
1946	97350	1.33288e-079
1947	97400	1.33288e-079
1948	97450	1.33288e-079
1949	97500	1.03104e-079
1950	97550	1.03104e-079
1951	97600	1.03104e-079
1952	97650	9.63268e-080
1953	97700	8.31919e-080
1954	97750	7.498e-080
1955	97800	6.69066e-080
1956	97850	2.91182e-080
1957	97900	2.91182e-080
1958	97950	2.91182e-080
1959	98000	2.90338e-080
1960	98050	2.88071e-080
1961	98100	2.56908e-080
1962	98150	2.56908e-080
1963	98200	2.442e-080
1964	98250	1.63945e-080
1965	98300	1.45452e-080
1966	98350	1.45452e-080
1967	98400	1.45452e-080
1968	98450	1.45452e-080
1969	98500	1.45452e-080
1970	98550	1.21088e-080
1971	98600	1.21088e-080
1972	98650	9.92257e-081
1973	98700	9.24542e-081
1974	98750	7.18049e-081
1975	98800	7.18049e-081
1976	98850	5.20093e-081
1977	98900	5.20093e-081
1978	98950	4.51284e-081
1979	99000	4.51284e-081
1980	99050	4.16776e-081
1981	99100	3.92249e-081
1982	99150	3.92249e-081
1983	99200	3.92249e-081
1984	99250	3.06634e-081
1985	99300	3.06634e-081
1986	99350	2.98379e-081
1987	99400	2.78474e-081
1988	99450	1.98028e-081
1989	99500	1.4931e-081
1990	99550	1.4931e-081
1991	99600	1.23472e-081
1992	99650	1.23472e-081
1993	99700	1.23472e-081
1994	99750	1.23472e-081
1995	99800	1.19184e-081
1996	99850	1.19184e-081
1997	99900	1.15277e-081
1998	99950	2.43618e-082
1999	100000	2.43618e-082
2000	100050	2.43618e-082
