1	100	485.704
2	150	450.398
3	200	450.398
4	250	450.398
5	300	430.934
6	350	376.284
7	400	341.406
8	450	341.406
9	500	183.694
10	550	183.694
11	600	183.694
12	650	183.694
13	700	73.4194
14	750	73.4194
15	800	73.4194
16	850	62.182
17	900	62.182
18	950	62.182
19	1000	62.182
20	1050	53.1613
21	1100	53.1613
22	1150	41.8527
23	1200	41.8527
24	1250	31.5662
25	1300	31.5662
26	1350	31.5662
27	1400	31.5662
28	1450	31.5662
29	1500	31.5662
30	1550	27.8441
31	1600	26.5489
32	1650	26.5489
33	1700	26.5489
34	1750	26.5489
35	1800	26.1364
36	1850	20.6948
37	1900	20.6948
38	1950	20.6948
39	2000	19.8972
40	2050	11.985
41	2100	11.985
42	2150	10.2756
43	2200	10.2756
44	2250	10.2756
45	2300	10.2756
46	2350	10.2756
47	2400	7.3948
48	2450	7.3948
49	2500	7.3948
50	2550	5.2027
51	2600	3.70108
52	2650	3.70108
53	2700	2.66548
54	2750	1.63705
55	2800	0.686945
56	2850	0.686945
57	2900	0.686945
58	2950	0.686945
59	3000	0.686945
60	3050	0.686945
61	3100	0.686945
62	3150	0.686945
63	3200	0.686945
64	3250	0.686945
65	3300	0.68612
66	3350	0.68612
67	3400	0.68612
68	3450	0.68612
69	3500	0.68612
70	3550	0.68612
71	3600	0.68612
72	3650	0.68612
73	3700	0.68612
74	3750	0.68612
75	3800	0.68612
76	3850	0.68612
77	3900	0.674955
78	3950	0.674955
79	4000	0.674955
80	4050	0.668211
81	4100	0.629019
82	4150	0.629019
83	4200	0.563805
84	4250	0.563805
85	4300	0.187858
86	4350	0.187858
87	4400	0.187858
88	4450	0.187858
89	4500	0.187858
90	4550	0.187858
91	4600	0.171252
92	4650	0.113639
93	4700	0.113639
94	4750	0.113639
95	4800	0.0809567
96	4850	0.0809567
97	4900	0.0802433
98	4950	0.0802433
99	5000	0.0802433
100	5050	0.0802433
101	5100	0.06109
102	5150	0.0487026
103	5200	0.0487026
104	5250	0.0487026
105	5300	0.0487026
106	5350	0.0487026
107	5400	0.0446068
108	5450	0.0446068
109	5500	0.0415505
110	5550	0.0415505
111	5600	0.0377555
112	5650	0.0266937
113	5700	0.0237342
114	5750	0.0237342
115	5800	0.0237342
116	5850	0.017378
117	5900	0.017378
118	5950	0.014785
119	6000	0.00956191
120	6050	0.00956191
121	6100	0.00956191
122	6150	0.00921632
123	6200	0.00294692
124	6250	0.00294692
125	6300	0.00294692
126	6350	0.00294692
127	6400	0.00287121
128	6450	0.00287121
129	6500	0.00287121
130	6550	0.00243951
131	6600	0.00239021
132	6650	0.00239021
133	6700	0.00239021
134	6750	0.00128487
135	6800	0.00128487
136	6850	0.00128487
137	6900	0.00128487
138	6950	0.00128487
139	7000	0.00128487
140	7050	0.00128487
141	7100	0.00122038
142	7150	0.0011911
143	7200	0.000773312
144	7250	0.000773312
145	7300	0.000773312
146	7350	0.000773312
147	7400	0.000773312
148	7450	0.000773312
149	7500	0.000475494
150	7550	0.000475494
151	7600	0.000475494
152	7650	0.000475494
153	7700	0.000409093
154	7750	0.000373327
155	7800	0.000373327
156	7850	0.000366109
157	7900	0.000310573
158	7950	0.000310573
159	8000	0.000310573
160	8050	0.000264925
161	8100	0.000156821
162	8150	3.0906e-005
163	8200	3.0906e-005
164	8250	3.0906e-005
165	8300	3.0906e-005
166	8350	3.0906e-005
167	8400	3.0906e-005
168	8450	3.0906e-005
169	8500	3.0906e-005
170	8550	3.0906e-005
171	8600	3.0906e-005
172	8650	3.0906e-005
173	8700	3.0906e-005
174	8750	3.0906e-005
175	8800	3.0906e-005
176	8850	3.0906e-005
177	8900	3.0906e-005
178	8950	3.0906e-005
179	9000	2.88553e-005
180	9050	2.78672e-005
181	9100	1.4486e-005
182	9150	1.4486e-005
183	9200	1.4486e-005
184	9250	1.4486e-005
185	9300	1.4486e-005
186	9350	1.4486e-005
187	9400	1.22516e-005
188	9450	1.22516e-005
189	9500	1.19178e-005
190	9550	1.19178e-005
191	9600	8.17265e-006
192	9650	8.17265e-006
193	9700	8.17265e-006
194	9750	7.63392e-006
195	9800	7.63392e-006
196	9850	5.52742e-006
197	9900	5.52742e-006
198	9950	5.52742e-006
199	10000	5.52742e-006
200	10050	4.94607e-006
201	10100	4.94607e-006
202	10150	4.94607e-006
203	10200	4.39528e-006
204	10250	4.39528e-006
205	10300	4.39528e-006
206	10350	2.33275e-006
207	10400	2.33275e-006
208	10450	2.33275e-006
209	10500	2.33275e-006
210	10550	2.33275e-006
211	10600	2.1923e-006
212	10650	2.1923e-006
213	10700	1.79196e-006
214	10750	1.26224e-006
215	10800	1.26224e-006
216	10850	1.26224e-006
217	10900	1.26224e-006
218	10950	1.26224e-006
219	11000	6.99218e-007
220	11050	5.8912e-007
221	11100	5.57083e-007
222	11150	5.57083e-007
223	11200	5.57083e-007
224	11250	5.57083e-007
225	11300	5.57083e-007
226	11350	5.57083e-007
227	11400	5.57083e-007
228	11450	5.57083e-007
229	11500	5.57083e-007
230	11550	5.26965e-007
231	11600	4.4858e-007
232	11650	4.32153e-007
233	11700	3.90004e-007
234	11750	3.90004e-007
235	11800	3.90004e-007
236	11850	3.81351e-007
237	11900	3.81351e-007
238	11950	3.54014e-007
239	12000	3.54014e-007
240	12050	3.54014e-007
241	12100	3.54014e-007
242	12150	3.54014e-007
243	12200	1.76251e-007
244	12250	1.76251e-007
245	12300	1.76251e-007
246	12350	1.76251e-007
247	12400	1.76251e-007
248	12450	1.76251e-007
249	12500	1.1348e-007
250	12550	1.07699e-007
251	12600	1.07699e-007
252	12650	1.07699e-007
253	12700	1.03553e-007
254	12750	9.83176e-008
255	12800	9.42299e-008
256	12850	7.44593e-008
257	12900	7.24364e-008
258	12950	4.27884e-008
259	13000	4.27884e-008
260	13050	4.27884e-008
261	13100	4.27884e-008
262	13150	4.00664e-008
263	13200	3.66339e-008
264	13250	3.3086e-008
265	13300	3.11647e-008
266	13350	2.14444e-008
267	13400	2.14444e-008
268	13450	2.14444e-008
269	13500	1.83761e-008
270	13550	1.83761e-008
271	13600	1.37657e-008
272	13650	1.2117e-008
273	13700	1.1209e-008
274	13750	7.62778e-009
275	13800	7.62778e-009
276	13850	7.62778e-009
277	13900	6.60192e-009
278	13950	6.60192e-009
279	14000	6.60192e-009
280	14050	6.60192e-009
281	14100	5.43093e-009
282	14150	5.43093e-009
283	14200	5.43093e-009
284	14250	4.24603e-009
285	14300	4.24603e-009
286	14350	4.24603e-009
287	14400	4.11849e-009
288	14450	3.5161e-009
289	14500	3.22385e-009
290	14550	9.8426e-010
291	14600	9.8426e-010
292	14650	9.8426e-010
293	14700	9.8426e-010
294	14750	9.8426e-010
295	14800	9.8426e-010
296	14850	9.8426e-010
297	14900	9.52168e-010
298	14950	9.52168e-010
299	15000	9.52168e-010
300	15050	9.52168e-010
301	15100	9.52168e-010
302	15150	9.52168e-010
303	15200	8.93808e-010
304	15250	4.45332e-010
305	15300	4.19416e-010
306	15350	4.19416e-010
307	15400	4.19416e-010
308	15450	4.19416e-010
309	15500	4.19416e-010
310	15550	4.19416e-010
311	15600	4.19416e-010
312	15650	2.97078e-010
313	15700	2.97078e-010
314	15750	2.78521e-010
315	15800	2.50693e-010
316	15850	2.50693e-010
317	15900	2.17213e-010
318	15950	1.71476e-010
319	16000	1.12136e-010
320	16050	1.12136e-010
321	16100	1.12136e-010
322	16150	9.62823e-011
323	16200	9.62823e-011
324	16250	9.62823e-011
325	16300	9.62823e-011
326	16350	9.62823e-011
327	16400	9.06349e-011
328	16450	8.91897e-011
329	16500	4.83364e-011
330	16550	4.83364e-011
331	16600	4.06839e-011
332	16650	4.06839e-011
333	16700	4.06839e-011
334	16750	4.06839e-011
335	16800	4.04724e-011
336	16850	4.04724e-011
337	16900	3.48243e-011
338	16950	3.48243e-011
339	17000	3.11264e-011
340	17050	3.11264e-011
341	17100	3.11264e-011
342	17150	3.11264e-011
343	17200	2.34292e-011
344	17250	1.7403e-011
345	17300	1.41053e-011
346	17350	9.56261e-012
347	17400	9.25735e-012
348	17450	9.25019e-012
349	17500	9.25019e-012
350	17550	5.71456e-012
351	17600	5.23759e-012
352	17650	5.23759e-012
353	17700	3.77863e-012
354	17750	3.77863e-012
355	17800	3.77863e-012
356	17850	2.7033e-012
357	17900	2.7033e-012
358	17950	2.56308e-012
359	18000	2.56308e-012
360	18050	2.14934e-012
361	18100	2.14934e-012
362	18150	2.14934e-012
363	18200	2.14934e-012
364	18250	2.12979e-012
365	18300	1.60004e-012
366	18350	1.21095e-012
367	18400	1.21095e-012
368	18450	6.42059e-013
369	18500	6.42059e-013
370	18550	6.42059e-013
371	18600	6.42059e-013
372	18650	6.42059e-013
373	18700	6.42059e-013
374	18750	4.20715e-013
375	18800	4.20715e-013
376	18850	4.20715e-013
377	18900	4.20715e-013
378	18950	3.61578e-013
379	19000	3.41584e-013
380	19050	3.41584e-013
381	19100	3.41584e-013
382	19150	3.41584e-013
383	19200	3.41584e-013
384	19250	3.41584e-013
385	19300	3.41584e-013
386	19350	2.39847e-013
387	19400	2.39847e-013
388	19450	2.29312e-013
389	19500	1.85914e-013
390	19550	1.12053e-013
391	19600	1.12053e-013
392	19650	7.70752e-014
393	19700	7.70752e-014
394	19750	2.14894e-014
395	19800	2.14894e-014
396	19850	2.14894e-014
397	19900	2.14894e-014
398	19950	2.14894e-014
399	20000	2.14894e-014
400	20050	2.14894e-014
401	20100	2.14894e-014
402	20150	2.14894e-014
403	20200	2.14894e-014
404	20250	2.14894e-014
405	20300	2.09447e-014
406	20350	2.09447e-014
407	20400	2.09447e-014
408	20450	2.09447e-014
409	20500	1.95268e-014
410	20550	1.95268e-014
411	20600	1.95268e-014
412	20650	1.94955e-014
413	20700	1.73687e-014
414	20750	1.2687e-014
415	20800	1.2687e-014
416	20850	1.2687e-014
417	20900	1.2687e-014
418	20950	1.13993e-014
419	21000	1.09881e-014
420	21050	9.40031e-015
421	21100	5.75764e-015
422	21150	5.75764e-015
423	21200	3.98007e-015
424	21250	3.98007e-015
425	21300	3.98007e-015
426	21350	3.98007e-015
427	21400	3.98007e-015
428	21450	3.68783e-015
429	21500	3.24079e-015
430	21550	2.18837e-015
431	21600	2.18837e-015
432	21650	1.18209e-015
433	21700	1.18209e-015
434	21750	1.18209e-015
435	21800	1.18209e-015
436	21850	1.18209e-015
437	21900	1.18209e-015
438	21950	1.18209e-015
439	22000	1.18209e-015
440	22050	9.40626e-016
441	22100	9.40626e-016
442	22150	8.78648e-016
443	22200	8.78648e-016
444	22250	4.23259e-016
445	22300	4.23259e-016
446	22350	3.80009e-016
447	22400	3.80009e-016
448	22450	3.80009e-016
449	22500	3.80009e-016
450	22550	3.52528e-016
451	22600	3.52528e-016
452	22650	3.52528e-016
453	22700	3.52528e-016
454	22750	2.53164e-016
455	22800	2.53164e-016
456	22850	2.19985e-016
457	22900	2.19985e-016
458	22950	2.19985e-016
459	23000	2.18292e-016
460	23050	1.88108e-016
461	23100	1.88108e-016
462	23150	1.88108e-016
463	23200	1.75636e-016
464	23250	7.53478e-017
465	23300	7.53478e-017
466	23350	7.53478e-017
467	23400	6.72112e-017
468	23450	6.72112e-017
469	23500	6.58109e-017
470	23550	6.22693e-017
471	23600	6.22693e-017
472	23650	4.6171e-017
473	23700	4.6171e-017
474	23750	3.96404e-017
475	23800	3.96404e-017
476	23850	3.96404e-017
477	23900	3.96404e-017
478	23950	2.97542e-017
479	24000	4.98807e-018
480	24050	4.98807e-018
481	24100	4.98807e-018
482	24150	4.98807e-018
483	24200	4.98807e-018
484	24250	4.98807e-018
485	24300	4.98807e-018
486	24350	4.98807e-018
487	24400	4.98807e-018
488	24450	4.98807e-018
489	24500	4.98807e-018
490	24550	4.98807e-018
491	24600	4.98807e-018
492	24650	4.98807e-018
493	24700	4.98807e-018
494	24750	4.98807e-018
495	24800	4.66602e-018
496	24850	3.56839e-018
497	24900	3.31912e-018
498	24950	2.41319e-018
499	25000	2.41319e-018
500	25050	2.41319e-018
501	25100	2.41319e-018
502	25150	2.41319e-018
503	25200	1.45251e-018
504	25250	1.45251e-018
505	25300	9.24412e-019
506	25350	9.24412e-019
507	25400	9.24412e-019
508	25450	9.24412e-019
509	25500	6.39049e-019
510	25550	6.39049e-019
511	25600	6.27446e-019
512	25650	6.27446e-019
513	25700	4.9272e-019
514	25750	4.9272e-019
515	25800	4.9272e-019
516	25850	4.9272e-019
517	25900	4.9272e-019
518	25950	4.9272e-019
519	26000	4.89556e-019
520	26050	4.89556e-019
521	26100	3.22363e-019
522	26150	3.22363e-019
523	26200	3.22363e-019
524	26250	3.22363e-019
525	26300	2.20975e-019
526	26350	2.20975e-019
527	26400	1.66222e-019
528	26450	1.20436e-019
529	26500	1.20436e-019
530	26550	1.03528e-019
531	26600	1.03528e-019
532	26650	1.03528e-019
533	26700	1.03528e-019
534	26750	7.40619e-020
535	26800	7.40619e-020
536	26850	3.98524e-020
537	26900	3.98524e-020
538	26950	3.98524e-020
539	27000	2.5272e-020
540	27050	2.5272e-020
541	27100	2.5272e-020
542	27150	2.5272e-020
543	27200	1.29052e-020
544	27250	1.29052e-020
545	27300	1.29052e-020
546	27350	1.29052e-020
547	27400	1.29052e-020
548	27450	1.29052e-020
549	27500	1.29052e-020
550	27550	1.24888e-020
551	27600	1.24888e-020
552	27650	1.24888e-020
553	27700	8.95428e-021
554	27750	8.95428e-021
555	27800	8.95428e-021
556	27850	6.4196e-021
557	27900	6.4196e-021
558	27950	6.4196e-021
559	28000	6.4196e-021
560	28050	3.38463e-021
561	28100	3.38463e-021
562	28150	3.38463e-021
563	28200	3.38463e-021
564	28250	3.38463e-021
565	28300	3.38297e-021
566	28350	3.38297e-021
567	28400	3.38297e-021
568	28450	2.86675e-021
569	28500	2.86675e-021
570	28550	2.25657e-021
571	28600	2.25657e-021
572	28650	1.70384e-021
573	28700	1.21201e-021
574	28750	1.21201e-021
575	28800	1.11606e-021
576	28850	1.03546e-021
577	28900	1.03546e-021
578	28950	1.03546e-021
579	29000	9.70506e-022
580	29050	9.69764e-022
581	29100	9.69764e-022
582	29150	5.49165e-022
583	29200	5.27476e-022
584	29250	5.27476e-022
585	29300	5.27476e-022
586	29350	4.3679e-022
587	29400	4.3679e-022
588	29450	3.68019e-022
589	29500	2.92506e-022
590	29550	2.92506e-022
591	29600	2.86031e-022
592	29650	2.86031e-022
593	29700	2.40603e-022
594	29750	1.32948e-022
595	29800	1.08799e-022
596	29850	1.08799e-022
597	29900	1.08799e-022
598	29950	1.08799e-022
599	30000	9.96279e-023
600	30050	7.61016e-023
601	30100	7.61016e-023
602	30150	7.61016e-023
603	30200	7.39394e-023
604	30250	7.39394e-023
605	30300	7.39394e-023
606	30350	7.39394e-023
607	30400	3.99586e-023
608	30450	3.99586e-023
609	30500	3.40656e-023
610	30550	3.40656e-023
611	30600	3.40656e-023
612	30650	3.40656e-023
613	30700	3.40656e-023
614	30750	3.40656e-023
615	30800	3.08782e-023
616	30850	3.08782e-023
617	30900	1.1887e-023
618	30950	1.1887e-023
619	31000	1.1887e-023
620	31050	1.1887e-023
621	31100	1.12395e-023
622	31150	9.53397e-024
623	31200	9.53397e-024
624	31250	9.53397e-024
625	31300	9.53397e-024
626	31350	9.53397e-024
627	31400	6.49019e-024
628	31450	6.49019e-024
629	31500	6.49019e-024
630	31550	4.63982e-024
631	31600	4.6037e-024
632	31650	4.6037e-024
633	31700	3.25613e-024
634	31750	2.58053e-024
635	31800	2.47019e-024
636	31850	2.47019e-024
637	31900	2.47019e-024
638	31950	2.47019e-024
639	32000	2.3252e-024
640	32050	2.13521e-024
641	32100	1.88769e-024
642	32150	1.88769e-024
643	32200	1.00612e-024
644	32250	1.00612e-024
645	32300	1.00612e-024
646	32350	1.00612e-024
647	32400	1.00612e-024
648	32450	1.00612e-024
649	32500	1.00612e-024
650	32550	9.67455e-025
651	32600	8.9407e-025
652	32650	8.9407e-025
653	32700	7.7888e-025
654	32750	7.7888e-025
655	32800	7.7888e-025
656	32850	5.37007e-025
657	32900	5.37007e-025
658	32950	3.77865e-025
659	33000	3.77865e-025
660	33050	3.46255e-025
661	33100	2.51647e-025
662	33150	1.83607e-025
663	33200	1.83607e-025
664	33250	1.83607e-025
665	33300	1.83607e-025
666	33350	1.83607e-025
667	33400	1.14895e-025
668	33450	1.14895e-025
669	33500	1.00761e-025
670	33550	6.96396e-026
671	33600	6.96396e-026
672	33650	6.96396e-026
673	33700	6.96396e-026
674	33750	5.79628e-026
675	33800	5.79628e-026
676	33850	5.79628e-026
677	33900	5.79628e-026
678	33950	5.79628e-026
679	34000	4.26607e-026
680	34050	4.26607e-026
681	34100	4.26607e-026
682	34150	3.2972e-026
683	34200	3.2511e-026
684	34250	3.2511e-026
685	34300	1.64359e-026
686	34350	1.60098e-026
687	34400	1.44824e-026
688	34450	1.44824e-026
689	34500	1.24562e-026
690	34550	1.23584e-026
691	34600	1.23584e-026
692	34650	1.23584e-026
693	34700	1.23584e-026
694	34750	1.23584e-026
695	34800	8.73538e-027
696	34850	8.73538e-027
697	34900	7.09934e-027
698	34950	6.80537e-027
699	35000	6.80537e-027
700	35050	6.43397e-027
701	35100	6.43397e-027
702	35150	6.43397e-027
703	35200	3.68096e-027
704	35250	3.68096e-027
705	35300	3.68096e-027
706	35350	2.20635e-027
707	35400	2.20635e-027
708	35450	2.20635e-027
709	35500	2.20635e-027
710	35550	1.54697e-027
711	35600	1.54697e-027
712	35650	1.54697e-027
713	35700	1.4332e-027
714	35750	1.4332e-027
715	35800	8.26268e-028
716	35850	8.26268e-028
717	35900	8.26268e-028
718	35950	8.26268e-028
719	36000	8.26268e-028
720	36050	7.30823e-028
721	36100	3.3534e-028
722	36150	3.3534e-028
723	36200	3.3534e-028
724	36250	2.7366e-028
725	36300	2.7366e-028
726	36350	2.7366e-028
727	36400	2.7366e-028
728	36450	2.7366e-028
729	36500	2.7366e-028
730	36550	2.13793e-028
731	36600	2.02351e-028
732	36650	1.95039e-028
733	36700	1.95039e-028
734	36750	1.95039e-028
735	36800	1.95039e-028
736	36850	1.48366e-028
737	36900	1.48366e-028
738	36950	8.0836e-029
739	37000	8.0836e-029
740	37050	7.08217e-029
741	37100	7.08217e-029
742	37150	4.32594e-029
743	37200	4.32594e-029
744	37250	4.32594e-029
745	37300	4.32594e-029
746	37350	4.32594e-029
747	37400	4.32594e-029
748	37450	4.32594e-029
749	37500	4.32594e-029
750	37550	3.81727e-029
751	37600	3.81727e-029
752	37650	3.81727e-029
753	37700	2.8906e-029
754	37750	2.8906e-029
755	37800	2.8906e-029
756	37850	2.8906e-029
757	37900	2.8906e-029
758	37950	2.8906e-029
759	38000	2.14527e-029
760	38050	1.96726e-029
761	38100	1.96726e-029
762	38150	1.09682e-029
763	38200	1.09682e-029
764	38250	1.09682e-029
765	38300	1.09682e-029
766	38350	1.09682e-029
767	38400	6.72165e-030
768	38450	6.72165e-030
769	38500	6.72165e-030
770	38550	6.72165e-030
771	38600	5.48916e-030
772	38650	5.48916e-030
773	38700	5.48916e-030
774	38750	4.77017e-030
775	38800	4.77017e-030
776	38850	2.87455e-030
777	38900	2.87455e-030
778	38950	2.87455e-030
779	39000	2.87455e-030
780	39050	2.87455e-030
781	39100	2.19581e-030
782	39150	2.19581e-030
783	39200	2.19581e-030
784	39250	2.19581e-030
785	39300	1.66932e-030
786	39350	1.66932e-030
787	39400	1.64856e-030
788	39450	1.31989e-030
789	39500	1.31989e-030
790	39550	1.2285e-030
791	39600	1.2285e-030
792	39650	6.64066e-031
793	39700	6.64066e-031
794	39750	6.64066e-031
795	39800	6.64066e-031
796	39850	6.64066e-031
797	39900	6.64066e-031
798	39950	5.15022e-031
799	40000	5.15022e-031
800	40050	5.15022e-031
801	40100	2.70881e-031
802	40150	2.70881e-031
803	40200	2.08886e-031
804	40250	2.08886e-031
805	40300	2.08886e-031
806	40350	2.08886e-031
807	40400	2.08886e-031
808	40450	2.00108e-031
809	40500	1.40209e-031
810	40550	1.35165e-031
811	40600	1.35165e-031
812	40650	1.35165e-031
813	40700	1.35165e-031
814	40750	1.16523e-031
815	40800	1.16523e-031
816	40850	1.16523e-031
817	40900	1.16523e-031
818	40950	1.16523e-031
819	41000	9.93333e-032
820	41050	8.80618e-032
821	41100	6.70272e-032
822	41150	5.76592e-032
823	41200	5.38199e-032
824	41250	5.38199e-032
825	41300	3.10932e-032
826	41350	3.10932e-032
827	41400	3.10932e-032
828	41450	2.80891e-032
829	41500	2.80891e-032
830	41550	2.80891e-032
831	41600	1.6622e-032
832	41650	1.6622e-032
833	41700	1.6622e-032
834	41750	1.6622e-032
835	41800	1.6622e-032
836	41850	1.6622e-032
837	41900	1.6622e-032
838	41950	1.47005e-032
839	42000	8.9984e-033
840	42050	8.9984e-033
841	42100	8.9984e-033
842	42150	8.9984e-033
843	42200	8.9984e-033
844	42250	7.88925e-033
845	42300	7.88925e-033
846	42350	4.42191e-033
847	42400	3.67854e-033
848	42450	3.67854e-033
849	42500	2.96732e-033
850	42550	2.96732e-033
851	42600	2.96732e-033
852	42650	2.96732e-033
853	42700	2.96339e-033
854	42750	1.61346e-033
855	42800	1.61346e-033
856	42850	1.61346e-033
857	42900	1.55057e-033
858	42950	1.55057e-033
859	43000	1.16318e-033
860	43050	1.16318e-033
861	43100	1.16318e-033
862	43150	8.02536e-034
863	43200	8.02536e-034
864	43250	8.02536e-034
865	43300	8.02536e-034
866	43350	8.02536e-034
867	43400	8.02536e-034
868	43450	8.02536e-034
869	43500	7.21065e-034
870	43550	5.20251e-034
871	43600	4.1103e-034
872	43650	3.07705e-034
873	43700	2.8236e-034
874	43750	2.8236e-034
875	43800	2.8236e-034
876	43850	1.9347e-034
877	43900	1.9347e-034
878	43950	1.6544e-034
879	44000	1.6544e-034
880	44050	1.6544e-034
881	44100	1.36991e-034
882	44150	1.36991e-034
883	44200	9.54115e-035
884	44250	9.54115e-035
885	44300	9.54115e-035
886	44350	9.54115e-035
887	44400	9.54115e-035
888	44450	9.54115e-035
889	44500	9.54115e-035
890	44550	9.54115e-035
891	44600	7.07181e-035
892	44650	7.07181e-035
893	44700	7.07181e-035
894	44750	4.55286e-035
895	44800	4.55286e-035
896	44850	4.55286e-035
897	44900	4.28591e-035
898	44950	4.1415e-035
899	45000	4.1415e-035
900	45050	1.4464e-035
901	45100	1.4464e-035
902	45150	1.03413e-035
903	45200	1.03413e-035
904	45250	1.03413e-035
905	45300	1.03413e-035
906	45350	1.03413e-035
907	45400	1.03413e-035
908	45450	9.39502e-036
909	45500	9.39502e-036
910	45550	9.39502e-036
911	45600	9.39502e-036
912	45650	5.22797e-036
913	45700	5.22797e-036
914	45750	5.22797e-036
915	45800	5.22797e-036
916	45850	5.22797e-036
917	45900	4.65548e-036
918	45950	4.65548e-036
919	46000	2.9707e-036
920	46050	2.9707e-036
921	46100	2.26436e-036
922	46150	2.26436e-036
923	46200	2.26436e-036
924	46250	2.26436e-036
925	46300	1.59879e-036
926	46350	1.59879e-036
927	46400	1.59879e-036
928	46450	1.59879e-036
929	46500	1.59879e-036
930	46550	1.0715e-036
931	46600	1.05562e-036
932	46650	1.05562e-036
933	46700	1.05562e-036
934	46750	1.05562e-036
935	46800	1.05562e-036
936	46850	9.12115e-037
937	46900	7.26885e-037
938	46950	7.26885e-037
939	47000	6.07201e-037
940	47050	6.07201e-037
941	47100	6.07201e-037
942	47150	5.77109e-037
943	47200	5.48735e-037
944	47250	4.93734e-037
945	47300	4.93734e-037
946	47350	2.87177e-037
947	47400	2.87177e-037
948	47450	2.87177e-037
949	47500	2.87177e-037
950	47550	2.87177e-037
951	47600	2.01679e-037
952	47650	1.90721e-037
953	47700	1.09177e-037
954	47750	9.18394e-038
955	47800	9.18394e-038
956	47850	9.18394e-038
957	47900	9.18394e-038
958	47950	9.18394e-038
959	48000	9.18394e-038
960	48050	9.18394e-038
961	48100	9.18394e-038
962	48150	4.61688e-038
963	48200	4.19663e-038
964	48250	4.19663e-038
965	48300	4.19663e-038
966	48350	4.17518e-038
967	48400	4.17518e-038
968	48450	3.75837e-038
969	48500	3.75837e-038
970	48550	3.49545e-038
971	48600	3.49545e-038
972	48650	3.49545e-038
973	48700	2.38264e-038
974	48750	2.38264e-038
975	48800	1.71695e-038
976	48850	1.71695e-038
977	48900	1.65322e-038
978	48950	1.54417e-038
979	49000	1.03634e-038
980	49050	1.03634e-038
981	49100	1.03634e-038
982	49150	1.03634e-038
983	49200	9.28538e-039
984	49250	9.28538e-039
985	49300	8.87814e-039
986	49350	8.87814e-039
987	49400	8.87814e-039
988	49450	8.87814e-039
989	49500	8.87814e-039
990	49550	6.63202e-039
991	49600	6.29549e-039
992	49650	4.58358e-039
993	49700	3.72017e-039
994	49750	3.40056e-039
995	49800	3.40056e-039
996	49850	3.40056e-039
997	49900	3.40056e-039
998	49950	3.40056e-039
999	50000	3.40056e-039
1000	50050	2.24545e-039
1001	50100	1.68843e-039
1002	50150	1.68843e-039
1003	50200	1.68843e-039
1004	50250	1.29702e-039
1005	50300	1.29702e-039
1006	50350	1.29702e-039
1007	50400	1.29702e-039
1008	50450	9.31186e-040
1009	50500	9.31186e-040
1010	50550	9.31186e-040
1011	50600	9.31186e-040
1012	50650	9.31186e-040
1013	50700	5.28297e-040
1014	50750	5.28297e-040
1015	50800	5.00216e-040
1016	50850	2.59736e-040
1017	50900	2.59736e-040
1018	50950	2.59736e-040
1019	51000	2.59736e-040
1020	51050	1.94096e-040
1021	51100	1.94096e-040
1022	51150	1.94096e-040
1023	51200	1.46618e-040
1024	51250	1.46618e-040
1025	51300	1.46618e-040
1026	51350	1.46618e-040
1027	51400	1.46618e-040
1028	51450	1.46618e-040
1029	51500	1.09942e-040
1030	51550	8.72096e-041
1031	51600	8.72096e-041
1032	51650	8.72096e-041
1033	51700	8.72096e-041
1034	51750	8.69198e-041
1035	51800	8.69198e-041
1036	51850	8.69198e-041
1037	51900	6.21948e-041
1038	51950	3.63072e-041
1039	52000	2.96216e-041
1040	52050	2.96216e-041
1041	52100	2.96216e-041
1042	52150	2.11391e-041
1043	52200	2.11391e-041
1044	52250	2.11391e-041
1045	52300	2.11391e-041
1046	52350	2.11391e-041
1047	52400	2.11391e-041
1048	52450	2.08589e-041
1049	52500	2.08589e-041
1050	52550	2.08589e-041
1051	52600	1.90924e-041
1052	52650	1.63543e-041
1053	52700	1.50165e-041
1054	52750	1.37889e-041
1055	52800	1.37889e-041
1056	52850	1.16777e-041
1057	52900	1.16777e-041
1058	52950	1.01196e-041
1059	53000	9.24886e-042
1060	53050	8.75898e-042
1061	53100	6.37302e-042
1062	53150	6.37302e-042
1063	53200	6.37302e-042
1064	53250	5.71422e-042
1065	53300	3.43699e-042
1066	53350	3.43699e-042
1067	53400	3.43699e-042
1068	53450	2.41775e-042
1069	53500	2.41775e-042
1070	53550	2.41775e-042
1071	53600	2.41775e-042
1072	53650	2.41775e-042
1073	53700	2.28213e-042
1074	53750	2.14451e-042
1075	53800	2.14451e-042
1076	53850	1.94868e-042
1077	53900	1.94868e-042
1078	53950	1.57576e-042
1079	54000	9.5377e-043
1080	54050	9.5377e-043
1081	54100	4.7174e-043
1082	54150	4.7174e-043
1083	54200	4.7174e-043
1084	54250	4.7174e-043
1085	54300	4.7174e-043
1086	54350	4.61132e-043
1087	54400	4.61132e-043
1088	54450	4.61132e-043
1089	54500	4.61132e-043
1090	54550	3.58029e-043
1091	54600	3.58029e-043
1092	54650	3.58029e-043
1093	54700	3.58029e-043
1094	54750	2.6047e-043
1095	54800	2.34897e-043
1096	54850	2.34897e-043
1097	54900	1.9153e-043
1098	54950	1.27713e-043
1099	55000	8.18205e-044
1100	55050	8.18205e-044
1101	55100	8.18205e-044
1102	55150	8.18205e-044
1103	55200	8.18205e-044
1104	55250	7.80423e-044
1105	55300	6.7509e-044
1106	55350	6.7509e-044
1107	55400	6.7509e-044
1108	55450	6.7509e-044
1109	55500	6.7509e-044
1110	55550	6.7509e-044
1111	55600	6.7509e-044
1112	55650	5.89975e-044
1113	55700	5.89975e-044
1114	55750	3.04791e-044
1115	55800	3.04791e-044
1116	55850	3.04791e-044
1117	55900	3.04791e-044
1118	55950	2.94943e-044
1119	56000	2.73429e-044
1120	56050	2.73429e-044
1121	56100	1.325e-044
1122	56150	1.325e-044
1123	56200	1.29036e-044
1124	56250	9.63705e-045
1125	56300	8.34766e-045
1126	56350	7.33532e-045
1127	56400	7.33532e-045
1128	56450	7.33532e-045
1129	56500	7.33532e-045
1130	56550	7.33532e-045
1131	56600	6.80518e-045
1132	56650	6.75778e-045
1133	56700	4.96458e-045
1134	56750	4.89197e-045
1135	56800	4.61272e-045
1136	56850	4.61272e-045
1137	56900	4.61272e-045
1138	56950	3.90753e-045
1139	57000	3.90753e-045
1140	57050	3.90753e-045
1141	57100	1.78593e-045
1142	57150	1.78593e-045
1143	57200	1.78593e-045
1144	57250	1.78593e-045
1145	57300	1.78593e-045
1146	57350	1.78593e-045
1147	57400	7.56217e-046
1148	57450	7.56217e-046
1149	57500	7.56217e-046
1150	57550	7.56217e-046
1151	57600	7.56217e-046
1152	57650	7.56217e-046
1153	57700	7.48601e-046
1154	57750	7.48601e-046
1155	57800	7.48601e-046
1156	57850	5.86632e-046
1157	57900	5.52739e-046
1158	57950	3.3319e-046
1159	58000	2.85729e-046
1160	58050	2.85729e-046
1161	58100	2.83384e-046
1162	58150	2.83384e-046
1163	58200	2.83384e-046
1164	58250	2.45425e-046
1165	58300	2.45425e-046
1166	58350	1.591e-046
1167	58400	1.591e-046
1168	58450	1.591e-046
1169	58500	7.69969e-047
1170	58550	7.69969e-047
1171	58600	7.69969e-047
1172	58650	7.69969e-047
1173	58700	7.69969e-047
1174	58750	7.69969e-047
1175	58800	7.69969e-047
1176	58850	4.73264e-047
1177	58900	4.73264e-047
1178	58950	4.64975e-047
1179	59000	4.64975e-047
1180	59050	4.64975e-047
1181	59100	3.92113e-047
1182	59150	3.92113e-047
1183	59200	3.92113e-047
1184	59250	3.92113e-047
1185	59300	3.92113e-047
1186	59350	3.45719e-047
1187	59400	3.42889e-047
1188	59450	3.42889e-047
1189	59500	2.71072e-047
1190	59550	2.11128e-047
1191	59600	1.9794e-047
1192	59650	1.9794e-047
1193	59700	1.79381e-047
1194	59750	1.79381e-047
1195	59800	1.53947e-047
1196	59850	1.53947e-047
1197	59900	1.10576e-047
1198	59950	9.32305e-048
1199	60000	9.32305e-048
1200	60050	9.32305e-048
1201	60100	9.32305e-048
1202	60150	8.5131e-048
1203	60200	3.84933e-048
1204	60250	3.84933e-048
1205	60300	3.84933e-048
1206	60350	3.84933e-048
1207	60400	3.84933e-048
1208	60450	3.84933e-048
1209	60500	3.84933e-048
1210	60550	3.55204e-048
1211	60600	3.55204e-048
1212	60650	3.55204e-048
1213	60700	3.55204e-048
1214	60750	3.55204e-048
1215	60800	3.55204e-048
1216	60850	3.55204e-048
1217	60900	3.55204e-048
1218	60950	2.25788e-048
1219	61000	2.08177e-048
1220	61050	2.08177e-048
1221	61100	1.18003e-048
1222	61150	1.18003e-048
1223	61200	1.18003e-048
1224	61250	3.16363e-049
1225	61300	3.16363e-049
1226	61350	3.16363e-049
1227	61400	3.16363e-049
1228	61450	3.16363e-049
1229	61500	3.16363e-049
1230	61550	3.16363e-049
1231	61600	2.91435e-049
1232	61650	2.91435e-049
1233	61700	2.62697e-049
1234	61750	2.62697e-049
1235	61800	2.62697e-049
1236	61850	2.57495e-049
1237	61900	2.57495e-049
1238	61950	8.58807e-050
1239	62000	8.58807e-050
1240	62050	8.58807e-050
1241	62100	8.58807e-050
1242	62150	8.58807e-050
1243	62200	8.58807e-050
1244	62250	8.58807e-050
1245	62300	8.58807e-050
1246	62350	8.58807e-050
1247	62400	8.58807e-050
1248	62450	8.42701e-050
1249	62500	8.42701e-050
1250	62550	8.38348e-050
1251	62600	7.41327e-050
1252	62650	3.17421e-050
1253	62700	2.61029e-050
1254	62750	2.61029e-050
1255	62800	2.61029e-050
1256	62850	2.61029e-050
1257	62900	2.61029e-050
1258	62950	2.54173e-050
1259	63000	2.54173e-050
1260	63050	1.40082e-050
1261	63100	1.40082e-050
1262	63150	1.40082e-050
1263	63200	1.40082e-050
1264	63250	1.40082e-050
1265	63300	1.40082e-050
1266	63350	1.40082e-050
1267	63400	1.40082e-050
1268	63450	1.40082e-050
1269	63500	1.40082e-050
1270	63550	9.58925e-051
1271	63600	9.58925e-051
1272	63650	9.58925e-051
1273	63700	9.58925e-051
1274	63750	9.58925e-051
1275	63800	9.52782e-051
1276	63850	8.51643e-051
1277	63900	5.39714e-051
1278	63950	5.39714e-051
1279	64000	4.57735e-051
1280	64050	4.57735e-051
1281	64100	4.57735e-051
1282	64150	4.57735e-051
1283	64200	4.57735e-051
1284	64250	4.16979e-051
1285	64300	2.83833e-051
1286	64350	2.367e-051
1287	64400	2.367e-051
1288	64450	2.367e-051
1289	64500	1.91233e-051
1290	64550	1.71414e-051
1291	64600	5.83885e-052
1292	64650	5.83885e-052
1293	64700	5.42293e-052
1294	64750	5.42293e-052
1295	64800	5.42293e-052
1296	64850	5.42293e-052
1297	64900	5.15764e-052
1298	64950	5.15764e-052
1299	65000	5.15764e-052
1300	65050	5.04534e-052
1301	65100	3.73223e-052
1302	65150	3.63162e-052
1303	65200	3.63162e-052
1304	65250	3.63162e-052
1305	65300	3.63162e-052
1306	65350	3.03025e-052
1307	65400	3.03025e-052
1308	65450	2.74139e-052
1309	65500	2.74139e-052
1310	65550	2.07175e-052
1311	65600	2.07175e-052
1312	65650	2.07175e-052
1313	65700	1.91405e-052
1314	65750	1.1071e-052
1315	65800	7.76481e-053
1316	65850	7.76481e-053
1317	65900	7.76481e-053
1318	65950	7.76481e-053
1319	66000	7.76481e-053
1320	66050	6.3051e-053
1321	66100	6.199e-053
1322	66150	6.199e-053
1323	66200	4.52336e-053
1324	66250	4.20407e-053
1325	66300	4.20407e-053
1326	66350	2.27828e-053
1327	66400	2.08631e-053
1328	66450	2.08631e-053
1329	66500	2.08631e-053
1330	66550	2.08631e-053
1331	66600	2.08631e-053
1332	66650	2.08631e-053
1333	66700	2.08631e-053
1334	66750	1.85573e-053
1335	66800	1.85573e-053
1336	66850	1.07431e-053
1337	66900	1.07431e-053
1338	66950	1.07431e-053
1339	67000	1.07431e-053
1340	67050	6.52648e-054
1341	67100	6.52648e-054
1342	67150	6.52648e-054
1343	67200	6.52648e-054
1344	67250	6.52648e-054
1345	67300	6.52648e-054
1346	67350	6.52648e-054
1347	67400	6.26663e-054
1348	67450	6.26663e-054
1349	67500	5.89804e-054
1350	67550	4.61146e-054
1351	67600	4.61146e-054
1352	67650	4.02329e-054
1353	67700	2.70764e-054
1354	67750	2.36472e-054
1355	67800	2.36472e-054
1356	67850	1.58187e-054
1357	67900	1.48241e-054
1358	67950	1.3041e-054
1359	68000	1.3041e-054
1360	68050	1.21898e-054
1361	68100	1.21898e-054
1362	68150	1.21898e-054
1363	68200	1.10877e-054
1364	68250	1.10877e-054
1365	68300	1.10877e-054
1366	68350	4.94077e-055
1367	68400	4.94077e-055
1368	68450	4.94077e-055
1369	68500	3.32118e-055
1370	68550	3.32118e-055
1371	68600	3.32118e-055
1372	68650	3.0783e-055
1373	68700	2.76109e-055
1374	68750	2.64179e-055
1375	68800	2.64179e-055
1376	68850	2.64179e-055
1377	68900	2.64179e-055
1378	68950	2.64179e-055
1379	69000	2.15867e-055
1380	69050	1.91328e-055
1381	69100	1.91328e-055
1382	69150	1.91328e-055
1383	69200	1.91328e-055
1384	69250	1.57343e-055
1385	69300	1.57343e-055
1386	69350	1.25401e-055
1387	69400	8.67944e-056
1388	69450	8.67944e-056
1389	69500	8.67944e-056
1390	69550	6.78403e-056
1391	69600	6.78403e-056
1392	69650	6.78403e-056
1393	69700	6.62308e-056
1394	69750	5.51609e-056
1395	69800	5.51609e-056
1396	69850	4.55211e-056
1397	69900	3.39133e-056
1398	69950	2.54219e-056
1399	70000	2.12024e-056
1400	70050	2.12024e-056
1401	70100	2.12024e-056
1402	70150	2.12024e-056
1403	70200	2.12024e-056
1404	70250	2.12024e-056
1405	70300	2.12024e-056
1406	70350	1.74322e-056
1407	70400	1.11166e-056
1408	70450	1.05265e-056
1409	70500	1.05265e-056
1410	70550	8.22421e-057
1411	70600	4.96639e-057
1412	70650	4.96639e-057
1413	70700	4.96639e-057
1414	70750	4.96639e-057
1415	70800	4.96639e-057
1416	70850	3.48653e-057
1417	70900	3.48653e-057
1418	70950	3.48653e-057
1419	71000	3.48653e-057
1420	71050	2.42921e-057
1421	71100	2.42921e-057
1422	71150	2.42921e-057
1423	71200	2.37224e-057
1424	71250	2.16625e-057
1425	71300	2.16625e-057
1426	71350	2.16625e-057
1427	71400	1.75296e-057
1428	71450	1.3349e-057
1429	71500	1.3349e-057
1430	71550	1.3349e-057
1431	71600	1.3349e-057
1432	71650	1.25795e-057
1433	71700	1.25795e-057
1434	71750	1.01715e-057
1435	71800	4.66197e-058
1436	71850	4.66197e-058
1437	71900	4.66197e-058
1438	71950	4.66197e-058
1439	72000	4.66197e-058
1440	72050	4.66197e-058
1441	72100	4.57051e-058
1442	72150	3.60752e-058
1443	72200	2.89153e-058
1444	72250	2.89153e-058
1445	72300	2.89153e-058
1446	72350	2.89153e-058
1447	72400	2.44598e-058
1448	72450	1.96445e-058
1449	72500	1.96445e-058
1450	72550	1.96445e-058
1451	72600	1.71191e-058
1452	72650	1.64686e-058
1453	72700	1.64686e-058
1454	72750	1.33099e-058
1455	72800	1.32424e-058
1456	72850	1.10796e-058
1457	72900	1.10796e-058
1458	72950	1.0965e-058
1459	73000	9.09664e-059
1460	73050	7.32326e-059
1461	73100	6.7143e-059
1462	73150	6.7143e-059
1463	73200	6.7143e-059
1464	73250	6.7143e-059
1465	73300	5.10297e-059
1466	73350	5.10297e-059
1467	73400	4.71676e-059
1468	73450	4.69504e-059
1469	73500	2.33693e-059
1470	73550	2.32395e-059
1471	73600	1.99767e-059
1472	73650	1.99767e-059
1473	73700	1.99767e-059
1474	73750	1.99767e-059
1475	73800	1.99767e-059
1476	73850	1.56473e-059
1477	73900	1.4512e-059
1478	73950	1.4512e-059
1479	74000	1.4512e-059
1480	74050	1.27217e-059
1481	74100	1.27217e-059
1482	74150	1.20225e-059
1483	74200	7.93387e-060
1484	74250	7.93387e-060
1485	74300	6.47884e-060
1486	74350	6.27408e-060
1487	74400	5.45036e-060
1488	74450	5.45036e-060
1489	74500	5.45036e-060
1490	74550	3.9785e-060
1491	74600	3.9785e-060
1492	74650	3.97456e-060
1493	74700	3.95426e-060
1494	74750	3.95426e-060
1495	74800	2.05776e-060
1496	74850	2.05776e-060
1497	74900	2.05776e-060
1498	74950	1.5197e-060
1499	75000	1.5197e-060
1500	75050	1.5197e-060
1501	75100	1.45087e-060
1502	75150	1.45087e-060
1503	75200	1.45087e-060
1504	75250	1.45087e-060
1505	75300	9.95393e-061
1506	75350	9.95393e-061
1507	75400	9.95393e-061
1508	75450	9.95393e-061
1509	75500	9.95393e-061
1510	75550	8.81234e-061
1511	75600	8.34942e-061
1512	75650	8.34942e-061
1513	75700	2.48063e-061
1514	75750	1.28536e-061
1515	75800	1.28536e-061
1516	75850	1.23152e-061
1517	75900	1.23152e-061
1518	75950	1.23152e-061
1519	76000	1.23152e-061
1520	76050	1.23152e-061
1521	76100	1.23152e-061
1522	76150	1.23152e-061
1523	76200	1.23152e-061
1524	76250	1.23152e-061
1525	76300	1.23152e-061
1526	76350	1.23152e-061
1527	76400	1.13542e-061
1528	76450	1.13542e-061
1529	76500	8.05856e-062
1530	76550	8.05856e-062
1531	76600	8.05856e-062
1532	76650	6.06279e-062
1533	76700	4.11687e-062
1534	76750	4.11687e-062
1535	76800	3.94713e-062
1536	76850	3.86717e-062
1537	76900	2.81806e-062
1538	76950	2.81806e-062
1539	77000	2.81806e-062
1540	77050	2.81806e-062
1541	77100	2.81806e-062
1542	77150	2.79162e-062
1543	77200	2.75439e-062
1544	77250	2.56464e-062
1545	77300	2.40946e-062
1546	77350	2.40946e-062
1547	77400	2.29954e-062
1548	77450	1.90937e-062
1549	77500	1.90937e-062
1550	77550	1.90937e-062
1551	77600	1.15614e-062
1552	77650	9.15945e-063
1553	77700	9.15945e-063
1554	77750	9.15945e-063
1555	77800	9.15945e-063
1556	77850	8.71139e-063
1557	77900	4.24353e-063
1558	77950	4.24353e-063
1559	78000	4.24353e-063
1560	78050	4.24353e-063
1561	78100	4.24353e-063
1562	78150	3.1888e-063
1563	78200	3.03913e-063
1564	78250	3.03913e-063
1565	78300	3.03913e-063
1566	78350	3.03913e-063
1567	78400	2.79857e-063
1568	78450	2.77027e-063
1569	78500	2.68969e-063
1570	78550	2.68969e-063
1571	78600	2.68969e-063
1572	78650	2.38473e-063
1573	78700	1.32049e-063
1574	78750	1.32049e-063
1575	78800	1.10269e-063
1576	78850	1.10269e-063
1577	78900	1.10269e-063
1578	78950	1.10269e-063
1579	79000	1.04916e-063
1580	79050	8.18601e-064
1581	79100	4.86441e-064
1582	79150	4.86441e-064
1583	79200	4.86441e-064
1584	79250	4.86441e-064
1585	79300	4.86441e-064
1586	79350	4.86441e-064
1587	79400	4.86441e-064
1588	79450	4.86441e-064
1589	79500	4.86441e-064
1590	79550	3.62303e-064
1591	79600	3.62303e-064
1592	79650	2.89296e-064
1593	79700	2.89296e-064
1594	79750	2.37207e-064
1595	79800	1.93168e-064
1596	79850	1.93168e-064
1597	79900	1.34411e-064
1598	79950	1.34411e-064
1599	80000	1.34411e-064
1600	80050	1.34411e-064
1601	80100	1.34411e-064
1602	80150	1.04121e-064
1603	80200	1.04121e-064
1604	80250	1.04121e-064
1605	80300	7.8383e-065
1606	80350	7.76467e-065
1607	80400	6.76604e-065
1608	80450	6.76604e-065
1609	80500	6.4867e-065
1610	80550	6.4867e-065
1611	80600	6.4867e-065
1612	80650	4.91198e-065
1613	80700	4.91198e-065
1614	80750	4.86746e-065
1615	80800	4.86746e-065
1616	80850	4.7721e-065
1617	80900	3.29619e-065
1618	80950	3.15276e-065
1619	81000	3.15276e-065
1620	81050	1.50208e-065
1621	81100	1.50208e-065
1622	81150	1.50208e-065
1623	81200	1.40115e-065
1624	81250	1.25071e-065
1625	81300	1.25071e-065
1626	81350	1.07974e-065
1627	81400	8.00318e-066
1628	81450	5.58878e-066
1629	81500	5.58878e-066
1630	81550	5.58878e-066
1631	81600	5.58878e-066
1632	81650	5.58878e-066
1633	81700	2.34074e-066
1634	81750	2.34074e-066
1635	81800	2.34074e-066
1636	81850	2.34074e-066
1637	81900	2.34074e-066
1638	81950	2.34074e-066
1639	82000	2.34074e-066
1640	82050	2.28456e-066
1641	82100	2.28456e-066
1642	82150	2.28456e-066
1643	82200	2.24506e-066
1644	82250	1.51245e-066
1645	82300	1.51245e-066
1646	82350	1.51245e-066
1647	82400	6.4979e-067
1648	82450	6.4979e-067
1649	82500	6.4979e-067
1650	82550	6.4979e-067
1651	82600	6.4979e-067
1652	82650	6.4979e-067
1653	82700	6.4979e-067
1654	82750	6.33847e-067
1655	82800	2.06999e-067
1656	82850	2.06999e-067
1657	82900	2.06999e-067
1658	82950	2.06999e-067
1659	83000	2.06999e-067
1660	83050	2.06999e-067
1661	83100	2.06999e-067
1662	83150	2.06999e-067
1663	83200	2.06999e-067
1664	83250	2.06999e-067
1665	83300	1.3401e-067
1666	83350	1.31777e-067
1667	83400	1.0099e-067
1668	83450	1.0099e-067
1669	83500	1.0099e-067
1670	83550	1.0099e-067
1671	83600	9.02172e-068
1672	83650	4.27423e-068
1673	83700	4.27423e-068
1674	83750	4.27423e-068
1675	83800	4.27423e-068
1676	83850	3.33311e-068
1677	83900	3.33311e-068
1678	83950	3.33311e-068
1679	84000	3.33311e-068
1680	84050	3.33311e-068
1681	84100	2.34938e-068
1682	84150	2.34938e-068
1683	84200	1.83923e-068
1684	84250	1.83923e-068
1685	84300	1.11132e-068
1686	84350	1.11132e-068
1687	84400	1.11132e-068
1688	84450	1.11132e-068
1689	84500	1.11132e-068
1690	84550	1.11132e-068
1691	84600	1.11132e-068
1692	84650	1.11132e-068
1693	84700	1.08599e-068
1694	84750	1.08599e-068
1695	84800	1.08599e-068
1696	84850	1.08599e-068
1697	84900	6.5383e-069
1698	84950	6.50405e-069
1699	85000	6.50405e-069
1700	85050	4.26872e-069
1701	85100	4.26872e-069
1702	85150	4.26872e-069
1703	85200	4.26872e-069
1704	85250	3.97119e-069
1705	85300	3.97119e-069
1706	85350	3.52251e-069
1707	85400	3.52251e-069
1708	85450	2.08566e-069
1709	85500	2.08566e-069
1710	85550	1.96371e-069
1711	85600	1.09781e-069
1712	85650	1.09781e-069
1713	85700	1.05791e-069
1714	85750	1.05791e-069
1715	85800	1.05791e-069
1716	85850	1.05791e-069
1717	85900	7.21319e-070
1718	85950	7.21319e-070
1719	86000	7.02214e-070
1720	86050	6.07556e-070
1721	86100	6.07556e-070
1722	86150	5.53794e-070
1723	86200	5.53794e-070
1724	86250	5.53794e-070
1725	86300	4.79937e-070
1726	86350	4.78526e-070
1727	86400	4.66908e-070
1728	86450	2.91109e-070
1729	86500	2.91109e-070
1730	86550	2.82874e-070
1731	86600	2.1874e-070
1732	86650	2.1874e-070
1733	86700	1.65461e-070
1734	86750	1.65461e-070
1735	86800	1.65461e-070
1736	86850	1.41752e-070
1737	86900	1.35726e-070
1738	86950	1.35726e-070
1739	87000	1.16441e-070
1740	87050	1.16441e-070
1741	87100	1.16441e-070
1742	87150	1.03351e-070
1743	87200	5.52769e-071
1744	87250	5.52769e-071
1745	87300	5.52769e-071
1746	87350	4.60668e-071
1747	87400	4.60668e-071
1748	87450	4.60668e-071
1749	87500	3.24419e-071
1750	87550	3.24419e-071
1751	87600	3.24419e-071
1752	87650	1.60748e-071
1753	87700	1.53959e-071
1754	87750	1.53959e-071
1755	87800	1.36361e-071
1756	87850	1.36361e-071
1757	87900	1.36361e-071
1758	87950	1.36361e-071
1759	88000	1.36361e-071
1760	88050	1.36361e-071
1761	88100	1.21863e-071
1762	88150	1.21863e-071
1763	88200	1.21863e-071
1764	88250	1.15256e-071
1765	88300	1.15256e-071
1766	88350	1.15256e-071
1767	88400	9.30987e-072
1768	88450	8.26492e-072
1769	88500	8.26492e-072
1770	88550	6.9415e-072
1771	88600	6.9415e-072
1772	88650	5.30644e-072
1773	88700	5.22186e-072
1774	88750	5.22186e-072
1775	88800	5.15745e-072
1776	88850	3.87854e-072
1777	88900	2.75635e-072
1778	88950	2.75635e-072
1779	89000	2.47519e-072
1780	89050	2.39605e-072
1781	89100	2.10401e-072
1782	89150	2.10401e-072
1783	89200	2.10401e-072
1784	89250	1.33122e-072
1785	89300	1.33122e-072
1786	89350	1.33122e-072
1787	89400	1.33122e-072
1788	89450	1.33122e-072
1789	89500	1.33122e-072
1790	89550	1.17376e-072
1791	89600	1.03895e-072
1792	89650	8.88069e-073
1793	89700	7.22987e-073
1794	89750	7.22987e-073
1795	89800	2.52293e-073
1796	89850	2.52293e-073
1797	89900	1.88132e-073
1798	89950	1.22566e-073
1799	90000	1.22566e-073
1800	90050	1.22566e-073
1801	90100	1.22566e-073
1802	90150	1.22566e-073
1803	90200	1.22566e-073
1804	90250	1.22566e-073
1805	90300	1.22566e-073
1806	90350	9.84728e-074
1807	90400	9.84728e-074
1808	90450	9.84728e-074
1809	90500	8.78709e-074
1810	90550	8.78709e-074
1811	90600	8.78709e-074
1812	90650	8.78709e-074
1813	90700	8.78709e-074
1814	90750	7.68761e-074
1815	90800	7.68761e-074
1816	90850	4.15132e-074
1817	90900	4.15132e-074
1818	90950	3.69748e-074
1819	91000	3.69748e-074
1820	91050	3.69748e-074
1821	91100	3.69748e-074
1822	91150	3.69748e-074
1823	91200	3.69748e-074
1824	91250	3.61684e-074
1825	91300	3.61684e-074
1826	91350	3.21236e-074
1827	91400	3.06338e-074
1828	91450	2.54106e-074
1829	91500	1.97497e-074
1830	91550	1.97497e-074
1831	91600	1.97497e-074
1832	91650	1.38768e-074
1833	91700	1.38768e-074
1834	91750	1.38768e-074
1835	91800	6.23709e-075
1836	91850	6.23709e-075
1837	91900	6.23709e-075
1838	91950	6.23709e-075
1839	92000	6.23709e-075
1840	92050	6.23709e-075
1841	92100	6.23709e-075
1842	92150	6.23709e-075
1843	92200	6.23709e-075
1844	92250	6.23709e-075
1845	92300	6.23709e-075
1846	92350	4.58671e-075
1847	92400	4.58671e-075
1848	92450	3.83703e-075
1849	92500	3.83703e-075
1850	92550	3.28054e-075
1851	92600	3.08351e-075
1852	92650	2.96322e-075
1853	92700	2.96322e-075
1854	92750	2.96322e-075
1855	92800	2.89889e-075
1856	92850	2.89111e-075
1857	92900	2.28992e-075
1858	92950	2.2744e-075
1859	93000	5.82646e-076
1860	93050	5.82646e-076
1861	93100	5.82646e-076
1862	93150	5.82646e-076
1863	93200	5.82646e-076
1864	93250	5.82646e-076
1865	93300	5.82646e-076
1866	93350	5.82646e-076
1867	93400	5.82646e-076
1868	93450	5.82646e-076
1869	93500	5.82646e-076
1870	93550	5.23391e-076
1871	93600	2.43411e-076
1872	93650	2.43411e-076
1873	93700	2.08747e-076
1874	93750	2.01265e-076
1875	93800	2.01265e-076
1876	93850	5.71449e-077
1877	93900	5.71449e-077
1878	93950	5.37032e-077
1879	94000	5.37032e-077
1880	94050	5.37032e-077
1881	94100	4.75684e-077
1882	94150	4.75684e-077
1883	94200	4.75684e-077
1884	94250	4.75684e-077
1885	94300	4.75684e-077
1886	94350	4.75684e-077
1887	94400	4.75684e-077
1888	94450	3.4817e-077
1889	94500	3.4817e-077
1890	94550	3.3271e-077
1891	94600	3.3271e-077
1892	94650	3.3271e-077
1893	94700	3.3271e-077
1894	94750	3.09615e-077
1895	94800	2.58218e-077
1896	94850	2.44112e-077
1897	94900	2.33887e-077
1898	94950	2.28269e-077
1899	95000	2.07807e-077
1900	95050	2.0411e-077
1901	95100	2.0411e-077
1902	95150	1.98867e-077
1903	95200	1.98867e-077
1904	95250	1.66e-077
1905	95300	1.66e-077
1906	95350	7.59235e-078
1907	95400	3.56882e-078
1908	95450	3.56882e-078
1909	95500	3.56882e-078
1910	95550	3.56882e-078
1911	95600	3.56882e-078
1912	95650	2.84793e-078
1913	95700	2.84793e-078
1914	95750	2.84793e-078
1915	95800	2.84793e-078
1916	95850	2.84793e-078
1917	95900	1.81948e-078
1918	95950	1.75045e-078
1919	96000	1.75045e-078
1920	96050	1.75045e-078
1921	96100	1.75045e-078
1922	96150	1.75045e-078
1923	96200	1.73052e-078
1924	96250	6.69376e-079
1925	96300	6.69376e-079
1926	96350	6.69376e-079
1927	96400	5.78604e-079
1928	96450	4.82041e-079
1929	96500	4.82041e-079
1930	96550	3.73056e-079
1931	96600	2.94736e-079
1932	96650	2.94736e-079
1933	96700	2.69048e-079
1934	96750	2.69048e-079
1935	96800	1.80494e-079
1936	96850	1.80494e-079
1937	96900	1.80494e-079
1938	96950	1.63866e-079
1939	97000	1.63866e-079
1940	97050	1.63866e-079
1941	97100	1.6095e-079
1942	97150	1.6095e-079
1943	97200	9.13244e-080
1944	97250	8.08483e-080
1945	97300	8.08483e-080
1946	97350	7.55371e-080
1947	97400	7.55371e-080
1948	97450	7.55371e-080
1949	97500	7.55371e-080
1950	97550	6.07908e-080
1951	97600	6.07908e-080
1952	97650	4.94867e-080
1953	97700	4.94867e-080
1954	97750	4.94867e-080
1955	97800	3.02987e-080
1956	97850	3.02987e-080
1957	97900	2.69e-080
1958	97950	2.69e-080
1959	98000	2.69e-080
1960	98050	2.69e-080
1961	98100	2.69e-080
1962	98150	1.8029e-080
1963	98200	1.8029e-080
1964	98250	1.51104e-080
1965	98300	1.51104e-080
1966	98350	1.51104e-080
1967	98400	1.51104e-080
1968	98450	1.23939e-080
1969	98500	1.19276e-080
1970	98550	9.49718e-081
1971	98600	8.98625e-081
1972	98650	8.98625e-081
1973	98700	8.98625e-081
1974	98750	8.98625e-081
1975	98800	5.75229e-081
1976	98850	5.75229e-081
1977	98900	3.87102e-081
1978	98950	3.77103e-081
1979	99000	3.77103e-081
1980	99050	3.77103e-081
1981	99100	3.77103e-081
1982	99150	3.4173e-081
1983	99200	3.4173e-081
1984	99250	2.53767e-081
1985	99300	2.07033e-081
1986	99350	2.07033e-081
1987	99400	2.07033e-081
1988	99450	2.02593e-081
1989	99500	1.81827e-081
1990	99550	1.81827e-081
1991	99600	1.29188e-081
1992	99650	1.29188e-081
1993	99700	1.01339e-081
1994	99750	9.77278e-082
1995	99800	9.77278e-082
1996	99850	8.11542e-082
1997	99900	5.50032e-082
1998	99950	5.49437e-082
1999	100000	4.48056e-082
2000	100050	4.48056e-082
