1	100	505.996
2	150	505.996
3	200	505.996
4	250	224.96
5	300	224.96
6	350	224.96
7	400	167.923
8	450	163.336
9	500	163.336
10	550	163.336
11	600	163.336
12	650	163.336
13	700	147.073
14	750	147.073
15	800	133.464
16	850	95.0524
17	900	95.0524
18	950	95.0524
19	1000	95.0524
20	1050	92.771
21	1100	92.771
22	1150	92.771
23	1200	92.771
24	1250	86.8074
25	1300	53.0523
26	1350	37.8648
27	1400	21.977
28	1450	21.977
29	1500	21.977
30	1550	21.977
31	1600	21.977
32	1650	21.977
33	1700	21.977
34	1750	21.977
35	1800	21.6354
36	1850	21.6354
37	1900	11.3515
38	1950	10.2272
39	2000	9.59351
40	2050	9.59351
41	2100	9.59351
42	2150	9.59351
43	2200	9.59351
44	2250	9.59351
45	2300	5.76975
46	2350	5.76975
47	2400	5.76975
48	2450	5.76975
49	2500	5.76975
50	2550	5.76975
51	2600	5.76975
52	2650	5.12647
53	2700	5.12647
54	2750	3.9385
55	2800	3.9385
56	2850	3.9385
57	2900	3.2567
58	2950	3.2567
59	3000	3.2567
60	3050	3.2567
61	3100	3.2567
62	3150	3.2567
63	3200	3.2567
64	3250	2.59225
65	3300	2.59225
66	3350	2.59225
67	3400	2.59225
68	3450	2.59225
69	3500	2.54421
70	3550	2.54421
71	3600	1.12133
72	3650	1.04449
73	3700	1.04449
74	3750	0.693508
75	3800	0.610605
76	3850	0.610605
77	3900	0.610605
78	3950	0.610605
79	4000	0.610605
80	4050	0.610605
81	4100	0.610605
82	4150	0.361544
83	4200	0.360879
84	4250	0.310809
85	4300	0.310809
86	4350	0.310809
87	4400	0.310809
88	4450	0.296026
89	4500	0.296026
90	4550	0.296026
91	4600	0.23762
92	4650	0.17333
93	4700	0.17333
94	4750	0.131019
95	4800	0.131019
96	4850	0.131019
97	4900	0.0766291
98	4950	0.0766291
99	5000	0.0766291
100	5050	0.0686172
101	5100	0.0655657
102	5150	0.0446422
103	5200	0.0446422
104	5250	0.039544
105	5300	0.0200941
106	5350	0.0200941
107	5400	0.0200941
108	5450	0.0200941
109	5500	0.0200941
110	5550	0.0116319
111	5600	0.0104212
112	5650	0.00440057
113	5700	0.00440057
114	5750	0.00434351
115	5800	0.00434351
116	5850	0.00434351
117	5900	0.00434351
118	5950	0.00372497
119	6000	0.00372497
120	6050	0.00372497
121	6100	0.00372497
122	6150	0.00372497
123	6200	0.00372497
124	6250	0.00372497
125	6300	0.00351016
126	6350	0.00348206
127	6400	0.00348206
128	6450	0.00348206
129	6500	0.00348206
130	6550	0.00294378
131	6600	0.00196937
132	6650	0.00158649
133	6700	0.00158649
134	6750	0.00158649
135	6800	0.000746405
136	6850	0.000746405
137	6900	0.000746405
138	6950	0.000746405
139	7000	0.000746405
140	7050	0.000746405
141	7100	0.000603952
142	7150	0.00050378
143	7200	0.000484753
144	7250	0.000484753
145	7300	0.000281019
146	7350	0.000193474
147	7400	0.000193474
148	7450	0.000193474
149	7500	0.000193474
150	7550	0.000193474
151	7600	0.000185439
152	7650	0.000185439
153	7700	0.000185439
154	7750	0.000185439
155	7800	0.000185439
156	7850	0.000153397
157	7900	0.000153397
158	7950	0.000153397
159	8000	0.000153397
160	8050	0.00014439
161	8100	0.000126257
162	8150	0.000126257
163	8200	9.98762e-005
164	8250	7.39357e-005
165	8300	7.39357e-005
166	8350	7.11582e-005
167	8400	5.35887e-005
168	8450	5.35887e-005
169	8500	5.35887e-005
170	8550	2.8014e-005
171	8600	2.54591e-005
172	8650	2.54591e-005
173	8700	2.54591e-005
174	8750	2.54591e-005
175	8800	2.54591e-005
176	8850	2.4886e-005
177	8900	2.4886e-005
178	8950	1.92655e-005
179	9000	1.8781e-005
180	9050	1.8781e-005
181	9100	1.6284e-005
182	9150	1.6284e-005
183	9200	1.6284e-005
184	9250	1.6284e-005
185	9300	8.31133e-006
186	9350	8.31133e-006
187	9400	8.31133e-006
188	9450	4.98139e-006
189	9500	4.98139e-006
190	9550	4.98139e-006
191	9600	4.98139e-006
192	9650	4.98139e-006
193	9700	4.98139e-006
194	9750	4.98139e-006
195	9800	3.66307e-006
196	9850	3.4787e-006
197	9900	2.99184e-006
198	9950	2.63529e-006
199	10000	2.63529e-006
200	10050	2.63529e-006
201	10100	2.11425e-006
202	10150	2.11425e-006
203	10200	2.01761e-006
204	10250	1.33612e-006
205	10300	1.33612e-006
206	10350	1.11413e-006
207	10400	1.11413e-006
208	10450	1.00252e-006
209	10500	1.00252e-006
210	10550	5.75206e-007
211	10600	5.75206e-007
212	10650	5.75206e-007
213	10700	5.75206e-007
214	10750	5.04918e-007
215	10800	5.04918e-007
216	10850	4.34178e-007
217	10900	4.25475e-007
218	10950	3.76786e-007
219	11000	2.97265e-007
220	11050	2.96249e-007
221	11100	2.96249e-007
222	11150	2.75863e-007
223	11200	2.48948e-007
224	11250	1.62361e-007
225	11300	1.61919e-007
226	11350	1.42919e-007
227	11400	6.69984e-008
228	11450	6.69984e-008
229	11500	6.49476e-008
230	11550	6.49476e-008
231	11600	6.49476e-008
232	11650	6.49476e-008
233	11700	6.0386e-008
234	11750	6.0386e-008
235	11800	4.36853e-008
236	11850	4.05717e-008
237	11900	4.05717e-008
238	11950	4.05717e-008
239	12000	4.05717e-008
240	12050	3.98616e-008
241	12100	2.80694e-008
242	12150	2.7969e-008
243	12200	1.90979e-008
244	12250	1.90979e-008
245	12300	1.90979e-008
246	12350	1.90979e-008
247	12400	1.50704e-008
248	12450	1.50704e-008
249	12500	1.48847e-008
250	12550	1.48847e-008
251	12600	1.13962e-008
252	12650	1.13962e-008
253	12700	1.13962e-008
254	12750	6.59525e-009
255	12800	6.59525e-009
256	12850	6.29012e-009
257	12900	6.29012e-009
258	12950	5.56633e-009
259	13000	5.56633e-009
260	13050	5.56633e-009
261	13100	5.56633e-009
262	13150	5.03016e-009
263	13200	5.03016e-009
264	13250	5.03016e-009
265	13300	3.37397e-009
266	13350	2.93428e-009
267	13400	2.88119e-009
268	13450	2.88119e-009
269	13500	2.44544e-009
270	13550	2.44544e-009
271	13600	2.16716e-009
272	13650	1.58005e-009
273	13700	1.58005e-009
274	13750	1.58005e-009
275	13800	1.58005e-009
276	13850	1.30792e-009
277	13900	1.06122e-009
278	13950	4.72533e-010
279	14000	3.76571e-010
280	14050	3.76571e-010
281	14100	3.59692e-010
282	14150	3.55247e-010
283	14200	3.55247e-010
284	14250	3.55247e-010
285	14300	3.55247e-010
286	14350	3.53099e-010
287	14400	3.53099e-010
288	14450	2.84693e-010
289	14500	2.84693e-010
290	14550	2.84693e-010
291	14600	2.84693e-010
292	14650	2.82431e-010
293	14700	2.19021e-010
294	14750	2.15788e-010
295	14800	2.15788e-010
296	14850	2.15788e-010
297	14900	1.80313e-010
298	14950	1.80313e-010
299	15000	1.61332e-010
300	15050	1.49449e-010
301	15100	1.05768e-010
302	15150	1.05768e-010
303	15200	1.05768e-010
304	15250	7.08388e-011
305	15300	5.04593e-011
306	15350	5.04593e-011
307	15400	2.89394e-011
308	15450	2.89394e-011
309	15500	2.89394e-011
310	15550	2.79951e-011
311	15600	2.79951e-011
312	15650	2.79951e-011
313	15700	2.79951e-011
314	15750	2.79951e-011
315	15800	2.79951e-011
316	15850	2.79951e-011
317	15900	2.79951e-011
318	15950	2.79951e-011
319	16000	2.79951e-011
320	16050	2.59391e-011
321	16100	2.59391e-011
322	16150	2.59391e-011
323	16200	1.53742e-011
324	16250	1.43912e-011
325	16300	1.43912e-011
326	16350	1.20926e-011
327	16400	1.20926e-011
328	16450	1.20926e-011
329	16500	1.20926e-011
330	16550	7.71221e-012
331	16600	7.06813e-012
332	16650	7.06813e-012
333	16700	7.06813e-012
334	16750	7.06813e-012
335	16800	7.06813e-012
336	16850	7.06813e-012
337	16900	7.06813e-012
338	16950	7.06813e-012
339	17000	3.7006e-012
340	17050	3.7006e-012
341	17100	3.1477e-012
342	17150	1.75782e-012
343	17200	1.75782e-012
344	17250	1.75782e-012
345	17300	1.75782e-012
346	17350	1.75782e-012
347	17400	1.75782e-012
348	17450	1.40724e-012
349	17500	1.40724e-012
350	17550	1.40724e-012
351	17600	1.40724e-012
352	17650	1.40724e-012
353	17700	1.40724e-012
354	17750	1.39284e-012
355	17800	1.14175e-012
356	17850	1.13656e-012
357	17900	1.13656e-012
358	17950	3.63027e-013
359	18000	3.63027e-013
360	18050	3.63027e-013
361	18100	2.97526e-013
362	18150	2.97526e-013
363	18200	2.97526e-013
364	18250	2.97526e-013
365	18300	2.97526e-013
366	18350	1.55059e-013
367	18400	1.55059e-013
368	18450	1.55059e-013
369	18500	1.55059e-013
370	18550	1.55059e-013
371	18600	1.55059e-013
372	18650	1.55059e-013
373	18700	1.46248e-013
374	18750	4.85735e-014
375	18800	4.85735e-014
376	18850	3.58774e-014
377	18900	2.93882e-014
378	18950	2.93882e-014
379	19000	2.93882e-014
380	19050	2.15763e-014
381	19100	2.15763e-014
382	19150	2.15763e-014
383	19200	1.76356e-014
384	19250	1.61212e-014
385	19300	1.61212e-014
386	19350	1.61212e-014
387	19400	1.61212e-014
388	19450	1.61212e-014
389	19500	1.61212e-014
390	19550	1.61212e-014
391	19600	1.57228e-014
392	19650	1.57228e-014
393	19700	1.57228e-014
394	19750	1.57228e-014
395	19800	1.57228e-014
396	19850	1.57228e-014
397	19900	1.57228e-014
398	19950	1.57228e-014
399	20000	1.51856e-014
400	20050	1.20475e-014
401	20100	1.20475e-014
402	20150	1.1043e-014
403	20200	1.02502e-014
404	20250	4.90562e-015
405	20300	3.93752e-015
406	20350	3.93752e-015
407	20400	3.90978e-015
408	20450	3.90978e-015
409	20500	3.90978e-015
410	20550	3.88441e-015
411	20600	3.88441e-015
412	20650	3.4535e-015
413	20700	3.4535e-015
414	20750	2.02424e-015
415	20800	2.02424e-015
416	20850	2.02424e-015
417	20900	1.66123e-015
418	20950	1.24375e-015
419	21000	1.24375e-015
420	21050	1.24375e-015
421	21100	1.24375e-015
422	21150	1.24375e-015
423	21200	1.24375e-015
424	21250	8.54496e-016
425	21300	7.24627e-016
426	21350	7.24627e-016
427	21400	4.93324e-016
428	21450	4.93324e-016
429	21500	4.93324e-016
430	21550	4.4003e-016
431	21600	4.4003e-016
432	21650	4.4003e-016
433	21700	4.39398e-016
434	21750	4.39398e-016
435	21800	4.12769e-016
436	21850	4.12769e-016
437	21900	4.12769e-016
438	21950	3.94206e-016
439	22000	3.94206e-016
440	22050	3.94206e-016
441	22100	3.05986e-016
442	22150	3.04035e-016
443	22200	3.04035e-016
444	22250	3.04035e-016
445	22300	3.04035e-016
446	22350	2.18693e-016
447	22400	2.18693e-016
448	22450	1.76937e-016
449	22500	1.54793e-016
450	22550	1.54793e-016
451	22600	1.46965e-016
452	22650	1.45665e-016
453	22700	4.68353e-017
454	22750	4.48104e-017
455	22800	4.48104e-017
456	22850	4.48104e-017
457	22900	4.48104e-017
458	22950	4.48104e-017
459	23000	4.48104e-017
460	23050	4.48104e-017
461	23100	3.21892e-017
462	23150	3.21892e-017
463	23200	3.21892e-017
464	23250	3.21892e-017
465	23300	3.21892e-017
466	23350	2.29004e-017
467	23400	2.29004e-017
468	23450	2.29004e-017
469	23500	2.29004e-017
470	23550	1.37175e-017
471	23600	1.37175e-017
472	23650	1.21067e-017
473	23700	1.21067e-017
474	23750	1.21067e-017
475	23800	1.13571e-017
476	23850	8.96194e-018
477	23900	8.96194e-018
478	23950	6.41146e-018
479	24000	6.41146e-018
480	24050	4.50873e-018
481	24100	4.50873e-018
482	24150	3.36159e-018
483	24200	2.50002e-018
484	24250	2.50002e-018
485	24300	1.33317e-018
486	24350	1.33317e-018
487	24400	1.33317e-018
488	24450	1.33317e-018
489	24500	1.33317e-018
490	24550	1.33317e-018
491	24600	1.33317e-018
492	24650	1.25166e-018
493	24700	8.67409e-019
494	24750	8.67409e-019
495	24800	8.67409e-019
496	24850	8.67409e-019
497	24900	8.67409e-019
498	24950	7.80642e-019
499	25000	5.49708e-019
500	25050	5.32476e-019
501	25100	5.32476e-019
502	25150	5.32476e-019
503	25200	5.32476e-019
504	25250	5.32476e-019
505	25300	4.65428e-019
506	25350	4.65428e-019
507	25400	4.65428e-019
508	25450	4.65428e-019
509	25500	4.03665e-019
510	25550	4.03665e-019
511	25600	3.6166e-019
512	25650	3.37531e-019
513	25700	2.5895e-019
514	25750	2.5895e-019
515	25800	2.24345e-019
516	25850	1.98708e-019
517	25900	1.69269e-019
518	25950	1.69269e-019
519	26000	1.69269e-019
520	26050	1.27185e-019
521	26100	7.46459e-020
522	26150	7.46459e-020
523	26200	3.66865e-020
524	26250	3.62663e-020
525	26300	3.62663e-020
526	26350	3.62663e-020
527	26400	3.62663e-020
528	26450	3.62663e-020
529	26500	3.23795e-020
530	26550	1.09864e-020
531	26600	1.09864e-020
532	26650	1.09864e-020
533	26700	1.09864e-020
534	26750	8.91579e-021
535	26800	8.91579e-021
536	26850	8.91579e-021
537	26900	8.91579e-021
538	26950	8.91579e-021
539	27000	8.91579e-021
540	27050	8.30241e-021
541	27100	8.30241e-021
542	27150	8.30241e-021
543	27200	8.30241e-021
544	27250	7.502e-021
545	27300	7.502e-021
546	27350	7.502e-021
547	27400	3.11604e-021
548	27450	3.11604e-021
549	27500	3.11604e-021
550	27550	3.11604e-021
551	27600	3.11604e-021
552	27650	3.11604e-021
553	27700	3.11604e-021
554	27750	2.98955e-021
555	27800	2.98955e-021
556	27850	2.98955e-021
557	27900	2.09738e-021
558	27950	1.73102e-021
559	28000	1.68122e-021
560	28050	1.68122e-021
561	28100	1.68122e-021
562	28150	1.1601e-021
563	28200	1.1601e-021
564	28250	1.1601e-021
565	28300	1.12907e-021
566	28350	1.12907e-021
567	28400	1.12907e-021
568	28450	9.06704e-022
569	28500	9.06704e-022
570	28550	9.06704e-022
571	28600	8.98636e-022
572	28650	7.72587e-022
573	28700	4.39617e-022
574	28750	2.77597e-022
575	28800	2.77597e-022
576	28850	2.77597e-022
577	28900	2.77597e-022
578	28950	2.77597e-022
579	29000	2.77597e-022
580	29050	2.77597e-022
581	29100	2.77597e-022
582	29150	2.77597e-022
583	29200	2.77597e-022
584	29250	1.49046e-022
585	29300	9.97342e-023
586	29350	9.97342e-023
587	29400	9.97342e-023
588	29450	9.97342e-023
589	29500	9.97342e-023
590	29550	9.97342e-023
591	29600	9.69938e-023
592	29650	7.19315e-023
593	29700	6.94602e-023
594	29750	6.94602e-023
595	29800	6.94602e-023
596	29850	6.53816e-023
597	29900	5.02707e-023
598	29950	4.04635e-023
599	30000	3.44897e-023
600	30050	3.44897e-023
601	30100	1.76418e-023
602	30150	1.76418e-023
603	30200	1.76418e-023
604	30250	1.76418e-023
605	30300	1.76418e-023
606	30350	1.66627e-023
607	30400	1.66627e-023
608	30450	1.66627e-023
609	30500	6.82618e-024
610	30550	6.82618e-024
611	30600	6.82618e-024
612	30650	6.82618e-024
613	30700	6.82618e-024
614	30750	6.82618e-024
615	30800	6.77599e-024
616	30850	6.77599e-024
617	30900	6.77599e-024
618	30950	6.77599e-024
619	31000	6.77599e-024
620	31050	3.89623e-024
621	31100	3.89623e-024
622	31150	3.89623e-024
623	31200	3.31344e-024
624	31250	3.31344e-024
625	31300	2.93456e-024
626	31350	2.27796e-024
627	31400	2.27796e-024
628	31450	2.27796e-024
629	31500	2.1274e-024
630	31550	1.69964e-024
631	31600	1.69964e-024
632	31650	1.69964e-024
633	31700	1.69964e-024
634	31750	1.69964e-024
635	31800	1.48309e-024
636	31850	1.48309e-024
637	31900	1.10029e-024
638	31950	9.07769e-025
639	32000	9.07769e-025
640	32050	5.19953e-025
641	32100	5.19953e-025
642	32150	5.19953e-025
643	32200	4.93909e-025
644	32250	4.93909e-025
645	32300	4.39792e-025
646	32350	4.39792e-025
647	32400	4.39792e-025
648	32450	3.64373e-025
649	32500	3.64373e-025
650	32550	3.64373e-025
651	32600	2.59963e-025
652	32650	2.59963e-025
653	32700	2.56235e-025
654	32750	1.67793e-025
655	32800	1.67793e-025
656	32850	1.67793e-025
657	32900	1.67793e-025
658	32950	1.67793e-025
659	33000	1.67793e-025
660	33050	1.59506e-025
661	33100	1.27909e-025
662	33150	1.27909e-025
663	33200	1.27909e-025
664	33250	1.27909e-025
665	33300	1.27909e-025
666	33350	1.27909e-025
667	33400	5.4572e-026
668	33450	5.4572e-026
669	33500	5.4572e-026
670	33550	5.4572e-026
671	33600	5.4572e-026
672	33650	5.4572e-026
673	33700	3.72303e-026
674	33750	3.72303e-026
675	33800	3.72303e-026
676	33850	3.72303e-026
677	33900	3.08748e-026
678	33950	2.84294e-026
679	34000	2.72463e-026
680	34050	2.72463e-026
681	34100	2.72108e-026
682	34150	1.6674e-026
683	34200	1.4885e-026
684	34250	1.43617e-026
685	34300	1.2907e-026
686	34350	1.2907e-026
687	34400	1.20818e-026
688	34450	6.9005e-027
689	34500	6.9005e-027
690	34550	6.9005e-027
691	34600	6.9005e-027
692	34650	4.81082e-027
693	34700	4.81082e-027
694	34750	4.81082e-027
695	34800	4.41844e-027
696	34850	3.6857e-027
697	34900	2.41586e-027
698	34950	2.41586e-027
699	35000	1.41676e-027
700	35050	1.41676e-027
701	35100	1.41676e-027
702	35150	1.41676e-027
703	35200	1.35981e-027
704	35250	1.35981e-027
705	35300	1.35981e-027
706	35350	1.12748e-027
707	35400	1.07534e-027
708	35450	6.09618e-028
709	35500	6.09618e-028
710	35550	4.59298e-028
711	35600	4.59298e-028
712	35650	4.59298e-028
713	35700	4.01609e-028
714	35750	4.01609e-028
715	35800	4.01609e-028
716	35850	4.01609e-028
717	35900	4.01609e-028
718	35950	4.01609e-028
719	36000	4.01609e-028
720	36050	2.48065e-028
721	36100	2.48065e-028
722	36150	2.48065e-028
723	36200	2.48065e-028
724	36250	2.48065e-028
725	36300	2.03438e-028
726	36350	2.03438e-028
727	36400	1.76327e-028
728	36450	1.76327e-028
729	36500	1.76327e-028
730	36550	1.76327e-028
731	36600	1.76327e-028
732	36650	1.76327e-028
733	36700	1.36594e-028
734	36750	1.36594e-028
735	36800	1.17898e-028
736	36850	1.17898e-028
737	36900	9.3443e-029
738	36950	9.3443e-029
739	37000	9.32001e-029
740	37050	7.40564e-029
741	37100	6.80798e-029
742	37150	3.42156e-029
743	37200	3.42156e-029
744	37250	2.97443e-029
745	37300	2.97443e-029
746	37350	2.41316e-029
747	37400	2.41316e-029
748	37450	2.36443e-029
749	37500	2.34794e-029
750	37550	1.46355e-029
751	37600	1.40389e-029
752	37650	1.40389e-029
753	37700	1.40389e-029
754	37750	1.40389e-029
755	37800	1.40389e-029
756	37850	1.39313e-029
757	37900	1.39313e-029
758	37950	1.06603e-029
759	38000	1.06158e-029
760	38050	1.06158e-029
761	38100	1.06158e-029
762	38150	9.15738e-030
763	38200	9.15738e-030
764	38250	9.15738e-030
765	38300	9.15738e-030
766	38350	9.15738e-030
767	38400	9.15738e-030
768	38450	3.7222e-030
769	38500	3.7222e-030
770	38550	3.7222e-030
771	38600	3.7222e-030
772	38650	3.7222e-030
773	38700	3.7222e-030
774	38750	3.7222e-030
775	38800	3.7222e-030
776	38850	3.7222e-030
777	38900	3.5705e-030
778	38950	1.9345e-030
779	39000	1.67911e-030
780	39050	1.67911e-030
781	39100	1.47276e-030
782	39150	1.47276e-030
783	39200	1.18962e-030
784	39250	1.18962e-030
785	39300	9.21928e-031
786	39350	9.21928e-031
787	39400	9.21928e-031
788	39450	9.21928e-031
789	39500	6.63391e-031
790	39550	6.63391e-031
791	39600	6.36584e-031
792	39650	6.36584e-031
793	39700	6.36584e-031
794	39750	3.88023e-031
795	39800	2.71053e-031
796	39850	2.71053e-031
797	39900	2.38246e-031
798	39950	2.38246e-031
799	40000	2.38246e-031
800	40050	2.38246e-031
801	40100	1.11763e-031
802	40150	1.11763e-031
803	40200	1.11763e-031
804	40250	1.11763e-031
805	40300	5.3108e-032
806	40350	5.3108e-032
807	40400	5.3108e-032
808	40450	5.3108e-032
809	40500	5.3108e-032
810	40550	5.3108e-032
811	40600	5.3108e-032
812	40650	5.3108e-032
813	40700	4.68137e-032
814	40750	4.68137e-032
815	40800	4.68137e-032
816	40850	4.68137e-032
817	40900	4.68137e-032
818	40950	4.68137e-032
819	41000	4.68137e-032
820	41050	4.68137e-032
821	41100	4.68137e-032
822	41150	4.10732e-032
823	41200	3.5058e-032
824	41250	3.5058e-032
825	41300	3.5058e-032
826	41350	2.74163e-032
827	41400	2.07539e-032
828	41450	1.80371e-032
829	41500	1.80371e-032
830	41550	7.26798e-033
831	41600	7.26798e-033
832	41650	7.26798e-033
833	41700	6.92271e-033
834	41750	6.44492e-033
835	41800	6.44492e-033
836	41850	6.09017e-033
837	41900	6.09017e-033
838	41950	4.72678e-033
839	42000	4.72678e-033
840	42050	4.72678e-033
841	42100	4.72678e-033
842	42150	4.72678e-033
843	42200	3.94141e-033
844	42250	2.65294e-033
845	42300	2.46612e-033
846	42350	2.46612e-033
847	42400	2.41143e-033
848	42450	2.41143e-033
849	42500	2.41143e-033
850	42550	2.36247e-033
851	42600	2.22075e-033
852	42650	2.22075e-033
853	42700	1.7913e-033
854	42750	1.7913e-033
855	42800	1.7913e-033
856	42850	9.34403e-034
857	42900	7.94905e-034
858	42950	7.94905e-034
859	43000	7.94905e-034
860	43050	7.45079e-034
861	43100	7.32591e-034
862	43150	7.32591e-034
863	43200	7.1055e-034
864	43250	4.55962e-034
865	43300	4.55962e-034
866	43350	4.55962e-034
867	43400	4.55962e-034
868	43450	3.97742e-034
869	43500	2.20072e-034
870	43550	2.20072e-034
871	43600	2.20072e-034
872	43650	2.20072e-034
873	43700	2.20072e-034
874	43750	2.20072e-034
875	43800	2.20072e-034
876	43850	2.20072e-034
877	43900	1.41261e-034
878	43950	1.41261e-034
879	44000	1.41261e-034
880	44050	1.41261e-034
881	44100	1.38375e-034
882	44150	1.38375e-034
883	44200	1.38202e-034
884	44250	1.33361e-034
885	44300	1.33361e-034
886	44350	1.26831e-034
887	44400	1.2683e-034
888	44450	9.53728e-035
889	44500	5.77473e-035
890	44550	5.77473e-035
891	44600	5.47262e-035
892	44650	5.42764e-035
893	44700	2.91313e-035
894	44750	2.88698e-035
895	44800	2.88698e-035
896	44850	2.88698e-035
897	44900	2.7187e-035
898	44950	2.25188e-035
899	45000	2.25188e-035
900	45050	2.11047e-035
901	45100	2.11047e-035
902	45150	2.11047e-035
903	45200	9.76179e-036
904	45250	9.76179e-036
905	45300	9.76179e-036
906	45350	9.76179e-036
907	45400	9.76179e-036
908	45450	7.45401e-036
909	45500	7.45401e-036
910	45550	5.42691e-036
911	45600	4.34564e-036
912	45650	4.34564e-036
913	45700	4.34564e-036
914	45750	4.34564e-036
915	45800	3.65292e-036
916	45850	3.42144e-036
917	45900	2.69707e-036
918	45950	2.69707e-036
919	46000	2.69707e-036
920	46050	2.69707e-036
921	46100	2.69707e-036
922	46150	2.69707e-036
923	46200	2.23789e-036
924	46250	2.03351e-036
925	46300	2.03351e-036
926	46350	2.03351e-036
927	46400	1.98203e-036
928	46450	1.79971e-036
929	46500	6.22544e-037
930	46550	6.22544e-037
931	46600	4.26762e-037
932	46650	4.26762e-037
933	46700	4.26762e-037
934	46750	4.26762e-037
935	46800	4.26762e-037
936	46850	4.26762e-037
937	46900	4.26762e-037
938	46950	4.26762e-037
939	47000	4.26762e-037
940	47050	4.26762e-037
941	47100	4.06906e-037
942	47150	2.91416e-037
943	47200	2.91416e-037
944	47250	2.91416e-037
945	47300	2.91416e-037
946	47350	2.50118e-037
947	47400	2.50118e-037
948	47450	2.39719e-037
949	47500	2.18855e-037
950	47550	1.98286e-037
951	47600	1.08689e-037
952	47650	1.08689e-037
953	47700	1.08689e-037
954	47750	1.06041e-037
955	47800	1.06041e-037
956	47850	1.06041e-037
957	47900	1.06041e-037
958	47950	1.55183e-038
959	48000	1.55183e-038
960	48050	1.55183e-038
961	48100	1.55183e-038
962	48150	1.55183e-038
963	48200	1.55183e-038
964	48250	1.55183e-038
965	48300	1.55183e-038
966	48350	1.54378e-038
967	48400	1.43438e-038
968	48450	1.43438e-038
969	48500	1.43438e-038
970	48550	1.43438e-038
971	48600	1.43438e-038
972	48650	1.43438e-038
973	48700	1.25546e-038
974	48750	1.25546e-038
975	48800	1.25546e-038
976	48850	1.25546e-038
977	48900	7.82555e-039
978	48950	7.82555e-039
979	49000	7.82555e-039
980	49050	7.82555e-039
981	49100	7.82555e-039
982	49150	7.21707e-039
983	49200	3.9165e-039
984	49250	3.9165e-039
985	49300	3.6437e-039
986	49350	3.6437e-039
987	49400	1.78399e-039
988	49450	1.78399e-039
989	49500	1.78399e-039
990	49550	1.40892e-039
991	49600	1.40892e-039
992	49650	1.40892e-039
993	49700	1.30021e-039
994	49750	1.30021e-039
995	49800	1.30021e-039
996	49850	1.14915e-039
997	49900	1.14915e-039
998	49950	1.14915e-039
999	50000	1.14915e-039
1000	50050	1.14915e-039
1001	50100	1.14915e-039
1002	50150	1.14234e-039
1003	50200	1.10108e-039
1004	50250	6.61088e-040
1005	50300	6.61088e-040
1006	50350	6.61088e-040
1007	50400	3.23453e-040
1008	50450	3.23453e-040
1009	50500	3.23453e-040
1010	50550	3.23453e-040
1011	50600	3.23453e-040
1012	50650	3.23453e-040
1013	50700	3.23453e-040
1014	50750	2.56517e-040
1015	50800	2.56517e-040
1016	50850	2.56517e-040
1017	50900	2.56517e-040
1018	50950	1.82426e-040
1019	51000	1.46785e-040
1020	51050	8.51966e-041
1021	51100	8.51966e-041
1022	51150	8.51966e-041
1023	51200	8.51966e-041
1024	51250	8.51966e-041
1025	51300	8.51966e-041
1026	51350	8.51966e-041
1027	51400	8.51966e-041
1028	51450	5.3347e-041
1029	51500	5.3347e-041
1030	51550	5.3347e-041
1031	51600	2.88747e-041
1032	51650	2.88747e-041
1033	51700	2.88747e-041
1034	51750	2.88747e-041
1035	51800	2.88747e-041
1036	51850	2.88747e-041
1037	51900	2.88747e-041
1038	51950	2.30067e-041
1039	52000	2.04836e-041
1040	52050	2.04836e-041
1041	52100	2.04836e-041
1042	52150	1.74616e-041
1043	52200	1.74616e-041
1044	52250	1.62572e-041
1045	52300	1.38407e-041
1046	52350	1.25777e-041
1047	52400	9.85159e-042
1048	52450	8.01994e-042
1049	52500	8.01994e-042
1050	52550	8.01994e-042
1051	52600	7.29628e-042
1052	52650	7.25518e-042
1053	52700	6.99656e-042
1054	52750	6.79364e-042
1055	52800	6.79364e-042
1056	52850	5.27735e-042
1057	52900	3.86898e-042
1058	52950	3.86898e-042
1059	53000	3.86898e-042
1060	53050	3.86898e-042
1061	53100	3.5365e-042
1062	53150	3.5365e-042
1063	53200	2.87954e-042
1064	53250	1.82536e-042
1065	53300	1.82536e-042
1066	53350	1.67481e-042
1067	53400	1.67481e-042
1068	53450	1.67481e-042
1069	53500	1.24037e-042
1070	53550	9.4716e-043
1071	53600	9.4716e-043
1072	53650	8.5713e-043
1073	53700	8.45627e-043
1074	53750	7.76945e-043
1075	53800	7.71082e-043
1076	53850	7.71082e-043
1077	53900	7.71082e-043
1078	53950	7.34932e-043
1079	54000	5.98465e-043
1080	54050	5.98465e-043
1081	54100	3.19927e-043
1082	54150	3.19927e-043
1083	54200	3.19927e-043
1084	54250	3.19927e-043
1085	54300	2.68478e-043
1086	54350	2.68478e-043
1087	54400	2.68478e-043
1088	54450	2.68478e-043
1089	54500	2.31146e-043
1090	54550	2.31146e-043
1091	54600	1.85685e-043
1092	54650	1.68939e-043
1093	54700	1.1511e-043
1094	54750	7.21261e-044
1095	54800	7.21261e-044
1096	54850	7.21261e-044
1097	54900	7.21261e-044
1098	54950	7.21261e-044
1099	55000	7.21261e-044
1100	55050	7.17433e-044
1101	55100	7.17433e-044
1102	55150	5.85279e-044
1103	55200	5.04456e-044
1104	55250	5.04456e-044
1105	55300	5.04456e-044
1106	55350	4.4291e-044
1107	55400	4.4291e-044
1108	55450	3.60418e-044
1109	55500	3.60418e-044
1110	55550	2.84266e-044
1111	55600	2.65613e-044
1112	55650	2.65613e-044
1113	55700	2.65613e-044
1114	55750	2.65613e-044
1115	55800	2.63177e-044
1116	55850	2.63177e-044
1117	55900	2.11011e-044
1118	55950	1.57857e-044
1119	56000	1.48122e-044
1120	56050	1.48122e-044
1121	56100	9.80644e-045
1122	56150	9.80644e-045
1123	56200	9.80644e-045
1124	56250	5.29711e-045
1125	56300	2.30868e-045
1126	56350	2.30868e-045
1127	56400	2.30868e-045
1128	56450	2.30868e-045
1129	56500	2.30868e-045
1130	56550	2.10362e-045
1131	56600	2.10362e-045
1132	56650	2.10362e-045
1133	56700	2.10362e-045
1134	56750	2.10362e-045
1135	56800	2.10362e-045
1136	56850	1.82784e-045
1137	56900	1.82784e-045
1138	56950	1.82784e-045
1139	57000	1.82784e-045
1140	57050	1.82784e-045
1141	57100	1.82354e-045
1142	57150	1.31642e-045
1143	57200	1.02919e-045
1144	57250	1.02919e-045
1145	57300	1.00409e-045
1146	57350	1.00409e-045
1147	57400	5.43752e-046
1148	57450	4.28326e-046
1149	57500	4.28326e-046
1150	57550	4.28326e-046
1151	57600	4.20015e-046
1152	57650	4.20015e-046
1153	57700	4.01012e-046
1154	57750	2.70821e-046
1155	57800	2.58413e-046
1156	57850	2.58413e-046
1157	57900	1.54985e-046
1158	57950	1.54985e-046
1159	58000	1.54985e-046
1160	58050	1.54985e-046
1161	58100	1.54985e-046
1162	58150	1.54985e-046
1163	58200	7.75863e-047
1164	58250	7.75863e-047
1165	58300	7.75863e-047
1166	58350	7.75863e-047
1167	58400	7.75863e-047
1168	58450	6.94993e-047
1169	58500	4.01028e-047
1170	58550	4.01028e-047
1171	58600	4.01028e-047
1172	58650	4.01028e-047
1173	58700	4.01028e-047
1174	58750	4.01028e-047
1175	58800	4.01028e-047
1176	58850	4.01028e-047
1177	58900	3.95468e-047
1178	58950	3.95468e-047
1179	59000	3.58771e-047
1180	59050	2.53922e-047
1181	59100	2.53922e-047
1182	59150	2.36979e-047
1183	59200	2.36979e-047
1184	59250	2.01181e-047
1185	59300	1.97506e-047
1186	59350	1.85901e-047
1187	59400	1.0596e-047
1188	59450	8.43674e-048
1189	59500	8.43674e-048
1190	59550	8.43674e-048
1191	59600	8.43674e-048
1192	59650	8.43674e-048
1193	59700	8.43674e-048
1194	59750	7.14237e-048
1195	59800	5.8079e-048
1196	59850	5.8079e-048
1197	59900	4.43128e-048
1198	59950	2.69758e-048
1199	60000	2.69758e-048
1200	60050	2.4104e-048
1201	60100	2.4104e-048
1202	60150	2.4104e-048
1203	60200	2.4104e-048
1204	60250	2.4104e-048
1205	60300	2.4104e-048
1206	60350	2.4104e-048
1207	60400	2.4104e-048
1208	60450	2.4104e-048
1209	60500	2.05293e-048
1210	60550	2.05293e-048
1211	60600	7.08875e-049
1212	60650	6.94726e-049
1213	60700	6.94726e-049
1214	60750	4.87481e-049
1215	60800	4.87481e-049
1216	60850	4.87481e-049
1217	60900	4.87481e-049
1218	60950	4.87481e-049
1219	61000	4.72214e-049
1220	61050	4.72214e-049
1221	61100	4.72214e-049
1222	61150	4.72214e-049
1223	61200	4.2772e-049
1224	61250	1.76501e-049
1225	61300	1.76501e-049
1226	61350	1.76501e-049
1227	61400	1.76501e-049
1228	61450	1.76501e-049
1229	61500	1.76501e-049
1230	61550	1.76501e-049
1231	61600	1.76501e-049
1232	61650	1.51395e-049
1233	61700	1.50567e-049
1234	61750	7.79657e-050
1235	61800	7.79657e-050
1236	61850	7.79657e-050
1237	61900	7.79657e-050
1238	61950	7.79657e-050
1239	62000	5.43581e-050
1240	62050	5.04687e-050
1241	62100	5.04687e-050
1242	62150	5.0109e-050
1243	62200	4.78901e-050
1244	62250	4.78901e-050
1245	62300	4.78901e-050
1246	62350	3.64753e-050
1247	62400	3.48724e-050
1248	62450	2.43668e-050
1249	62500	2.15506e-050
1250	62550	2.15506e-050
1251	62600	2.15506e-050
1252	62650	2.15506e-050
1253	62700	2.00148e-050
1254	62750	2.00148e-050
1255	62800	2.00148e-050
1256	62850	2.00148e-050
1257	62900	2.00148e-050
1258	62950	2.00148e-050
1259	63000	2.00148e-050
1260	63050	1.89913e-050
1261	63100	1.87389e-050
1262	63150	1.1873e-050
1263	63200	1.1873e-050
1264	63250	8.98844e-051
1265	63300	6.49774e-051
1266	63350	6.41789e-051
1267	63400	6.41789e-051
1268	63450	6.41789e-051
1269	63500	6.12507e-051
1270	63550	6.12507e-051
1271	63600	6.12507e-051
1272	63650	6.12507e-051
1273	63700	5.33156e-051
1274	63750	3.9524e-051
1275	63800	3.9524e-051
1276	63850	3.9524e-051
1277	63900	1.80974e-051
1278	63950	1.80974e-051
1279	64000	1.80974e-051
1280	64050	1.80974e-051
1281	64100	1.11771e-051
1282	64150	1.11771e-051
1283	64200	1.11771e-051
1284	64250	1.11771e-051
1285	64300	1.11771e-051
1286	64350	1.11771e-051
1287	64400	1.11771e-051
1288	64450	6.57437e-052
1289	64500	6.55855e-052
1290	64550	6.55855e-052
1291	64600	6.55855e-052
1292	64650	6.55855e-052
1293	64700	5.50199e-052
1294	64750	5.25941e-052
1295	64800	2.72365e-052
1296	64850	2.72365e-052
1297	64900	2.72365e-052
1298	64950	2.26049e-052
1299	65000	2.17737e-052
1300	65050	2.17737e-052
1301	65100	2.17737e-052
1302	65150	1.59051e-052
1303	65200	1.29758e-052
1304	65250	1.29758e-052
1305	65300	1.29758e-052
1306	65350	1.28166e-052
1307	65400	1.28166e-052
1308	65450	1.06234e-052
1309	65500	1.06234e-052
1310	65550	1.06234e-052
1311	65600	1.06234e-052
1312	65650	7.0536e-053
1313	65700	7.0536e-053
1314	65750	6.86559e-053
1315	65800	5.51601e-053
1316	65850	4.36396e-053
1317	65900	4.36396e-053
1318	65950	3.47127e-053
1319	66000	3.47127e-053
1320	66050	3.07934e-053
1321	66100	3.02331e-053
1322	66150	3.02331e-053
1323	66200	3.02331e-053
1324	66250	3.02331e-053
1325	66300	2.85199e-053
1326	66350	1.95182e-053
1327	66400	1.14077e-053
1328	66450	1.14077e-053
1329	66500	1.13974e-053
1330	66550	1.13974e-053
1331	66600	1.13974e-053
1332	66650	1.13974e-053
1333	66700	6.41752e-054
1334	66750	6.41752e-054
1335	66800	6.41752e-054
1336	66850	6.41752e-054
1337	66900	6.41752e-054
1338	66950	6.41752e-054
1339	67000	6.41752e-054
1340	67050	5.52459e-054
1341	67100	5.52459e-054
1342	67150	5.52459e-054
1343	67200	3.79761e-054
1344	67250	3.79761e-054
1345	67300	3.79761e-054
1346	67350	3.79761e-054
1347	67400	3.79761e-054
1348	67450	3.1819e-054
1349	67500	2.46162e-054
1350	67550	1.45554e-054
1351	67600	1.45554e-054
1352	67650	1.45554e-054
1353	67700	1.45554e-054
1354	67750	1.38164e-054
1355	67800	1.05217e-054
1356	67850	1.05217e-054
1357	67900	1.05217e-054
1358	67950	1.05217e-054
1359	68000	8.46047e-055
1360	68050	7.45813e-055
1361	68100	7.45813e-055
1362	68150	7.45813e-055
1363	68200	7.45813e-055
1364	68250	7.45813e-055
1365	68300	7.45813e-055
1366	68350	4.23845e-055
1367	68400	4.23845e-055
1368	68450	4.23845e-055
1369	68500	2.50409e-055
1370	68550	2.50409e-055
1371	68600	2.46262e-055
1372	68650	2.42011e-055
1373	68700	2.42011e-055
1374	68750	2.42011e-055
1375	68800	2.42011e-055
1376	68850	2.42011e-055
1377	68900	2.08955e-055
1378	68950	2.08955e-055
1379	69000	1.24389e-055
1380	69050	1.24389e-055
1381	69100	1.18624e-055
1382	69150	1.03826e-055
1383	69200	9.59935e-056
1384	69250	9.59935e-056
1385	69300	7.52172e-056
1386	69350	7.52172e-056
1387	69400	7.52172e-056
1388	69450	3.97182e-056
1389	69500	3.59713e-056
1390	69550	3.59713e-056
1391	69600	1.72155e-056
1392	69650	1.72155e-056
1393	69700	1.72155e-056
1394	69750	1.31957e-056
1395	69800	1.31957e-056
1396	69850	1.31957e-056
1397	69900	1.31957e-056
1398	69950	1.31957e-056
1399	70000	1.31957e-056
1400	70050	1.31957e-056
1401	70100	1.31957e-056
1402	70150	1.31957e-056
1403	70200	1.31957e-056
1404	70250	1.25138e-056
1405	70300	1.01648e-056
1406	70350	4.72642e-057
1407	70400	4.00917e-057
1408	70450	3.36876e-057
1409	70500	3.36876e-057
1410	70550	3.36876e-057
1411	70600	2.81191e-057
1412	70650	2.81191e-057
1413	70700	2.81191e-057
1414	70750	2.81191e-057
1415	70800	2.81191e-057
1416	70850	2.81191e-057
1417	70900	2.81191e-057
1418	70950	2.21145e-057
1419	71000	2.21145e-057
1420	71050	2.21145e-057
1421	71100	2.21145e-057
1422	71150	2.16141e-057
1423	71200	1.13211e-057
1424	71250	1.12699e-057
1425	71300	1.12699e-057
1426	71350	1.12699e-057
1427	71400	1.12699e-057
1428	71450	1.06287e-057
1429	71500	9.34126e-058
1430	71550	9.34126e-058
1431	71600	9.34126e-058
1432	71650	9.34126e-058
1433	71700	8.47584e-058
1434	71750	8.47584e-058
1435	71800	8.47584e-058
1436	71850	8.47584e-058
1437	71900	7.6104e-058
1438	71950	7.33915e-058
1439	72000	5.53255e-058
1440	72050	5.53255e-058
1441	72100	5.53255e-058
1442	72150	5.5106e-058
1443	72200	1.65777e-058
1444	72250	1.65777e-058
1445	72300	1.65777e-058
1446	72350	1.65777e-058
1447	72400	1.65777e-058
1448	72450	1.65777e-058
1449	72500	1.65777e-058
1450	72550	1.31632e-058
1451	72600	1.31632e-058
1452	72650	1.31632e-058
1453	72700	1.31632e-058
1454	72750	1.22151e-058
1455	72800	1.22151e-058
1456	72850	1.22151e-058
1457	72900	1.15821e-058
1458	72950	1.14103e-058
1459	73000	6.11772e-059
1460	73050	6.11772e-059
1461	73100	3.95708e-059
1462	73150	3.30631e-059
1463	73200	3.30631e-059
1464	73250	3.16999e-059
1465	73300	2.66153e-059
1466	73350	2.66153e-059
1467	73400	2.63962e-059
1468	73450	2.63962e-059
1469	73500	2.41218e-059
1470	73550	2.00904e-059
1471	73600	1.9327e-059
1472	73650	1.9327e-059
1473	73700	1.9327e-059
1474	73750	1.9327e-059
1475	73800	1.73942e-059
1476	73850	1.2253e-059
1477	73900	1.2253e-059
1478	73950	1.07604e-059
1479	74000	9.43092e-060
1480	74050	9.43092e-060
1481	74100	8.37286e-060
1482	74150	7.59739e-060
1483	74200	7.59739e-060
1484	74250	7.11666e-060
1485	74300	7.11666e-060
1486	74350	5.92776e-060
1487	74400	5.92776e-060
1488	74450	5.92776e-060
1489	74500	5.92776e-060
1490	74550	4.84143e-060
1491	74600	2.69544e-060
1492	74650	2.69544e-060
1493	74700	2.69111e-060
1494	74750	2.69111e-060
1495	74800	2.69111e-060
1496	74850	2.59968e-060
1497	74900	1.44008e-060
1498	74950	1.44008e-060
1499	75000	1.43284e-060
1500	75050	1.43284e-060
1501	75100	1.43284e-060
1502	75150	1.43284e-060
1503	75200	1.43284e-060
1504	75250	1.43284e-060
1505	75300	1.43284e-060
1506	75350	8.28246e-061
1507	75400	7.10372e-061
1508	75450	6.28201e-061
1509	75500	6.28201e-061
1510	75550	4.7533e-061
1511	75600	4.7533e-061
1512	75650	4.29963e-061
1513	75700	4.29963e-061
1514	75750	4.04106e-061
1515	75800	3.91588e-061
1516	75850	3.91588e-061
1517	75900	3.91588e-061
1518	75950	3.6415e-061
1519	76000	3.6415e-061
1520	76050	1.84834e-061
1521	76100	1.43037e-061
1522	76150	1.43037e-061
1523	76200	1.43037e-061
1524	76250	1.43037e-061
1525	76300	1.43037e-061
1526	76350	1.25449e-061
1527	76400	1.01002e-061
1528	76450	8.86529e-062
1529	76500	8.86529e-062
1530	76550	8.86529e-062
1531	76600	5.52704e-062
1532	76650	5.52704e-062
1533	76700	5.42603e-062
1534	76750	4.56245e-062
1535	76800	4.56245e-062
1536	76850	4.56245e-062
1537	76900	3.73545e-062
1538	76950	3.73545e-062
1539	77000	3.73545e-062
1540	77050	3.73545e-062
1541	77100	3.73545e-062
1542	77150	1.45958e-062
1543	77200	1.45958e-062
1544	77250	1.45958e-062
1545	77300	1.45958e-062
1546	77350	8.87384e-063
1547	77400	8.87384e-063
1548	77450	8.87384e-063
1549	77500	8.87384e-063
1550	77550	8.87384e-063
1551	77600	7.98199e-063
1552	77650	6.75921e-063
1553	77700	6.75921e-063
1554	77750	6.75921e-063
1555	77800	6.75921e-063
1556	77850	6.75921e-063
1557	77900	6.75921e-063
1558	77950	6.75921e-063
1559	78000	3.73526e-063
1560	78050	3.73526e-063
1561	78100	3.73526e-063
1562	78150	3.0047e-063
1563	78200	3.0047e-063
1564	78250	1.89507e-063
1565	78300	1.89507e-063
1566	78350	1.89507e-063
1567	78400	1.89507e-063
1568	78450	1.89507e-063
1569	78500	1.89507e-063
1570	78550	1.89507e-063
1571	78600	1.89507e-063
1572	78650	1.89507e-063
1573	78700	1.89507e-063
1574	78750	1.89507e-063
1575	78800	1.5741e-063
1576	78850	1.5741e-063
1577	78900	6.79222e-064
1578	78950	6.79222e-064
1579	79000	6.79222e-064
1580	79050	6.25958e-064
1581	79100	4.8141e-064
1582	79150	4.8141e-064
1583	79200	4.8141e-064
1584	79250	4.8141e-064
1585	79300	2.72832e-064
1586	79350	2.72832e-064
1587	79400	2.66785e-064
1588	79450	2.66785e-064
1589	79500	2.66785e-064
1590	79550	2.66785e-064
1591	79600	1.79391e-064
1592	79650	1.71688e-064
1593	79700	1.71688e-064
1594	79750	1.71688e-064
1595	79800	1.71688e-064
1596	79850	1.60873e-064
1597	79900	1.26572e-064
1598	79950	1.2291e-064
1599	80000	1.2291e-064
1600	80050	1.2291e-064
1601	80100	1.05836e-064
1602	80150	9.11883e-065
1603	80200	9.11883e-065
1604	80250	8.34831e-065
1605	80300	7.03425e-065
1606	80350	5.36091e-065
1607	80400	5.36091e-065
1608	80450	5.36091e-065
1609	80500	5.28425e-065
1610	80550	5.28425e-065
1611	80600	4.94812e-065
1612	80650	4.69599e-065
1613	80700	3.70348e-065
1614	80750	1.91954e-065
1615	80800	1.66836e-065
1616	80850	1.66836e-065
1617	80900	1.56805e-065
1618	80950	1.56805e-065
1619	81000	1.56805e-065
1620	81050	1.56805e-065
1621	81100	1.56805e-065
1622	81150	1.56805e-065
1623	81200	1.56805e-065
1624	81250	1.56805e-065
1625	81300	1.56805e-065
1626	81350	1.56308e-065
1627	81400	1.06309e-065
1628	81450	1.06309e-065
1629	81500	1.06309e-065
1630	81550	1.06309e-065
1631	81600	5.66028e-066
1632	81650	5.45383e-066
1633	81700	4.95311e-066
1634	81750	4.95311e-066
1635	81800	4.91492e-066
1636	81850	4.20562e-066
1637	81900	3.4474e-066
1638	81950	3.4474e-066
1639	82000	3.44162e-066
1640	82050	3.03189e-066
1641	82100	2.6421e-066
1642	82150	2.6421e-066
1643	82200	2.24872e-066
1644	82250	2.24872e-066
1645	82300	2.24872e-066
1646	82350	2.24872e-066
1647	82400	1.00279e-066
1648	82450	9.90986e-067
1649	82500	9.90986e-067
1650	82550	9.90986e-067
1651	82600	9.90986e-067
1652	82650	6.96635e-067
1653	82700	6.96635e-067
1654	82750	6.51321e-067
1655	82800	6.51321e-067
1656	82850	6.23097e-067
1657	82900	5.91959e-067
1658	82950	4.39809e-067
1659	83000	3.58388e-067
1660	83050	3.58388e-067
1661	83100	3.58388e-067
1662	83150	3.10706e-067
1663	83200	2.87325e-067
1664	83250	2.87325e-067
1665	83300	2.87325e-067
1666	83350	2.87074e-067
1667	83400	1.91238e-067
1668	83450	1.91238e-067
1669	83500	1.91238e-067
1670	83550	1.91238e-067
1671	83600	1.91238e-067
1672	83650	1.3693e-067
1673	83700	1.3693e-067
1674	83750	1.3693e-067
1675	83800	1.12664e-067
1676	83850	1.00534e-067
1677	83900	8.25964e-068
1678	83950	5.01669e-068
1679	84000	5.01669e-068
1680	84050	5.01669e-068
1681	84100	5.01669e-068
1682	84150	4.70331e-068
1683	84200	4.57629e-068
1684	84250	3.64679e-068
1685	84300	2.08298e-068
1686	84350	2.08298e-068
1687	84400	2.08298e-068
1688	84450	2.08298e-068
1689	84500	1.62971e-068
1690	84550	1.62971e-068
1691	84600	1.62971e-068
1692	84650	1.62971e-068
1693	84700	1.58926e-068
1694	84750	1.51424e-068
1695	84800	1.51424e-068
1696	84850	9.40686e-069
1697	84900	4.2317e-069
1698	84950	4.2317e-069
1699	85000	4.2317e-069
1700	85050	3.55964e-069
1701	85100	3.55964e-069
1702	85150	3.55964e-069
1703	85200	3.55964e-069
1704	85250	3.55964e-069
1705	85300	3.55964e-069
1706	85350	3.55964e-069
1707	85400	3.55964e-069
1708	85450	3.55964e-069
1709	85500	2.29144e-069
1710	85550	2.29144e-069
1711	85600	2.29144e-069
1712	85650	2.29144e-069
1713	85700	1.67131e-069
1714	85750	1.67131e-069
1715	85800	1.67131e-069
1716	85850	8.21059e-070
1717	85900	4.71578e-070
1718	85950	4.71578e-070
1719	86000	4.71578e-070
1720	86050	4.71578e-070
1721	86100	4.71578e-070
1722	86150	4.71578e-070
1723	86200	4.71578e-070
1724	86250	4.03259e-070
1725	86300	4.03259e-070
1726	86350	4.03259e-070
1727	86400	4.03259e-070
1728	86450	4.03259e-070
1729	86500	4.03259e-070
1730	86550	4.03259e-070
1731	86600	4.03259e-070
1732	86650	3.63974e-070
1733	86700	3.63974e-070
1734	86750	2.8457e-070
1735	86800	2.35223e-070
1736	86850	2.35223e-070
1737	86900	1.54449e-070
1738	86950	1.54449e-070
1739	87000	1.09986e-070
1740	87050	1.09986e-070
1741	87100	8.84256e-071
1742	87150	8.84256e-071
1743	87200	8.55222e-071
1744	87250	8.55222e-071
1745	87300	3.50624e-071
1746	87350	3.50624e-071
1747	87400	3.50624e-071
1748	87450	3.41435e-071
1749	87500	3.41435e-071
1750	87550	3.41435e-071
1751	87600	3.41435e-071
1752	87650	3.41435e-071
1753	87700	3.26672e-071
1754	87750	2.23258e-071
1755	87800	2.23258e-071
1756	87850	2.08823e-071
1757	87900	2.08823e-071
1758	87950	1.42093e-071
1759	88000	1.42093e-071
1760	88050	1.42093e-071
1761	88100	1.42093e-071
1762	88150	1.42093e-071
1763	88200	1.19169e-071
1764	88250	1.18397e-071
1765	88300	1.18397e-071
1766	88350	1.10679e-071
1767	88400	1.10679e-071
1768	88450	6.08844e-072
1769	88500	5.55842e-072
1770	88550	5.55842e-072
1771	88600	5.55842e-072
1772	88650	4.52111e-072
1773	88700	3.56157e-072
1774	88750	3.56157e-072
1775	88800	3.03137e-072
1776	88850	3.03137e-072
1777	88900	2.39975e-072
1778	88950	2.39975e-072
1779	89000	2.39975e-072
1780	89050	2.39975e-072
1781	89100	1.89719e-072
1782	89150	1.89719e-072
1783	89200	1.89719e-072
1784	89250	1.89719e-072
1785	89300	1.89719e-072
1786	89350	1.18359e-072
1787	89400	1.18359e-072
1788	89450	1.18359e-072
1789	89500	1.00898e-072
1790	89550	1.00898e-072
1791	89600	7.23676e-073
1792	89650	7.11147e-073
1793	89700	7.11147e-073
1794	89750	6.18207e-073
1795	89800	6.18207e-073
1796	89850	6.18207e-073
1797	89900	6.18207e-073
1798	89950	5.081e-073
1799	90000	5.081e-073
1800	90050	4.26369e-073
1801	90100	4.26369e-073
1802	90150	1.98829e-073
1803	90200	1.98829e-073
1804	90250	1.53907e-073
1805	90300	8.25138e-074
1806	90350	8.25138e-074
1807	90400	8.25138e-074
1808	90450	8.25138e-074
1809	90500	8.25138e-074
1810	90550	7.91856e-074
1811	90600	7.91856e-074
1812	90650	4.51549e-074
1813	90700	4.3787e-074
1814	90750	4.3787e-074
1815	90800	4.3787e-074
1816	90850	4.3787e-074
1817	90900	4.3787e-074
1818	90950	4.37787e-074
1819	91000	3.87247e-074
1820	91050	3.87247e-074
1821	91100	3.48573e-074
1822	91150	3.48573e-074
1823	91200	2.08299e-074
1824	91250	2.08299e-074
1825	91300	1.951e-074
1826	91350	1.93553e-074
1827	91400	1.93553e-074
1828	91450	1.93553e-074
1829	91500	1.93553e-074
1830	91550	1.93553e-074
1831	91600	1.32489e-074
1832	91650	9.95399e-075
1833	91700	9.95399e-075
1834	91750	9.28961e-075
1835	91800	7.00019e-075
1836	91850	7.00019e-075
1837	91900	7.00019e-075
1838	91950	5.5579e-075
1839	92000	5.5579e-075
1840	92050	5.32905e-075
1841	92100	5.32905e-075
1842	92150	5.1679e-075
1843	92200	4.13895e-075
1844	92250	4.13895e-075
1845	92300	4.13895e-075
1846	92350	2.93326e-075
1847	92400	1.83114e-075
1848	92450	1.83114e-075
1849	92500	1.78865e-075
1850	92550	1.78865e-075
1851	92600	1.78865e-075
1852	92650	8.109e-076
1853	92700	8.109e-076
1854	92750	8.109e-076
1855	92800	8.109e-076
1856	92850	8.109e-076
1857	92900	8.109e-076
1858	92950	8.08841e-076
1859	93000	6.19936e-076
1860	93050	2.8257e-076
1861	93100	2.8257e-076
1862	93150	2.8257e-076
1863	93200	2.8257e-076
1864	93250	2.8257e-076
1865	93300	2.8257e-076
1866	93350	2.8257e-076
1867	93400	2.8257e-076
1868	93450	2.8257e-076
1869	93500	2.43961e-076
1870	93550	2.43961e-076
1871	93600	2.43961e-076
1872	93650	2.43961e-076
1873	93700	2.11371e-076
1874	93750	2.11371e-076
1875	93800	2.11371e-076
1876	93850	2.03672e-076
1877	93900	2.03672e-076
1878	93950	1.69689e-076
1879	94000	1.69689e-076
1880	94050	1.67761e-076
1881	94100	7.49499e-077
1882	94150	7.49499e-077
1883	94200	7.49499e-077
1884	94250	7.49499e-077
1885	94300	7.49499e-077
1886	94350	4.80271e-077
1887	94400	3.14187e-077
1888	94450	3.14187e-077
1889	94500	3.14187e-077
1890	94550	3.14187e-077
1891	94600	3.14187e-077
1892	94650	3.14187e-077
1893	94700	3.14187e-077
1894	94750	3.14187e-077
1895	94800	2.7234e-077
1896	94850	2.7234e-077
1897	94900	2.7234e-077
1898	94950	2.7234e-077
1899	95000	1.89578e-077
1900	95050	1.171e-077
1901	95100	1.15891e-077
1902	95150	1.15891e-077
1903	95200	1.15891e-077
1904	95250	8.41099e-078
1905	95300	8.41099e-078
1906	95350	8.41099e-078
1907	95400	8.41099e-078
1908	95450	8.41099e-078
1909	95500	8.41099e-078
1910	95550	6.44221e-078
1911	95600	6.44221e-078
1912	95650	5.17602e-078
1913	95700	5.17602e-078
1914	95750	5.17602e-078
1915	95800	5.17602e-078
1916	95850	5.17602e-078
1917	95900	3.58956e-078
1918	95950	3.58956e-078
1919	96000	3.27092e-078
1920	96050	3.27092e-078
1921	96100	3.27092e-078
1922	96150	3.24086e-078
1923	96200	2.5899e-078
1924	96250	2.58656e-078
1925	96300	2.58656e-078
1926	96350	2.58656e-078
1927	96400	2.58656e-078
1928	96450	2.58656e-078
1929	96500	2.10722e-078
1930	96550	1.87312e-078
1931	96600	1.63865e-078
1932	96650	1.51313e-078
1933	96700	1.51313e-078
1934	96750	1.51313e-078
1935	96800	1.51056e-078
1936	96850	1.51056e-078
1937	96900	1.09258e-078
1938	96950	9.34513e-079
1939	97000	9.34513e-079
1940	97050	8.71503e-079
1941	97100	8.71503e-079
1942	97150	7.92503e-079
1943	97200	6.8669e-079
1944	97250	2.57881e-079
1945	97300	2.55522e-079
1946	97350	2.55522e-079
1947	97400	2.55522e-079
1948	97450	2.55522e-079
1949	97500	2.17663e-079
1950	97550	2.17663e-079
1951	97600	2.17663e-079
1952	97650	2.17663e-079
1953	97700	2.10699e-079
1954	97750	1.52791e-079
1955	97800	1.38373e-079
1956	97850	4.42104e-080
1957	97900	4.42104e-080
1958	97950	3.58551e-080
1959	98000	3.58551e-080
1960	98050	3.58551e-080
1961	98100	3.58551e-080
1962	98150	3.29646e-080
1963	98200	3.29646e-080
1964	98250	3.29646e-080
1965	98300	3.29646e-080
1966	98350	2.24604e-080
1967	98400	2.23352e-080
1968	98450	2.23352e-080
1969	98500	1.49446e-080
1970	98550	1.49446e-080
1971	98600	1.42653e-080
1972	98650	1.42653e-080
1973	98700	1.42653e-080
1974	98750	1.42653e-080
1975	98800	1.13922e-080
1976	98850	1.13922e-080
1977	98900	1.13922e-080
1978	98950	8.09424e-081
1979	99000	8.09424e-081
1980	99050	8.09424e-081
1981	99100	8.09424e-081
1982	99150	8.09424e-081
1983	99200	8.09424e-081
1984	99250	8.09424e-081
1985	99300	8.09424e-081
1986	99350	7.98362e-081
1987	99400	4.82966e-081
1988	99450	4.82966e-081
1989	99500	4.82966e-081
1990	99550	4.82966e-081
1991	99600	4.82966e-081
1992	99650	4.75654e-081
1993	99700	4.75654e-081
1994	99750	3.89855e-081
1995	99800	1.88608e-081
1996	99850	1.37793e-081
1997	99900	1.37793e-081
1998	99950	1.18626e-081
1999	100000	1.18626e-081
2000	100050	1.18626e-081
