1	100	584.485
2	150	584.485
3	200	584.485
4	250	573.755
5	300	573.755
6	350	546.012
7	400	401.913
8	450	278.067
9	500	278.067
10	550	218.082
11	600	218.082
12	650	146.568
13	700	146.568
14	750	114.721
15	800	99.4187
16	850	99.4187
17	900	99.4187
18	950	99.4187
19	1000	64.2343
20	1050	64.2343
21	1100	64.2343
22	1150	64.2343
23	1200	64.2343
24	1250	64.2343
25	1300	64.2343
26	1350	64.2343
27	1400	59.4403
28	1450	57.7865
29	1500	45.6461
30	1550	45.6461
31	1600	45.6461
32	1650	45.6461
33	1700	45.6461
34	1750	33.1519
35	1800	33.1519
36	1850	12.7306
37	1900	12.7306
38	1950	12.7306
39	2000	12.7306
40	2050	12.7306
41	2100	12.7306
42	2150	9.07989
43	2200	9.07989
44	2250	9.07989
45	2300	9.07989
46	2350	9.07989
47	2400	8.83225
48	2450	8.83225
49	2500	8.83225
50	2550	5.48409
51	2600	5.48409
52	2650	4.97779
53	2700	4.97779
54	2750	4.97779
55	2800	4.97779
56	2850	4.76964
57	2900	3.85123
58	2950	3.72156
59	3000	2.9535
60	3050	2.9535
61	3100	2.90013
62	3150	2.62458
63	3200	2.62458
64	3250	1.12975
65	3300	1.12975
66	3350	1.12975
67	3400	1.05321
68	3450	1.05321
69	3500	1.05321
70	3550	1.05321
71	3600	0.675051
72	3650	0.675051
73	3700	0.675051
74	3750	0.675051
75	3800	0.597033
76	3850	0.328101
77	3900	0.328101
78	3950	0.328101
79	4000	0.322174
80	4050	0.322174
81	4100	0.322174
82	4150	0.322174
83	4200	0.322174
84	4250	0.159947
85	4300	0.159947
86	4350	0.155882
87	4400	0.155882
88	4450	0.107132
89	4500	0.107132
90	4550	0.100071
91	4600	0.100071
92	4650	0.100071
93	4700	0.100071
94	4750	0.100071
95	4800	0.0951898
96	4850	0.0929462
97	4900	0.074226
98	4950	0.074226
99	5000	0.074226
100	5050	0.074226
101	5100	0.0690628
102	5150	0.048028
103	5200	0.0397739
104	5250	0.0397739
105	5300	0.0302873
106	5350	0.0302873
107	5400	0.0302873
108	5450	0.0234908
109	5500	0.0234908
110	5550	0.0206514
111	5600	0.0206514
112	5650	0.0206514
113	5700	0.0147795
114	5750	0.0141204
115	5800	0.0141204
116	5850	0.00864032
117	5900	0.00545144
118	5950	0.00545144
119	6000	0.004902
120	6050	0.004902
121	6100	0.004902
122	6150	0.004902
123	6200	0.004902
124	6250	0.00450912
125	6300	0.00450912
126	6350	0.0014944
127	6400	0.0014944
128	6450	0.00132214
129	6500	0.00132214
130	6550	0.00132214
131	6600	0.00132214
132	6650	0.00132214
133	6700	0.00132214
134	6750	0.00132214
135	6800	0.00132214
136	6850	0.00132214
137	6900	0.000857123
138	6950	0.000845437
139	7000	0.000845437
140	7050	0.000845437
141	7100	0.000845437
142	7150	0.000845437
143	7200	0.000845437
144	7250	0.000753404
145	7300	0.000580278
146	7350	0.000580278
147	7400	0.000553164
148	7450	0.000201084
149	7500	0.000183255
150	7550	0.000183255
151	7600	0.000165008
152	7650	0.000165008
153	7700	0.000165008
154	7750	0.000144242
155	7800	0.000135958
156	7850	0.000135958
157	7900	0.000135958
158	7950	0.000135958
159	8000	0.000135958
160	8050	0.000135958
161	8100	0.000135958
162	8150	8.30069e-005
163	8200	8.30069e-005
164	8250	8.30069e-005
165	8300	8.30069e-005
166	8350	8.30069e-005
167	8400	8.27981e-005
168	8450	8.03668e-005
169	8500	8.03668e-005
170	8550	8.03668e-005
171	8600	7.85166e-005
172	8650	6.60348e-005
173	8700	6.56189e-005
174	8750	4.71963e-005
175	8800	3.85387e-005
176	8850	3.85387e-005
177	8900	3.66113e-005
178	8950	2.48758e-005
179	9000	2.48758e-005
180	9050	2.48758e-005
181	9100	2.48758e-005
182	9150	1.85418e-005
183	9200	1.85418e-005
184	9250	1.85418e-005
185	9300	9.17092e-006
186	9350	9.04856e-006
187	9400	9.04856e-006
188	9450	9.02018e-006
189	9500	9.02018e-006
190	9550	8.06851e-006
191	9600	8.06851e-006
192	9650	8.06851e-006
193	9700	5.96008e-006
194	9750	3.08624e-006
195	9800	2.56747e-006
196	9850	1.78488e-006
197	9900	1.78488e-006
198	9950	1.78488e-006
199	10000	1.78488e-006
200	10050	1.29326e-006
201	10100	1.00307e-006
202	10150	1.00307e-006
203	10200	1.00307e-006
204	10250	1.00307e-006
205	10300	8.39795e-007
206	10350	5.63257e-007
207	10400	5.25882e-007
208	10450	5.25882e-007
209	10500	5.25882e-007
210	10550	5.1459e-007
211	10600	5.1459e-007
212	10650	4.45867e-007
213	10700	4.45867e-007
214	10750	3.8008e-007
215	10800	3.8008e-007
216	10850	3.8008e-007
217	10900	3.8008e-007
218	10950	3.8008e-007
219	11000	3.8008e-007
220	11050	2.51709e-007
221	11100	2.50185e-007
222	11150	2.50185e-007
223	11200	2.50185e-007
224	11250	2.2156e-007
225	11300	2.2156e-007
226	11350	2.2156e-007
227	11400	1.52392e-007
228	11450	1.52392e-007
229	11500	1.49219e-007
230	11550	1.49219e-007
231	11600	1.26698e-007
232	11650	1.26698e-007
233	11700	1.09427e-007
234	11750	1.09427e-007
235	11800	5.40814e-008
236	11850	5.40814e-008
237	11900	5.40814e-008
238	11950	4.94584e-008
239	12000	4.73349e-008
240	12050	4.65289e-008
241	12100	4.65289e-008
242	12150	4.65289e-008
243	12200	4.53978e-008
244	12250	4.07395e-008
245	12300	4.07395e-008
246	12350	4.07395e-008
247	12400	4.07395e-008
248	12450	3.51327e-008
249	12500	2.94562e-008
250	12550	2.4745e-008
251	12600	2.4745e-008
252	12650	2.01229e-008
253	12700	1.03008e-008
254	12750	1.03008e-008
255	12800	1.03008e-008
256	12850	1.03008e-008
257	12900	1.03008e-008
258	12950	1.03008e-008
259	13000	8.37025e-009
260	13050	8.37025e-009
261	13100	7.35566e-009
262	13150	5.96051e-009
263	13200	5.96051e-009
264	13250	3.54581e-009
265	13300	3.54581e-009
266	13350	3.54581e-009
267	13400	3.54581e-009
268	13450	3.54581e-009
269	13500	3.54581e-009
270	13550	3.54581e-009
271	13600	3.50464e-009
272	13650	2.40142e-009
273	13700	2.40142e-009
274	13750	2.40142e-009
275	13800	2.39606e-009
276	13850	2.39606e-009
277	13900	2.17465e-009
278	13950	2.16604e-009
279	14000	1.14527e-009
280	14050	1.14527e-009
281	14100	1.14527e-009
282	14150	1.14527e-009
283	14200	1.14527e-009
284	14250	1.14527e-009
285	14300	1.10164e-009
286	14350	9.93659e-010
287	14400	9.92242e-010
288	14450	6.67666e-010
289	14500	6.67666e-010
290	14550	6.67666e-010
291	14600	6.67666e-010
292	14650	5.38908e-010
293	14700	3.3292e-010
294	14750	3.3292e-010
295	14800	3.3292e-010
296	14850	1.5498e-010
297	14900	1.5498e-010
298	14950	1.47937e-010
299	15000	8.85249e-011
300	15050	7.61485e-011
301	15100	7.61485e-011
302	15150	7.61485e-011
303	15200	6.89298e-011
304	15250	6.8768e-011
305	15300	6.8768e-011
306	15350	6.8768e-011
307	15400	6.8768e-011
308	15450	5.94924e-011
309	15500	5.69735e-011
310	15550	5.69735e-011
311	15600	5.69735e-011
312	15650	5.69735e-011
313	15700	5.69735e-011
314	15750	5.69735e-011
315	15800	5.69565e-011
316	15850	5.44831e-011
317	15900	5.44831e-011
318	15950	4.24744e-011
319	16000	4.24744e-011
320	16050	4.24744e-011
321	16100	3.99113e-011
322	16150	3.88673e-011
323	16200	3.85848e-011
324	16250	3.85848e-011
325	16300	3.85848e-011
326	16350	3.82535e-011
327	16400	3.82535e-011
328	16450	3.82535e-011
329	16500	2.61217e-011
330	16550	2.42408e-011
331	16600	1.43908e-011
332	16650	1.43908e-011
333	16700	1.43908e-011
334	16750	1.43908e-011
335	16800	1.43908e-011
336	16850	1.35345e-011
337	16900	7.62065e-012
338	16950	7.62065e-012
339	17000	7.62065e-012
340	17050	7.3275e-012
341	17100	7.3275e-012
342	17150	7.3275e-012
343	17200	7.17428e-012
344	17250	7.17428e-012
345	17300	7.17428e-012
346	17350	7.17428e-012
347	17400	6.81316e-012
348	17450	6.81316e-012
349	17500	5.80589e-012
350	17550	5.80589e-012
351	17600	5.80589e-012
352	17650	5.80589e-012
353	17700	4.99795e-012
354	17750	4.99795e-012
355	17800	4.96867e-012
356	17850	4.96867e-012
357	17900	2.33973e-012
358	17950	2.33973e-012
359	18000	2.33973e-012
360	18050	1.75349e-012
361	18100	1.75349e-012
362	18150	1.75349e-012
363	18200	1.75349e-012
364	18250	1.74067e-012
365	18300	1.74067e-012
366	18350	8.05181e-013
367	18400	8.05181e-013
368	18450	7.39586e-013
369	18500	3.11435e-013
370	18550	3.11435e-013
371	18600	3.06148e-013
372	18650	3.06148e-013
373	18700	2.98671e-013
374	18750	2.90473e-013
375	18800	2.90473e-013
376	18850	2.90473e-013
377	18900	2.90473e-013
378	18950	2.13779e-013
379	19000	2.13779e-013
380	19050	2.05814e-013
381	19100	2.05814e-013
382	19150	2.05814e-013
383	19200	2.05371e-013
384	19250	2.05371e-013
385	19300	2.05371e-013
386	19350	1.81936e-013
387	19400	1.64986e-013
388	19450	7.67266e-014
389	19500	7.67266e-014
390	19550	7.67266e-014
391	19600	6.36123e-014
392	19650	6.36123e-014
393	19700	6.36123e-014
394	19750	6.17097e-014
395	19800	6.17097e-014
396	19850	6.17097e-014
397	19900	5.21601e-014
398	19950	5.21601e-014
399	20000	4.93484e-014
400	20050	4.93484e-014
401	20100	4.93484e-014
402	20150	3.11922e-014
403	20200	2.35841e-014
404	20250	2.35841e-014
405	20300	1.53885e-014
406	20350	1.53885e-014
407	20400	1.52149e-014
408	20450	9.07489e-015
409	20500	9.07489e-015
410	20550	5.31939e-015
411	20600	5.31939e-015
412	20650	5.31939e-015
413	20700	5.31939e-015
414	20750	5.31939e-015
415	20800	5.31939e-015
416	20850	5.30087e-015
417	20900	5.30087e-015
418	20950	5.30087e-015
419	21000	5.17722e-015
420	21050	5.17722e-015
421	21100	4.30832e-015
422	21150	4.30832e-015
423	21200	4.08378e-015
424	21250	3.15525e-015
425	21300	3.15525e-015
426	21350	2.52499e-015
427	21400	2.41795e-015
428	21450	2.41795e-015
429	21500	2.28949e-015
430	21550	2.28949e-015
431	21600	1.54413e-015
432	21650	1.54413e-015
433	21700	5.82109e-016
434	21750	5.82109e-016
435	21800	5.26338e-016
436	21850	5.26338e-016
437	21900	5.26338e-016
438	21950	5.26338e-016
439	22000	5.05388e-016
440	22050	5.05388e-016
441	22100	5.05388e-016
442	22150	3.28203e-016
443	22200	3.28203e-016
444	22250	2.85187e-016
445	22300	2.85187e-016
446	22350	1.32178e-016
447	22400	1.32178e-016
448	22450	1.32178e-016
449	22500	1.32178e-016
450	22550	1.32178e-016
451	22600	1.32178e-016
452	22650	1.32178e-016
453	22700	1.32178e-016
454	22750	1.105e-016
455	22800	1.105e-016
456	22850	9.51113e-017
457	22900	6.02654e-017
458	22950	4.82089e-017
459	23000	4.82089e-017
460	23050	3.45395e-017
461	23100	3.45395e-017
462	23150	3.45395e-017
463	23200	3.45395e-017
464	23250	3.45395e-017
465	23300	3.45395e-017
466	23350	3.45395e-017
467	23400	3.45395e-017
468	23450	3.45395e-017
469	23500	3.25504e-017
470	23550	3.16564e-017
471	23600	2.75692e-017
472	23650	2.75692e-017
473	23700	2.11895e-017
474	23750	1.76417e-017
475	23800	1.05494e-017
476	23850	1.05494e-017
477	23900	1.05494e-017
478	23950	1.05494e-017
479	24000	7.62951e-018
480	24050	7.62951e-018
481	24100	7.38751e-018
482	24150	7.38751e-018
483	24200	7.38751e-018
484	24250	7.36691e-018
485	24300	6.95414e-018
486	24350	6.95414e-018
487	24400	6.95414e-018
488	24450	6.20245e-018
489	24500	2.23063e-018
490	24550	2.23063e-018
491	24600	2.23063e-018
492	24650	2.23063e-018
493	24700	2.23063e-018
494	24750	1.65308e-018
495	24800	1.65308e-018
496	24850	1.42736e-018
497	24900	1.42736e-018
498	24950	1.33375e-018
499	25000	1.09362e-018
500	25050	1.01556e-018
501	25100	1.01556e-018
502	25150	1.01556e-018
503	25200	7.08901e-019
504	25250	6.65254e-019
505	25300	5.39999e-019
506	25350	4.86404e-019
507	25400	4.86404e-019
508	25450	4.86404e-019
509	25500	4.86404e-019
510	25550	4.86404e-019
511	25600	4.86404e-019
512	25650	3.30233e-019
513	25700	3.30233e-019
514	25750	2.4069e-019
515	25800	2.35872e-019
516	25850	2.35872e-019
517	25900	1.15574e-019
518	25950	1.15574e-019
519	26000	8.29986e-020
520	26050	8.29986e-020
521	26100	8.29986e-020
522	26150	8.29986e-020
523	26200	8.29986e-020
524	26250	8.29986e-020
525	26300	8.23266e-020
526	26350	5.48539e-020
527	26400	5.48539e-020
528	26450	5.48539e-020
529	26500	4.96029e-020
530	26550	4.96029e-020
531	26600	3.45039e-020
532	26650	3.30772e-020
533	26700	3.30772e-020
534	26750	3.06441e-020
535	26800	3.06441e-020
536	26850	3.06441e-020
537	26900	3.06441e-020
538	26950	2.03949e-020
539	27000	2.03937e-020
540	27050	2.03937e-020
541	27100	1.19159e-020
542	27150	1.19159e-020
543	27200	1.19159e-020
544	27250	1.19159e-020
545	27300	1.11127e-020
546	27350	1.10364e-020
547	27400	1.09406e-020
548	27450	9.13524e-021
549	27500	7.80132e-021
550	27550	6.43513e-021
551	27600	4.21559e-021
552	27650	4.21559e-021
553	27700	4.21559e-021
554	27750	1.40071e-021
555	27800	1.40071e-021
556	27850	1.40071e-021
557	27900	1.40071e-021
558	27950	1.40071e-021
559	28000	1.40071e-021
560	28050	9.42865e-022
561	28100	9.0354e-022
562	28150	8.55281e-022
563	28200	8.55281e-022
564	28250	2.6087e-022
565	28300	2.6087e-022
566	28350	2.6087e-022
567	28400	2.6087e-022
568	28450	2.6087e-022
569	28500	2.6087e-022
570	28550	2.6087e-022
571	28600	2.6087e-022
572	28650	2.6087e-022
573	28700	2.6087e-022
574	28750	2.6087e-022
575	28800	1.50345e-022
576	28850	1.50345e-022
577	28900	1.50345e-022
578	28950	1.50345e-022
579	29000	1.50345e-022
580	29050	1.50345e-022
581	29100	1.50345e-022
582	29150	1.50345e-022
583	29200	1.50345e-022
584	29250	1.50345e-022
585	29300	1.50345e-022
586	29350	1.50345e-022
587	29400	1.50345e-022
588	29450	1.50345e-022
589	29500	1.50345e-022
590	29550	8.4515e-023
591	29600	8.4515e-023
592	29650	8.4515e-023
593	29700	8.4515e-023
594	29750	8.4515e-023
595	29800	8.4515e-023
596	29850	7.19146e-023
597	29900	7.19146e-023
598	29950	5.01813e-023
599	30000	5.01813e-023
600	30050	2.42839e-023
601	30100	2.42839e-023
602	30150	2.42839e-023
603	30200	1.20268e-023
604	30250	1.20268e-023
605	30300	1.20268e-023
606	30350	1.20268e-023
607	30400	1.20268e-023
608	30450	1.08316e-023
609	30500	1.05788e-023
610	30550	1.05788e-023
611	30600	1.05788e-023
612	30650	1.05788e-023
613	30700	1.05788e-023
614	30750	1.03382e-023
615	30800	1.03382e-023
616	30850	1.03382e-023
617	30900	9.6215e-024
618	30950	9.2172e-024
619	31000	6.53567e-024
620	31050	5.99953e-024
621	31100	5.99953e-024
622	31150	5.99953e-024
623	31200	5.61162e-024
624	31250	5.23151e-024
625	31300	1.70736e-024
626	31350	1.70736e-024
627	31400	1.70736e-024
628	31450	1.70736e-024
629	31500	1.70736e-024
630	31550	1.69073e-024
631	31600	1.69073e-024
632	31650	1.69073e-024
633	31700	1.22229e-024
634	31750	1.22229e-024
635	31800	1.22229e-024
636	31850	1.06713e-024
637	31900	1.06713e-024
638	31950	1.06713e-024
639	32000	1.05244e-024
640	32050	1.05244e-024
641	32100	7.61371e-025
642	32150	7.61371e-025
643	32200	7.22597e-025
644	32250	6.11854e-025
645	32300	6.11854e-025
646	32350	6.04835e-025
647	32400	2.76088e-025
648	32450	2.76088e-025
649	32500	1.72579e-025
650	32550	1.72579e-025
651	32600	1.72579e-025
652	32650	1.72579e-025
653	32700	1.72579e-025
654	32750	1.63455e-025
655	32800	1.63455e-025
656	32850	1.63455e-025
657	32900	1.63455e-025
658	32950	1.35946e-025
659	33000	1.35946e-025
660	33050	7.19625e-026
661	33100	7.19625e-026
662	33150	5.49681e-026
663	33200	5.49681e-026
664	33250	5.49681e-026
665	33300	5.49681e-026
666	33350	5.49681e-026
667	33400	5.49681e-026
668	33450	5.1111e-026
669	33500	4.84183e-026
670	33550	4.84183e-026
671	33600	3.82084e-026
672	33650	3.82084e-026
673	33700	2.86555e-026
674	33750	2.86555e-026
675	33800	2.86555e-026
676	33850	2.25478e-026
677	33900	2.25478e-026
678	33950	2.25478e-026
679	34000	2.25478e-026
680	34050	2.11979e-026
681	34100	1.67742e-026
682	34150	1.67742e-026
683	34200	1.67742e-026
684	34250	1.67742e-026
685	34300	8.70503e-027
686	34350	8.70503e-027
687	34400	8.70503e-027
688	34450	8.70503e-027
689	34500	8.70503e-027
690	34550	6.26611e-027
691	34600	6.26611e-027
692	34650	6.26611e-027
693	34700	5.04481e-027
694	34750	5.04481e-027
695	34800	4.39564e-027
696	34850	4.39564e-027
697	34900	3.24641e-027
698	34950	3.24641e-027
699	35000	3.24641e-027
700	35050	3.24641e-027
701	35100	3.24641e-027
702	35150	3.24641e-027
703	35200	3.24641e-027
704	35250	2.88066e-027
705	35300	1.10704e-027
706	35350	8.31708e-028
707	35400	8.31708e-028
708	35450	8.31708e-028
709	35500	8.31708e-028
710	35550	5.33141e-028
711	35600	5.33141e-028
712	35650	5.33141e-028
713	35700	5.33141e-028
714	35750	5.33141e-028
715	35800	5.33141e-028
716	35850	5.33141e-028
717	35900	3.25171e-028
718	35950	3.25171e-028
719	36000	3.25171e-028
720	36050	3.25171e-028
721	36100	2.82653e-028
722	36150	2.79328e-028
723	36200	2.26005e-028
724	36250	2.26005e-028
725	36300	2.26005e-028
726	36350	2.25891e-028
727	36400	1.54029e-028
728	36450	1.54029e-028
729	36500	1.54029e-028
730	36550	1.45866e-028
731	36600	1.30479e-028
732	36650	1.05523e-028
733	36700	9.38131e-029
734	36750	7.03514e-029
735	36800	7.03514e-029
736	36850	6.67133e-029
737	36900	3.90801e-029
738	36950	3.90801e-029
739	37000	3.90801e-029
740	37050	3.90801e-029
741	37100	3.90801e-029
742	37150	3.1097e-029
743	37200	3.1097e-029
744	37250	3.1097e-029
745	37300	2.63632e-029
746	37350	2.63632e-029
747	37400	1.1867e-029
748	37450	1.1867e-029
749	37500	1.1867e-029
750	37550	1.1867e-029
751	37600	1.02469e-029
752	37650	1.02469e-029
753	37700	9.6194e-030
754	37750	9.6194e-030
755	37800	9.6194e-030
756	37850	9.6194e-030
757	37900	8.15642e-030
758	37950	7.99847e-030
759	38000	7.99847e-030
760	38050	7.01378e-030
761	38100	6.46009e-030
762	38150	6.46009e-030
763	38200	5.31805e-030
764	38250	5.31805e-030
765	38300	3.87352e-030
766	38350	3.38256e-030
767	38400	3.26284e-030
768	38450	2.86462e-030
769	38500	2.86462e-030
770	38550	2.33484e-030
771	38600	2.05579e-030
772	38650	2.05579e-030
773	38700	2.00576e-030
774	38750	2.00576e-030
775	38800	2.00576e-030
776	38850	1.97213e-030
777	38900	1.25156e-030
778	38950	1.25156e-030
779	39000	1.25156e-030
780	39050	1.25156e-030
781	39100	1.25156e-030
782	39150	1.09683e-030
783	39200	4.81059e-031
784	39250	4.81059e-031
785	39300	4.81059e-031
786	39350	4.81059e-031
787	39400	4.81059e-031
788	39450	3.44041e-031
789	39500	3.44041e-031
790	39550	3.44041e-031
791	39600	3.32017e-031
792	39650	3.32017e-031
793	39700	3.32017e-031
794	39750	2.67597e-031
795	39800	2.67597e-031
796	39850	1.09608e-031
797	39900	1.09608e-031
798	39950	9.837e-032
799	40000	9.837e-032
800	40050	9.837e-032
801	40100	9.837e-032
802	40150	7.41579e-032
803	40200	6.48106e-032
804	40250	6.48106e-032
805	40300	6.48106e-032
806	40350	6.48106e-032
807	40400	6.48106e-032
808	40450	5.36852e-032
809	40500	5.36852e-032
810	40550	5.36852e-032
811	40600	5.36852e-032
812	40650	5.36852e-032
813	40700	4.50898e-032
814	40750	4.50898e-032
815	40800	4.50898e-032
816	40850	3.94054e-032
817	40900	3.68287e-032
818	40950	3.68287e-032
819	41000	3.68287e-032
820	41050	3.68287e-032
821	41100	1.3115e-032
822	41150	1.3115e-032
823	41200	1.3115e-032
824	41250	1.3115e-032
825	41300	1.3115e-032
826	41350	1.3115e-032
827	41400	1.3115e-032
828	41450	1.3115e-032
829	41500	1.25853e-032
830	41550	1.25853e-032
831	41600	1.16881e-032
832	41650	1.16881e-032
833	41700	9.69038e-033
834	41750	5.64941e-033
835	41800	5.58582e-033
836	41850	5.237e-033
837	41900	5.237e-033
838	41950	5.237e-033
839	42000	5.237e-033
840	42050	5.237e-033
841	42100	4.10391e-033
842	42150	3.77663e-033
843	42200	2.77117e-033
844	42250	2.27416e-033
845	42300	2.27416e-033
846	42350	2.1091e-033
847	42400	1.95902e-033
848	42450	1.95902e-033
849	42500	1.95902e-033
850	42550	1.8092e-033
851	42600	1.77587e-033
852	42650	1.76557e-033
853	42700	1.25312e-033
854	42750	1.25312e-033
855	42800	1.25312e-033
856	42850	1.14541e-033
857	42900	9.60697e-034
858	42950	3.93935e-034
859	43000	3.93935e-034
860	43050	3.93935e-034
861	43100	3.93935e-034
862	43150	3.6363e-034
863	43200	3.6363e-034
864	43250	3.6363e-034
865	43300	2.90473e-034
866	43350	2.90473e-034
867	43400	2.66285e-034
868	43450	2.66285e-034
869	43500	2.66285e-034
870	43550	2.66285e-034
871	43600	2.1456e-034
872	43650	2.1456e-034
873	43700	1.33322e-034
874	43750	1.33322e-034
875	43800	1.33322e-034
876	43850	1.33322e-034
877	43900	1.33322e-034
878	43950	1.33322e-034
879	44000	9.13759e-035
880	44050	9.13759e-035
881	44100	9.13712e-035
882	44150	9.13712e-035
883	44200	9.13712e-035
884	44250	9.13712e-035
885	44300	9.13712e-035
886	44350	7.44451e-035
887	44400	7.44451e-035
888	44450	7.29422e-035
889	44500	7.29422e-035
890	44550	3.70555e-035
891	44600	3.70555e-035
892	44650	3.3469e-035
893	44700	3.3469e-035
894	44750	3.3469e-035
895	44800	2.98038e-035
896	44850	2.98038e-035
897	44900	2.98038e-035
898	44950	2.55538e-035
899	45000	2.47513e-035
900	45050	2.37307e-035
901	45100	2.10312e-035
902	45150	2.10312e-035
903	45200	1.31188e-035
904	45250	1.31188e-035
905	45300	1.16155e-035
906	45350	1.16155e-035
907	45400	7.83765e-036
908	45450	7.83765e-036
909	45500	6.59751e-036
910	45550	6.59751e-036
911	45600	5.39227e-036
912	45650	5.39227e-036
913	45700	4.18661e-036
914	45750	4.18661e-036
915	45800	4.18661e-036
916	45850	3.84022e-036
917	45900	2.48635e-036
918	45950	2.48635e-036
919	46000	2.48635e-036
920	46050	2.24033e-036
921	46100	2.24033e-036
922	46150	2.24033e-036
923	46200	2.15158e-036
924	46250	1.77031e-036
925	46300	1.77031e-036
926	46350	1.77031e-036
927	46400	1.77031e-036
928	46450	1.1662e-036
929	46500	8.62378e-037
930	46550	8.62031e-037
931	46600	8.1653e-037
932	46650	8.1653e-037
933	46700	6.70966e-037
934	46750	6.70966e-037
935	46800	6.70966e-037
936	46850	6.70966e-037
937	46900	6.70966e-037
938	46950	6.3198e-037
939	47000	6.14741e-037
940	47050	6.14741e-037
941	47100	2.76405e-037
942	47150	1.72144e-037
943	47200	1.72144e-037
944	47250	1.72144e-037
945	47300	1.72144e-037
946	47350	1.64201e-037
947	47400	1.4941e-037
948	47450	1.24371e-037
949	47500	1.24371e-037
950	47550	1.19821e-037
951	47600	1.17567e-037
952	47650	1.17567e-037
953	47700	6.12302e-038
954	47750	6.03266e-038
955	47800	6.03266e-038
956	47850	5.84446e-038
957	47900	5.77395e-038
958	47950	4.80965e-038
959	48000	4.80965e-038
960	48050	4.80965e-038
961	48100	4.80965e-038
962	48150	4.80965e-038
963	48200	4.37396e-038
964	48250	3.62698e-038
965	48300	3.62698e-038
966	48350	2.93647e-038
967	48400	2.93647e-038
968	48450	2.93647e-038
969	48500	1.88236e-038
970	48550	1.88236e-038
971	48600	1.84124e-038
972	48650	1.71403e-038
973	48700	1.71403e-038
974	48750	1.67294e-038
975	48800	1.15498e-038
976	48850	1.14554e-038
977	48900	1.12077e-038
978	48950	9.30056e-039
979	49000	5.47991e-039
980	49050	4.78011e-039
981	49100	4.78011e-039
982	49150	3.5385e-039
983	49200	3.5385e-039
984	49250	2.6445e-039
985	49300	2.6445e-039
986	49350	2.16972e-039
987	49400	2.16972e-039
988	49450	2.16972e-039
989	49500	2.16972e-039
990	49550	2.16972e-039
991	49600	2.16972e-039
992	49650	1.90148e-039
993	49700	1.77468e-039
994	49750	1.77468e-039
995	49800	1.77468e-039
996	49850	1.77468e-039
997	49900	1.77468e-039
998	49950	1.77468e-039
999	50000	1.77468e-039
1000	50050	1.02993e-039
1001	50100	1.02993e-039
1002	50150	1.02993e-039
1003	50200	1.02993e-039
1004	50250	7.79836e-040
1005	50300	4.74129e-040
1006	50350	4.74129e-040
1007	50400	4.74129e-040
1008	50450	4.74129e-040
1009	50500	4.62019e-040
1010	50550	4.62019e-040
1011	50600	3.57892e-040
1012	50650	3.57892e-040
1013	50700	3.12755e-040
1014	50750	3.12755e-040
1015	50800	3.06377e-040
1016	50850	2.70074e-040
1017	50900	2.16981e-040
1018	50950	1.58918e-040
1019	51000	1.58918e-040
1020	51050	1.17143e-040
1021	51100	1.17143e-040
1022	51150	1.16634e-040
1023	51200	1.16634e-040
1024	51250	1.16634e-040
1025	51300	1.16634e-040
1026	51350	7.86226e-041
1027	51400	7.36731e-041
1028	51450	7.36731e-041
1029	51500	7.36731e-041
1030	51550	7.36731e-041
1031	51600	3.22477e-041
1032	51650	3.22477e-041
1033	51700	3.22477e-041
1034	51750	3.22477e-041
1035	51800	3.22477e-041
1036	51850	3.22477e-041
1037	51900	3.22477e-041
1038	51950	3.22477e-041
1039	52000	3.22477e-041
1040	52050	3.22477e-041
1041	52100	3.22477e-041
1042	52150	2.78323e-041
1043	52200	2.78323e-041
1044	52250	1.71869e-041
1045	52300	1.70574e-041
1046	52350	1.70574e-041
1047	52400	1.32146e-041
1048	52450	1.32146e-041
1049	52500	1.12318e-041
1050	52550	1.08911e-041
1051	52600	1.08911e-041
1052	52650	1.08911e-041
1053	52700	1.08911e-041
1054	52750	1.03592e-041
1055	52800	1.00752e-041
1056	52850	6.86545e-042
1057	52900	6.02006e-042
1058	52950	6.02006e-042
1059	53000	6.02006e-042
1060	53050	5.87847e-042
1061	53100	4.73357e-042
1062	53150	4.06747e-042
1063	53200	1.888e-042
1064	53250	1.888e-042
1065	53300	1.31481e-042
1066	53350	1.31481e-042
1067	53400	1.31481e-042
1068	53450	1.31481e-042
1069	53500	1.31481e-042
1070	53550	1.31481e-042
1071	53600	1.31481e-042
1072	53650	1.31481e-042
1073	53700	1.18652e-042
1074	53750	1.18652e-042
1075	53800	3.74478e-043
1076	53850	3.74478e-043
1077	53900	3.74478e-043
1078	53950	3.74478e-043
1079	54000	3.74478e-043
1080	54050	3.74478e-043
1081	54100	3.74478e-043
1082	54150	3.73737e-043
1083	54200	3.52395e-043
1084	54250	3.52395e-043
1085	54300	2.58343e-043
1086	54350	2.58343e-043
1087	54400	2.58343e-043
1088	54450	2.58343e-043
1089	54500	2.58343e-043
1090	54550	2.2185e-043
1091	54600	2.0619e-043
1092	54650	1.73812e-043
1093	54700	1.73812e-043
1094	54750	8.51151e-044
1095	54800	8.34657e-044
1096	54850	8.34657e-044
1097	54900	8.34657e-044
1098	54950	8.34657e-044
1099	55000	8.11382e-044
1100	55050	8.11382e-044
1101	55100	8.11382e-044
1102	55150	6.95429e-044
1103	55200	6.95429e-044
1104	55250	6.95429e-044
1105	55300	4.2932e-044
1106	55350	4.2932e-044
1107	55400	4.2932e-044
1108	55450	2.57664e-044
1109	55500	2.57664e-044
1110	55550	2.57664e-044
1111	55600	2.478e-044
1112	55650	2.478e-044
1113	55700	2.36017e-044
1114	55750	1.54083e-044
1115	55800	1.54083e-044
1116	55850	1.51463e-044
1117	55900	1.30472e-044
1118	55950	1.05403e-044
1119	56000	1.05403e-044
1120	56050	1.05403e-044
1121	56100	1.04559e-044
1122	56150	1.04559e-044
1123	56200	7.70817e-045
1124	56250	7.70817e-045
1125	56300	7.70817e-045
1126	56350	7.70817e-045
1127	56400	4.0156e-045
1128	56450	4.0156e-045
1129	56500	4.0156e-045
1130	56550	4.0156e-045
1131	56600	3.55119e-045
1132	56650	2.45136e-045
1133	56700	2.45136e-045
1134	56750	2.45136e-045
1135	56800	2.45136e-045
1136	56850	2.45136e-045
1137	56900	2.33668e-045
1138	56950	2.30054e-045
1139	57000	2.30054e-045
1140	57050	2.30054e-045
1141	57100	2.30054e-045
1142	57150	2.15282e-045
1143	57200	2.15282e-045
1144	57250	1.12211e-045
1145	57300	1.12211e-045
1146	57350	1.12211e-045
1147	57400	1.12211e-045
1148	57450	1.12211e-045
1149	57500	5.90323e-046
1150	57550	5.85341e-046
1151	57600	5.43315e-046
1152	57650	3.54189e-046
1153	57700	3.54189e-046
1154	57750	2.88018e-046
1155	57800	2.88018e-046
1156	57850	2.88018e-046
1157	57900	2.88018e-046
1158	57950	2.45214e-046
1159	58000	1.69797e-046
1160	58050	1.69797e-046
1161	58100	1.69797e-046
1162	58150	8.63738e-047
1163	58200	7.26948e-047
1164	58250	7.26948e-047
1165	58300	7.26948e-047
1166	58350	7.26948e-047
1167	58400	7.26948e-047
1168	58450	7.26948e-047
1169	58500	7.26948e-047
1170	58550	6.6158e-047
1171	58600	6.6158e-047
1172	58650	6.33003e-047
1173	58700	6.33003e-047
1174	58750	5.36161e-047
1175	58800	5.18879e-047
1176	58850	4.57851e-047
1177	58900	4.57851e-047
1178	58950	3.35652e-047
1179	59000	3.35652e-047
1180	59050	3.0918e-047
1181	59100	3.0918e-047
1182	59150	3.0918e-047
1183	59200	3.0918e-047
1184	59250	3.0918e-047
1185	59300	3.0918e-047
1186	59350	3.0918e-047
1187	59400	1.69283e-047
1188	59450	1.69283e-047
1189	59500	1.69283e-047
1190	59550	1.67991e-047
1191	59600	1.67991e-047
1192	59650	1.67991e-047
1193	59700	1.30228e-047
1194	59750	8.23178e-048
1195	59800	8.23178e-048
1196	59850	8.23178e-048
1197	59900	8.23178e-048
1198	59950	8.23178e-048
1199	60000	8.23178e-048
1200	60050	8.23178e-048
1201	60100	8.23175e-048
1202	60150	6.32531e-048
1203	60200	6.14762e-048
1204	60250	4.80352e-048
1205	60300	2.33733e-048
1206	60350	2.33733e-048
1207	60400	2.33733e-048
1208	60450	2.33733e-048
1209	60500	2.33733e-048
1210	60550	2.33733e-048
1211	60600	2.33733e-048
1212	60650	1.8581e-048
1213	60700	1.8581e-048
1214	60750	1.60193e-048
1215	60800	1.01018e-048
1216	60850	1.01018e-048
1217	60900	5.73381e-049
1218	60950	5.73381e-049
1219	61000	5.73381e-049
1220	61050	5.73381e-049
1221	61100	5.73381e-049
1222	61150	5.73381e-049
1223	61200	5.73381e-049
1224	61250	5.73381e-049
1225	61300	5.73381e-049
1226	61350	5.73381e-049
1227	61400	4.95254e-049
1228	61450	4.04273e-049
1229	61500	3.16146e-049
1230	61550	3.16146e-049
1231	61600	3.16146e-049
1232	61650	3.16146e-049
1233	61700	2.88121e-049
1234	61750	2.71192e-049
1235	61800	2.71192e-049
1236	61850	2.71192e-049
1237	61900	2.64524e-049
1238	61950	2.64524e-049
1239	62000	2.57754e-049
1240	62050	1.4283e-049
1241	62100	1.4283e-049
1242	62150	1.41681e-049
1243	62200	1.41681e-049
1244	62250	1.40253e-049
1245	62300	8.75638e-050
1246	62350	8.14838e-050
1247	62400	4.77944e-050
1248	62450	4.77944e-050
1249	62500	4.77944e-050
1250	62550	4.46399e-050
1251	62600	2.7909e-050
1252	62650	2.7909e-050
1253	62700	2.45505e-050
1254	62750	2.45505e-050
1255	62800	2.45505e-050
1256	62850	2.45505e-050
1257	62900	2.45505e-050
1258	62950	2.45505e-050
1259	63000	2.45505e-050
1260	63050	2.45505e-050
1261	63100	2.45505e-050
1262	63150	2.45505e-050
1263	63200	2.25399e-050
1264	63250	1.42406e-050
1265	63300	1.39463e-050
1266	63350	1.39463e-050
1267	63400	1.20188e-050
1268	63450	1.20188e-050
1269	63500	1.20188e-050
1270	63550	3.58822e-051
1271	63600	1.18797e-051
1272	63650	1.18797e-051
1273	63700	1.18797e-051
1274	63750	1.18797e-051
1275	63800	1.18797e-051
1276	63850	1.17183e-051
1277	63900	1.17183e-051
1278	63950	1.17183e-051
1279	64000	1.17183e-051
1280	64050	1.17183e-051
1281	64100	1.17183e-051
1282	64150	1.17183e-051
1283	64200	1.17183e-051
1284	64250	1.17183e-051
1285	64300	1.17183e-051
1286	64350	1.17183e-051
1287	64400	8.89974e-052
1288	64450	8.89974e-052
1289	64500	8.89974e-052
1290	64550	8.24929e-052
1291	64600	8.24929e-052
1292	64650	8.24929e-052
1293	64700	7.58558e-052
1294	64750	7.58558e-052
1295	64800	7.58558e-052
1296	64850	7.58558e-052
1297	64900	7.58558e-052
1298	64950	6.28558e-052
1299	65000	6.28558e-052
1300	65050	6.28558e-052
1301	65100	6.28558e-052
1302	65150	6.28558e-052
1303	65200	6.28558e-052
1304	65250	6.28558e-052
1305	65300	6.14506e-052
1306	65350	2.84745e-052
1307	65400	2.30909e-052
1308	65450	2.30909e-052
1309	65500	2.30909e-052
1310	65550	2.04087e-052
1311	65600	1.6203e-052
1312	65650	1.6203e-052
1313	65700	1.6203e-052
1314	65750	1.6203e-052
1315	65800	1.6203e-052
1316	65850	1.31449e-052
1317	65900	1.31449e-052
1318	65950	1.09551e-052
1319	66000	1.09551e-052
1320	66050	1.09551e-052
1321	66100	1.09551e-052
1322	66150	1.09551e-052
1323	66200	1.09551e-052
1324	66250	1.09551e-052
1325	66300	1.04142e-052
1326	66350	1.04142e-052
1327	66400	1.04142e-052
1328	66450	9.00521e-053
1329	66500	5.60365e-053
1330	66550	5.29417e-053
1331	66600	5.29417e-053
1332	66650	5.29417e-053
1333	66700	3.52928e-053
1334	66750	2.76035e-053
1335	66800	2.67144e-053
1336	66850	2.34819e-053
1337	66900	1.27306e-053
1338	66950	1.10585e-053
1339	67000	1.10585e-053
1340	67050	1.05853e-053
1341	67100	9.85888e-054
1342	67150	9.85888e-054
1343	67200	9.85888e-054
1344	67250	9.85888e-054
1345	67300	6.15408e-054
1346	67350	6.15408e-054
1347	67400	5.30778e-054
1348	67450	5.30778e-054
1349	67500	4.07706e-054
1350	67550	4.07706e-054
1351	67600	4.07706e-054
1352	67650	4.07706e-054
1353	67700	3.56266e-054
1354	67750	2.86749e-054
1355	67800	2.86749e-054
1356	67850	2.86749e-054
1357	67900	2.86749e-054
1358	67950	2.86749e-054
1359	68000	2.86749e-054
1360	68050	2.86749e-054
1361	68100	2.86749e-054
1362	68150	2.86749e-054
1363	68200	1.78692e-054
1364	68250	1.78692e-054
1365	68300	1.31854e-054
1366	68350	1.31422e-054
1367	68400	1.31422e-054
1368	68450	1.04915e-054
1369	68500	1.03315e-054
1370	68550	1.03315e-054
1371	68600	1.03315e-054
1372	68650	5.23761e-055
1373	68700	5.23761e-055
1374	68750	5.23761e-055
1375	68800	5.23761e-055
1376	68850	5.23761e-055
1377	68900	5.23761e-055
1378	68950	5.23761e-055
1379	69000	4.96637e-055
1380	69050	4.93683e-055
1381	69100	4.93683e-055
1382	69150	4.23136e-055
1383	69200	4.23136e-055
1384	69250	3.69071e-055
1385	69300	3.37496e-055
1386	69350	3.37496e-055
1387	69400	2.32043e-055
1388	69450	2.00292e-055
1389	69500	2.00292e-055
1390	69550	1.40122e-055
1391	69600	1.40122e-055
1392	69650	1.40122e-055
1393	69700	1.40122e-055
1394	69750	1.40122e-055
1395	69800	1.3262e-055
1396	69850	1.03257e-055
1397	69900	1.03257e-055
1398	69950	1.03257e-055
1399	70000	1.03257e-055
1400	70050	1.03257e-055
1401	70100	3.75003e-056
1402	70150	2.47815e-056
1403	70200	2.47815e-056
1404	70250	2.4327e-056
1405	70300	2.4327e-056
1406	70350	2.4327e-056
1407	70400	2.4327e-056
1408	70450	2.4327e-056
1409	70500	2.4327e-056
1410	70550	2.4327e-056
1411	70600	2.4327e-056
1412	70650	2.27405e-056
1413	70700	2.27405e-056
1414	70750	2.27405e-056
1415	70800	2.24823e-056
1416	70850	1.70283e-056
1417	70900	1.70283e-056
1418	70950	5.8423e-057
1419	71000	5.8423e-057
1420	71050	5.8423e-057
1421	71100	4.63131e-057
1422	71150	4.47959e-057
1423	71200	4.47959e-057
1424	71250	4.47959e-057
1425	71300	4.47959e-057
1426	71350	4.47959e-057
1427	71400	4.47959e-057
1428	71450	4.47959e-057
1429	71500	4.47959e-057
1430	71550	3.5771e-057
1431	71600	2.60403e-057
1432	71650	2.54496e-057
1433	71700	2.54496e-057
1434	71750	2.54496e-057
1435	71800	2.54496e-057
1436	71850	2.30123e-057
1437	71900	2.02879e-057
1438	71950	8.30313e-058
1439	72000	8.30313e-058
1440	72050	6.77942e-058
1441	72100	6.77942e-058
1442	72150	6.77942e-058
1443	72200	6.77942e-058
1444	72250	6.77942e-058
1445	72300	6.77942e-058
1446	72350	6.77942e-058
1447	72400	6.77942e-058
1448	72450	6.77942e-058
1449	72500	6.27404e-058
1450	72550	2.69693e-058
1451	72600	2.69693e-058
1452	72650	2.69693e-058
1453	72700	2.58337e-058
1454	72750	2.58337e-058
1455	72800	2.0912e-058
1456	72850	2.0912e-058
1457	72900	2.0912e-058
1458	72950	2.0912e-058
1459	73000	1.90053e-058
1460	73050	1.34226e-058
1461	73100	9.17499e-059
1462	73150	6.7794e-059
1463	73200	6.7794e-059
1464	73250	6.74301e-059
1465	73300	6.74301e-059
1466	73350	6.74301e-059
1467	73400	5.7056e-059
1468	73450	5.7056e-059
1469	73500	5.26257e-059
1470	73550	5.26257e-059
1471	73600	5.26257e-059
1472	73650	5.18748e-059
1473	73700	5.18748e-059
1474	73750	5.18748e-059
1475	73800	5.18748e-059
1476	73850	5.18748e-059
1477	73900	6.79156e-060
1478	73950	6.79156e-060
1479	74000	6.79156e-060
1480	74050	6.79156e-060
1481	74100	6.79156e-060
1482	74150	6.79156e-060
1483	74200	6.79156e-060
1484	74250	6.79156e-060
1485	74300	6.79156e-060
1486	74350	6.76118e-060
1487	74400	6.76118e-060
1488	74450	6.64101e-060
1489	74500	6.64101e-060
1490	74550	6.64101e-060
1491	74600	5.40779e-060
1492	74650	4.76889e-060
1493	74700	4.76889e-060
1494	74750	4.2616e-060
1495	74800	3.82553e-060
1496	74850	3.82553e-060
1497	74900	3.82553e-060
1498	74950	3.53876e-060
1499	75000	3.53876e-060
1500	75050	3.53876e-060
1501	75100	3.53876e-060
1502	75150	3.53876e-060
1503	75200	3.53876e-060
1504	75250	3.53876e-060
1505	75300	3.53876e-060
1506	75350	3.53876e-060
1507	75400	3.3349e-060
1508	75450	3.3349e-060
1509	75500	3.3349e-060
1510	75550	3.21402e-060
1511	75600	3.07791e-060
1512	75650	3.07791e-060
1513	75700	3.07791e-060
1514	75750	3.07791e-060
1515	75800	2.05167e-060
1516	75850	1.64078e-060
1517	75900	1.64078e-060
1518	75950	1.03716e-060
1519	76000	1.03716e-060
1520	76050	1.02667e-060
1521	76100	1.02667e-060
1522	76150	8.41404e-061
1523	76200	8.41404e-061
1524	76250	8.41404e-061
1525	76300	4.12814e-061
1526	76350	4.12814e-061
1527	76400	3.35847e-061
1528	76450	3.18143e-061
1529	76500	1.99588e-061
1530	76550	1.99588e-061
1531	76600	1.99588e-061
1532	76650	1.99588e-061
1533	76700	1.99588e-061
1534	76750	1.99588e-061
1535	76800	1.99588e-061
1536	76850	1.99405e-061
1537	76900	1.1102e-061
1538	76950	1.1102e-061
1539	77000	9.69214e-062
1540	77050	8.89241e-062
1541	77100	8.01871e-062
1542	77150	8.01871e-062
1543	77200	6.5779e-062
1544	77250	6.09669e-062
1545	77300	6.09669e-062
1546	77350	6.09669e-062
1547	77400	6.09669e-062
1548	77450	6.09669e-062
1549	77500	5.65099e-062
1550	77550	4.78619e-062
1551	77600	2.48717e-062
1552	77650	2.48717e-062
1553	77700	2.48717e-062
1554	77750	2.48717e-062
1555	77800	2.48717e-062
1556	77850	8.23811e-063
1557	77900	8.23811e-063
1558	77950	7.69427e-063
1559	78000	7.58341e-063
1560	78050	7.58341e-063
1561	78100	7.58341e-063
1562	78150	7.58341e-063
1563	78200	7.58341e-063
1564	78250	7.58341e-063
1565	78300	7.58341e-063
1566	78350	5.25526e-063
1567	78400	5.25526e-063
1568	78450	5.25526e-063
1569	78500	5.25526e-063
1570	78550	5.25526e-063
1571	78600	3.37563e-063
1572	78650	3.37563e-063
1573	78700	2.99942e-063
1574	78750	2.99942e-063
1575	78800	2.40627e-063
1576	78850	2.40627e-063
1577	78900	2.40627e-063
1578	78950	2.40627e-063
1579	79000	2.40627e-063
1580	79050	2.21815e-063
1581	79100	2.21815e-063
1582	79150	7.57309e-064
1583	79200	7.57309e-064
1584	79250	7.57309e-064
1585	79300	7.57309e-064
1586	79350	7.57309e-064
1587	79400	7.57309e-064
1588	79450	7.57309e-064
1589	79500	7.4172e-064
1590	79550	7.4172e-064
1591	79600	7.4172e-064
1592	79650	4.91602e-064
1593	79700	4.03257e-064
1594	79750	3.53069e-064
1595	79800	3.53069e-064
1596	79850	3.53069e-064
1597	79900	3.23579e-064
1598	79950	1.97454e-064
1599	80000	1.97454e-064
1600	80050	1.97454e-064
1601	80100	1.97454e-064
1602	80150	1.97454e-064
1603	80200	1.97454e-064
1604	80250	1.97454e-064
1605	80300	1.24336e-064
1606	80350	1.24336e-064
1607	80400	1.24336e-064
1608	80450	9.92809e-065
1609	80500	3.75773e-065
1610	80550	3.61978e-065
1611	80600	2.88764e-065
1612	80650	2.88764e-065
1613	80700	2.88764e-065
1614	80750	2.88764e-065
1615	80800	2.88764e-065
1616	80850	2.88764e-065
1617	80900	2.88764e-065
1618	80950	2.88764e-065
1619	81000	2.26598e-065
1620	81050	2.26598e-065
1621	81100	2.26598e-065
1622	81150	2.26598e-065
1623	81200	2.26598e-065
1624	81250	1.58849e-065
1625	81300	1.58849e-065
1626	81350	1.406e-065
1627	81400	1.406e-065
1628	81450	1.406e-065
1629	81500	1.17811e-065
1630	81550	1.17811e-065
1631	81600	1.14835e-065
1632	81650	1.14835e-065
1633	81700	9.8425e-066
1634	81750	9.8425e-066
1635	81800	9.08024e-066
1636	81850	6.60617e-066
1637	81900	6.60617e-066
1638	81950	6.60617e-066
1639	82000	5.8477e-066
1640	82050	5.61575e-066
1641	82100	3.42141e-066
1642	82150	3.42141e-066
1643	82200	2.90698e-066
1644	82250	2.79307e-066
1645	82300	2.5396e-066
1646	82350	2.5396e-066
1647	82400	2.5396e-066
1648	82450	2.23741e-066
1649	82500	2.23741e-066
1650	82550	1.53958e-066
1651	82600	1.53958e-066
1652	82650	1.51124e-066
1653	82700	1.3058e-066
1654	82750	1.15792e-066
1655	82800	1.10055e-066
1656	82850	9.38674e-067
1657	82900	9.10804e-067
1658	82950	9.10804e-067
1659	83000	8.36361e-067
1660	83050	3.65445e-067
1661	83100	3.39874e-067
1662	83150	2.38371e-067
1663	83200	2.38371e-067
1664	83250	2.38371e-067
1665	83300	2.30583e-067
1666	83350	2.30583e-067
1667	83400	1.79973e-067
1668	83450	1.79973e-067
1669	83500	1.34171e-067
1670	83550	1.34171e-067
1671	83600	1.34171e-067
1672	83650	1.34171e-067
1673	83700	1.34171e-067
1674	83750	1.08365e-067
1675	83800	7.76214e-068
1676	83850	7.2216e-068
1677	83900	7.2216e-068
1678	83950	7.2216e-068
1679	84000	7.02472e-068
1680	84050	7.02472e-068
1681	84100	7.02472e-068
1682	84150	7.02472e-068
1683	84200	6.07396e-068
1684	84250	6.07396e-068
1685	84300	5.97238e-068
1686	84350	5.97238e-068
1687	84400	5.97238e-068
1688	84450	5.24743e-068
1689	84500	5.24743e-068
1690	84550	5.24743e-068
1691	84600	3.68287e-068
1692	84650	3.68287e-068
1693	84700	3.68287e-068
1694	84750	3.68287e-068
1695	84800	3.42037e-068
1696	84850	3.42037e-068
1697	84900	1.97328e-068
1698	84950	1.97328e-068
1699	85000	1.97328e-068
1700	85050	1.70353e-068
1701	85100	9.10114e-069
1702	85150	8.77461e-069
1703	85200	8.77461e-069
1704	85250	8.77461e-069
1705	85300	8.77461e-069
1706	85350	6.14472e-069
1707	85400	6.07975e-069
1708	85450	6.07975e-069
1709	85500	6.07975e-069
1710	85550	6.07975e-069
1711	85600	6.07975e-069
1712	85650	6.07975e-069
1713	85700	4.97064e-069
1714	85750	4.97064e-069
1715	85800	3.18768e-069
1716	85850	3.18768e-069
1717	85900	3.18768e-069
1718	85950	3.18768e-069
1719	86000	3.06474e-069
1720	86050	2.01419e-069
1721	86100	1.95703e-069
1722	86150	1.83612e-069
1723	86200	1.83612e-069
1724	86250	1.64742e-069
1725	86300	1.64742e-069
1726	86350	1.64742e-069
1727	86400	1.64742e-069
1728	86450	1.61954e-069
1729	86500	8.28723e-070
1730	86550	8.28723e-070
1731	86600	6.37275e-070
1732	86650	6.31771e-070
1733	86700	4.4856e-070
1734	86750	4.4856e-070
1735	86800	4.4856e-070
1736	86850	4.4856e-070
1737	86900	4.4856e-070
1738	86950	4.4856e-070
1739	87000	4.4856e-070
1740	87050	4.4856e-070
1741	87100	3.79679e-070
1742	87150	3.79679e-070
1743	87200	3.37156e-070
1744	87250	3.37156e-070
1745	87300	2.89484e-070
1746	87350	2.89484e-070
1747	87400	2.89484e-070
1748	87450	1.12855e-070
1749	87500	1.12855e-070
1750	87550	1.12855e-070
1751	87600	1.12855e-070
1752	87650	1.12855e-070
1753	87700	1.12855e-070
1754	87750	5.18995e-071
1755	87800	4.09319e-071
1756	87850	4.09319e-071
1757	87900	4.09319e-071
1758	87950	2.49104e-071
1759	88000	2.49104e-071
1760	88050	2.49104e-071
1761	88100	2.45888e-071
1762	88150	2.45888e-071
1763	88200	2.45888e-071
1764	88250	2.45888e-071
1765	88300	2.38832e-071
1766	88350	2.38832e-071
1767	88400	2.38832e-071
1768	88450	1.54917e-071
1769	88500	1.54917e-071
1770	88550	1.54917e-071
1771	88600	1.54917e-071
1772	88650	1.31768e-071
1773	88700	1.29838e-071
1774	88750	1.29838e-071
1775	88800	1.29838e-071
1776	88850	1.29101e-071
1777	88900	7.87674e-072
1778	88950	7.87674e-072
1779	89000	7.87674e-072
1780	89050	7.7021e-072
1781	89100	4.5551e-072
1782	89150	4.50197e-072
1783	89200	4.50197e-072
1784	89250	4.50197e-072
1785	89300	4.50197e-072
1786	89350	4.50197e-072
1787	89400	1.44855e-072
1788	89450	1.44855e-072
1789	89500	1.44855e-072
1790	89550	1.44855e-072
1791	89600	1.44855e-072
1792	89650	1.447e-072
1793	89700	1.447e-072
1794	89750	1.447e-072
1795	89800	1.447e-072
1796	89850	1.447e-072
1797	89900	1.447e-072
1798	89950	1.447e-072
1799	90000	1.43027e-072
1800	90050	1.16218e-072
1801	90100	1.09176e-072
1802	90150	1.09176e-072
1803	90200	8.18642e-073
1804	90250	7.88169e-073
1805	90300	5.16032e-073
1806	90350	5.16032e-073
1807	90400	5.16032e-073
1808	90450	5.16032e-073
1809	90500	5.16032e-073
1810	90550	5.16032e-073
1811	90600	5.15146e-073
1812	90650	1.89019e-073
1813	90700	1.89019e-073
1814	90750	1.89019e-073
1815	90800	1.89019e-073
1816	90850	1.89019e-073
1817	90900	1.89019e-073
1818	90950	1.89019e-073
1819	91000	1.47127e-073
1820	91050	1.43412e-073
1821	91100	1.43412e-073
1822	91150	1.43412e-073
1823	91200	1.43412e-073
1824	91250	1.43412e-073
1825	91300	1.06659e-073
1826	91350	8.99336e-074
1827	91400	8.99336e-074
1828	91450	7.36375e-074
1829	91500	7.36375e-074
1830	91550	4.87448e-074
1831	91600	4.69722e-074
1832	91650	4.69722e-074
1833	91700	4.69722e-074
1834	91750	4.69722e-074
1835	91800	2.41132e-074
1836	91850	2.41132e-074
1837	91900	2.41132e-074
1838	91950	2.41097e-074
1839	92000	2.41097e-074
1840	92050	2.41097e-074
1841	92100	2.13783e-074
1842	92150	2.13783e-074
1843	92200	2.13783e-074
1844	92250	2.13783e-074
1845	92300	8.11306e-075
1846	92350	7.32293e-075
1847	92400	7.32293e-075
1848	92450	7.32293e-075
1849	92500	7.32293e-075
1850	92550	7.32293e-075
1851	92600	7.32293e-075
1852	92650	7.32293e-075
1853	92700	7.3072e-075
1854	92750	7.3072e-075
1855	92800	7.3072e-075
1856	92850	7.3072e-075
1857	92900	6.26726e-075
1858	92950	6.26726e-075
1859	93000	6.26726e-075
1860	93050	6.26726e-075
1861	93100	4.85984e-075
1862	93150	4.85984e-075
1863	93200	4.40743e-075
1864	93250	4.40743e-075
1865	93300	4.40743e-075
1866	93350	3.8926e-075
1867	93400	2.23838e-075
1868	93450	2.16443e-075
1869	93500	1.48618e-075
1870	93550	1.48618e-075
1871	93600	1.24929e-075
1872	93650	1.24929e-075
1873	93700	1.24929e-075
1874	93750	1.07708e-075
1875	93800	9.9878e-076
1876	93850	9.9878e-076
1877	93900	9.9878e-076
1878	93950	9.01454e-076
1879	94000	9.01454e-076
1880	94050	6.7821e-076
1881	94100	6.1495e-076
1882	94150	6.1495e-076
1883	94200	6.00357e-076
1884	94250	6.00215e-076
1885	94300	2.0457e-076
1886	94350	2.0457e-076
1887	94400	2.0457e-076
1888	94450	2.0457e-076
1889	94500	2.0457e-076
1890	94550	2.0457e-076
1891	94600	1.54495e-076
1892	94650	1.54495e-076
1893	94700	1.54495e-076
1894	94750	1.22645e-076
1895	94800	1.18327e-076
1896	94850	1.18327e-076
1897	94900	1.18327e-076
1898	94950	1.04221e-076
1899	95000	1.04221e-076
1900	95050	1.04221e-076
1901	95100	1.0075e-076
1902	95150	1.0075e-076
1903	95200	1.0075e-076
1904	95250	9.60058e-077
1905	95300	6.95678e-077
1906	95350	6.95678e-077
1907	95400	6.13092e-077
1908	95450	4.44254e-077
1909	95500	4.44254e-077
1910	95550	4.44254e-077
1911	95600	4.41775e-077
1912	95650	4.41775e-077
1913	95700	4.41775e-077
1914	95750	4.39464e-077
1915	95800	4.20994e-077
1916	95850	2.90067e-077
1917	95900	2.88806e-077
1918	95950	2.14019e-077
1919	96000	2.14019e-077
1920	96050	1.44705e-077
1921	96100	1.44705e-077
1922	96150	9.82495e-078
1923	96200	9.82495e-078
1924	96250	9.82495e-078
1925	96300	9.82495e-078
1926	96350	8.58701e-078
1927	96400	8.58701e-078
1928	96450	5.44887e-078
1929	96500	5.44887e-078
1930	96550	5.44887e-078
1931	96600	4.23817e-078
1932	96650	4.23817e-078
1933	96700	4.09393e-078
1934	96750	4.09393e-078
1935	96800	4.09393e-078
1936	96850	3.54201e-078
1937	96900	3.12534e-078
1938	96950	3.1057e-078
1939	97000	3.1057e-078
1940	97050	3.1057e-078
1941	97100	3.1057e-078
1942	97150	1.72927e-078
1943	97200	1.69905e-078
1944	97250	1.49747e-078
1945	97300	1.49747e-078
1946	97350	1.42387e-078
1947	97400	1.42387e-078
1948	97450	1.42387e-078
1949	97500	1.42387e-078
1950	97550	4.48677e-079
1951	97600	4.38538e-079
1952	97650	4.38538e-079
1953	97700	4.38538e-079
1954	97750	4.38538e-079
1955	97800	3.81394e-079
1956	97850	3.81394e-079
1957	97900	3.81394e-079
1958	97950	3.81394e-079
1959	98000	3.81394e-079
1960	98050	3.81394e-079
1961	98100	3.65427e-079
1962	98150	3.46107e-079
1963	98200	3.46107e-079
1964	98250	2.73999e-079
1965	98300	2.73999e-079
1966	98350	1.86935e-079
1967	98400	1.86935e-079
1968	98450	1.2807e-079
1969	98500	1.2807e-079
1970	98550	1.25359e-079
1971	98600	1.25359e-079
1972	98650	1.25359e-079
1973	98700	1.25359e-079
1974	98750	9.26921e-080
1975	98800	9.26921e-080
1976	98850	9.26921e-080
1977	98900	9.26921e-080
1978	98950	8.9372e-080
1979	99000	8.73013e-080
1980	99050	8.67144e-080
1981	99100	7.84032e-080
1982	99150	6.99134e-080
1983	99200	2.61614e-080
1984	99250	2.61614e-080
1985	99300	2.42952e-080
1986	99350	1.83591e-080
1987	99400	1.83591e-080
1988	99450	1.74724e-080
1989	99500	1.74724e-080
1990	99550	1.52272e-080
1991	99600	1.16404e-080
1992	99650	1.16404e-080
1993	99700	1.16404e-080
1994	99750	1.10632e-080
1995	99800	1.10621e-080
1996	99850	1.10621e-080
1997	99900	1.10621e-080
1998	99950	1.10621e-080
1999	100000	1.10621e-080
2000	100050	6.90495e-081
