1	100	644.189
2	150	569.977
3	200	445.513
4	250	445.513
5	300	445.513
6	350	412.625
7	400	412.625
8	450	279.217
9	500	279.217
10	550	279.217
11	600	276.384
12	650	250.679
13	700	174.47
14	750	174.47
15	800	174.47
16	850	133.847
17	900	133.847
18	950	116.852
19	1000	109.754
20	1050	109.754
21	1100	61.1388
22	1150	61.1388
23	1200	61.1388
24	1250	61.1388
25	1300	49.0603
26	1350	49.0603
27	1400	49.0603
28	1450	49.0603
29	1500	49.0603
30	1550	45.5553
31	1600	42.6462
32	1650	27.7736
33	1700	27.7736
34	1750	27.7736
35	1800	14.6227
36	1850	14.6227
37	1900	14.6227
38	1950	14.6227
39	2000	14.6227
40	2050	10.4306
41	2100	10.4306
42	2150	10.4306
43	2200	10.4306
44	2250	10.4306
45	2300	10.4306
46	2350	4.46622
47	2400	4.39338
48	2450	2.84968
49	2500	2.58647
50	2550	2.58647
51	2600	1.72469
52	2650	1.72469
53	2700	1.61326
54	2750	1.46386
55	2800	1.427
56	2850	1.427
57	2900	1.427
58	2950	1.1947
59	3000	1.1947
60	3050	1.1947
61	3100	1.08245
62	3150	1.08245
63	3200	1.03906
64	3250	1.03906
65	3300	0.719744
66	3350	0.719744
67	3400	0.713047
68	3450	0.492905
69	3500	0.492905
70	3550	0.492905
71	3600	0.492905
72	3650	0.468667
73	3700	0.351963
74	3750	0.351963
75	3800	0.351963
76	3850	0.342902
77	3900	0.342902
78	3950	0.342902
79	4000	0.333511
80	4050	0.100457
81	4100	0.100457
82	4150	0.100457
83	4200	0.0893234
84	4250	0.0893234
85	4300	0.0893234
86	4350	0.0893234
87	4400	0.0510759
88	4450	0.0510759
89	4500	0.0510759
90	4550	0.0510759
91	4600	0.0510759
92	4650	0.0510759
93	4700	0.0510759
94	4750	0.0508232
95	4800	0.0480861
96	4850	0.0480861
97	4900	0.0468229
98	4950	0.00781396
99	5000	0.00781396
100	5050	0.00781396
101	5100	0.00781396
102	5150	0.00728703
103	5200	0.00728703
104	5250	0.00728703
105	5300	0.00728703
106	5350	0.00728703
107	5400	0.00728703
108	5450	0.00728703
109	5500	0.00728703
110	5550	0.00728703
111	5600	0.00728703
112	5650	0.00728703
113	5700	0.00728703
114	5750	0.00727985
115	5800	0.00663085
116	5850	0.00659288
117	5900	0.00659288
118	5950	0.00522208
119	6000	0.00396554
120	6050	0.00396554
121	6100	0.00396554
122	6150	0.00311093
123	6200	0.00311093
124	6250	0.00311093
125	6300	0.00270172
126	6350	0.00270172
127	6400	0.00270172
128	6450	0.00241114
129	6500	0.00241114
130	6550	0.000975045
131	6600	0.000941518
132	6650	0.000941518
133	6700	0.000941518
134	6750	0.000941518
135	6800	0.000935788
136	6850	0.000935788
137	6900	0.000935788
138	6950	0.000935788
139	7000	0.000694143
140	7050	0.000643643
141	7100	0.000643643
142	7150	0.000466705
143	7200	0.000466705
144	7250	0.000466705
145	7300	0.000466705
146	7350	0.000466705
147	7400	0.000376168
148	7450	0.000374193
149	7500	0.00027871
150	7550	0.000259453
151	7600	0.000259453
152	7650	0.000259453
153	7700	0.00018841
154	7750	0.000139635
155	7800	0.00011919
156	7850	0.00011919
157	7900	8.75873e-005
158	7950	6.63683e-005
159	8000	6.63683e-005
160	8050	6.63683e-005
161	8100	6.63683e-005
162	8150	6.63683e-005
163	8200	6.63683e-005
164	8250	6.63683e-005
165	8300	3.38767e-005
166	8350	3.14626e-005
167	8400	3.14626e-005
168	8450	3.14626e-005
169	8500	3.14626e-005
170	8550	2.98468e-005
171	8600	2.98468e-005
172	8650	1.21302e-005
173	8700	1.21302e-005
174	8750	1.01105e-005
175	8800	1.01105e-005
176	8850	9.40287e-006
177	8900	9.40287e-006
178	8950	9.40287e-006
179	9000	6.3821e-006
180	9050	6.3821e-006
181	9100	6.3821e-006
182	9150	6.3821e-006
183	9200	5.64407e-006
184	9250	4.7457e-006
185	9300	4.7457e-006
186	9350	4.7457e-006
187	9400	4.54846e-006
188	9450	4.54846e-006
189	9500	4.54846e-006
190	9550	1.86759e-006
191	9600	1.86759e-006
192	9650	1.86759e-006
193	9700	1.86759e-006
194	9750	1.73712e-006
195	9800	1.73712e-006
196	9850	1.44893e-006
197	9900	1.44893e-006
198	9950	1.21909e-006
199	10000	1.21909e-006
200	10050	9.30282e-007
201	10100	8.60894e-007
202	10150	8.60894e-007
203	10200	7.00499e-007
204	10250	7.00499e-007
205	10300	7.00499e-007
206	10350	7.00499e-007
207	10400	6.89997e-007
208	10450	6.89997e-007
209	10500	5.51318e-007
210	10550	5.28905e-007
211	10600	5.28905e-007
212	10650	4.17993e-007
213	10700	4.17993e-007
214	10750	3.58479e-007
215	10800	3.34341e-007
216	10850	3.34341e-007
217	10900	3.12982e-007
218	10950	2.47247e-007
219	11000	2.16692e-007
220	11050	2.16692e-007
221	11100	2.0134e-007
222	11150	1.56747e-007
223	11200	1.56747e-007
224	11250	1.56747e-007
225	11300	1.49035e-007
226	11350	1.37117e-007
227	11400	1.37117e-007
228	11450	1.30889e-007
229	11500	3.47403e-008
230	11550	3.47403e-008
231	11600	3.47403e-008
232	11650	3.47403e-008
233	11700	3.47403e-008
234	11750	3.47403e-008
235	11800	3.20315e-008
236	11850	2.17653e-008
237	11900	2.17653e-008
238	11950	2.17653e-008
239	12000	2.17653e-008
240	12050	2.17653e-008
241	12100	2.08627e-008
242	12150	2.08627e-008
243	12200	2.08627e-008
244	12250	2.08627e-008
245	12300	1.4692e-008
246	12350	1.05828e-008
247	12400	1.04782e-008
248	12450	1.01904e-008
249	12500	6.10012e-009
250	12550	4.83047e-009
251	12600	3.87705e-009
252	12650	3.87705e-009
253	12700	3.87705e-009
254	12750	2.21705e-009
255	12800	2.21705e-009
256	12850	2.21705e-009
257	12900	1.98643e-009
258	12950	1.98643e-009
259	13000	1.98643e-009
260	13050	1.98643e-009
261	13100	1.98643e-009
262	13150	1.98643e-009
263	13200	1.98643e-009
264	13250	1.86518e-009
265	13300	1.86518e-009
266	13350	1.86518e-009
267	13400	1.86518e-009
268	13450	1.77712e-009
269	13500	9.40719e-010
270	13550	8.86098e-010
271	13600	8.86098e-010
272	13650	8.86098e-010
273	13700	8.86098e-010
274	13750	8.86098e-010
275	13800	8.42483e-010
276	13850	7.11813e-010
277	13900	7.11813e-010
278	13950	7.11813e-010
279	14000	7.11813e-010
280	14050	7.11813e-010
281	14100	7.11813e-010
282	14150	7.11813e-010
283	14200	6.10639e-010
284	14250	6.10308e-010
285	14300	6.10308e-010
286	14350	6.10308e-010
287	14400	2.47222e-010
288	14450	2.47222e-010
289	14500	2.47222e-010
290	14550	2.29206e-010
291	14600	2.29206e-010
292	14650	2.29206e-010
293	14700	2.29206e-010
294	14750	2.29206e-010
295	14800	2.21422e-010
296	14850	2.09551e-010
297	14900	2.09551e-010
298	14950	2.09551e-010
299	15000	1.97227e-010
300	15050	1.97227e-010
301	15100	1.69897e-010
302	15150	1.69897e-010
303	15200	1.69897e-010
304	15250	1.62765e-010
305	15300	1.5219e-010
306	15350	6.27166e-011
307	15400	5.88564e-011
308	15450	5.88564e-011
309	15500	5.88564e-011
310	15550	3.87436e-011
311	15600	3.87436e-011
312	15650	3.87436e-011
313	15700	3.58042e-011
314	15750	3.58042e-011
315	15800	3.58042e-011
316	15850	3.27738e-011
317	15900	3.27738e-011
318	15950	3.27738e-011
319	16000	2.9949e-011
320	16050	1.98664e-011
321	16100	1.98664e-011
322	16150	1.98664e-011
323	16200	1.36788e-011
324	16250	1.36788e-011
325	16300	1.36788e-011
326	16350	7.67495e-012
327	16400	5.49875e-012
328	16450	5.11724e-012
329	16500	4.21867e-012
330	16550	4.21867e-012
331	16600	3.67645e-012
332	16650	3.67645e-012
333	16700	2.27589e-012
334	16750	2.27589e-012
335	16800	2.27589e-012
336	16850	2.27589e-012
337	16900	2.27589e-012
338	16950	2.27589e-012
339	17000	2.27589e-012
340	17050	2.27589e-012
341	17100	2.27589e-012
342	17150	2.04692e-012
343	17200	2.04692e-012
344	17250	2.04692e-012
345	17300	2.04692e-012
346	17350	2.04692e-012
347	17400	2.04692e-012
348	17450	2.04692e-012
349	17500	1.47831e-012
350	17550	1.46032e-012
351	17600	1.46032e-012
352	17650	7.29064e-013
353	17700	7.29064e-013
354	17750	7.29064e-013
355	17800	7.29064e-013
356	17850	7.02987e-013
357	17900	7.02987e-013
358	17950	4.05657e-013
359	18000	3.97715e-013
360	18050	3.97715e-013
361	18100	3.97715e-013
362	18150	3.97715e-013
363	18200	2.80405e-013
364	18250	2.6364e-013
365	18300	2.6364e-013
366	18350	2.31645e-013
367	18400	2.31645e-013
368	18450	2.31645e-013
369	18500	2.31645e-013
370	18550	2.20111e-013
371	18600	1.82471e-013
372	18650	8.53417e-014
373	18700	8.53417e-014
374	18750	8.53417e-014
375	18800	8.53417e-014
376	18850	6.90934e-014
377	18900	6.90934e-014
378	18950	6.90934e-014
379	19000	6.90934e-014
380	19050	6.13654e-014
381	19100	5.32587e-014
382	19150	4.15861e-014
383	19200	4.15861e-014
384	19250	3.94157e-014
385	19300	3.94157e-014
386	19350	3.94157e-014
387	19400	3.94157e-014
388	19450	3.94157e-014
389	19500	3.52668e-014
390	19550	3.45384e-014
391	19600	2.25746e-014
392	19650	2.25746e-014
393	19700	2.25746e-014
394	19750	1.50424e-014
395	19800	1.50424e-014
396	19850	1.50424e-014
397	19900	1.36729e-014
398	19950	1.36729e-014
399	20000	1.36729e-014
400	20050	9.19472e-015
401	20100	9.19472e-015
402	20150	5.8058e-015
403	20200	5.8058e-015
404	20250	5.79008e-015
405	20300	5.79008e-015
406	20350	5.79008e-015
407	20400	5.79008e-015
408	20450	3.75917e-015
409	20500	1.60213e-015
410	20550	1.60213e-015
411	20600	1.60213e-015
412	20650	1.60213e-015
413	20700	1.60213e-015
414	20750	1.55864e-015
415	20800	1.55864e-015
416	20850	1.55864e-015
417	20900	1.55864e-015
418	20950	1.55864e-015
419	21000	1.55864e-015
420	21050	1.55864e-015
421	21100	1.03187e-015
422	21150	9.07102e-016
423	21200	7.67182e-016
424	21250	6.03803e-016
425	21300	4.63889e-016
426	21350	4.63889e-016
427	21400	4.63889e-016
428	21450	4.63889e-016
429	21500	4.63889e-016
430	21550	4.28109e-016
431	21600	3.85541e-016
432	21650	3.65456e-016
433	21700	3.65456e-016
434	21750	3.65456e-016
435	21800	3.65456e-016
436	21850	3.65456e-016
437	21900	2.97165e-016
438	21950	2.68219e-016
439	22000	2.68219e-016
440	22050	2.68219e-016
441	22100	2.50751e-016
442	22150	2.50751e-016
443	22200	1.50337e-016
444	22250	1.50337e-016
445	22300	1.50337e-016
446	22350	1.0752e-016
447	22400	1.0752e-016
448	22450	9.23639e-017
449	22500	6.82536e-017
450	22550	6.82536e-017
451	22600	6.82536e-017
452	22650	6.82536e-017
453	22700	6.82536e-017
454	22750	4.65555e-017
455	22800	4.39815e-017
456	22850	4.39815e-017
457	22900	4.39815e-017
458	22950	4.39815e-017
459	23000	2.76686e-017
460	23050	2.76686e-017
461	23100	2.76686e-017
462	23150	2.76686e-017
463	23200	2.76686e-017
464	23250	2.76686e-017
465	23300	1.77615e-017
466	23350	1.77615e-017
467	23400	1.77615e-017
468	23450	1.32136e-017
469	23500	1.32136e-017
470	23550	9.25036e-018
471	23600	9.25036e-018
472	23650	9.25036e-018
473	23700	5.75457e-018
474	23750	5.75457e-018
475	23800	5.75457e-018
476	23850	5.75457e-018
477	23900	5.75457e-018
478	23950	5.23473e-018
479	24000	5.23473e-018
480	24050	4.18558e-018
481	24100	4.18558e-018
482	24150	4.18558e-018
483	24200	3.13706e-018
484	24250	3.13706e-018
485	24300	3.13706e-018
486	24350	1.87586e-018
487	24400	1.87586e-018
488	24450	1.87586e-018
489	24500	1.87586e-018
490	24550	1.80956e-018
491	24600	1.63045e-018
492	24650	1.63045e-018
493	24700	9.56008e-019
494	24750	9.56008e-019
495	24800	8.8503e-019
496	24850	8.8503e-019
497	24900	8.8503e-019
498	24950	7.56643e-019
499	25000	7.45951e-019
500	25050	7.45951e-019
501	25100	6.20334e-019
502	25150	4.53398e-019
503	25200	4.53398e-019
504	25250	4.53398e-019
505	25300	4.53398e-019
506	25350	4.53398e-019
507	25400	4.03792e-019
508	25450	3.73712e-019
509	25500	2.9906e-019
510	25550	2.99052e-019
511	25600	2.99052e-019
512	25650	2.2873e-019
513	25700	1.68761e-019
514	25750	1.68761e-019
515	25800	1.68761e-019
516	25850	1.56257e-019
517	25900	1.29401e-019
518	25950	1.29401e-019
519	26000	1.13783e-019
520	26050	7.88046e-020
521	26100	7.88046e-020
522	26150	7.44352e-020
523	26200	7.44352e-020
524	26250	5.86871e-020
525	26300	5.86871e-020
526	26350	5.86871e-020
527	26400	5.86871e-020
528	26450	5.80858e-020
529	26500	3.77989e-020
530	26550	3.34446e-020
531	26600	3.34446e-020
532	26650	3.34446e-020
533	26700	2.27869e-020
534	26750	2.16526e-020
535	26800	2.16526e-020
536	26850	1.45698e-020
537	26900	1.45698e-020
538	26950	1.45698e-020
539	27000	1.45698e-020
540	27050	1.45698e-020
541	27100	1.3857e-020
542	27150	1.28883e-020
543	27200	1.28883e-020
544	27250	1.28883e-020
545	27300	1.28883e-020
546	27350	1.20927e-020
547	27400	1.20927e-020
548	27450	9.78448e-021
549	27500	9.10046e-021
550	27550	3.47039e-021
551	27600	3.47039e-021
552	27650	3.47039e-021
553	27700	3.47039e-021
554	27750	3.47039e-021
555	27800	3.47039e-021
556	27850	3.47039e-021
557	27900	3.47039e-021
558	27950	2.77316e-021
559	28000	2.62349e-021
560	28050	2.31943e-021
561	28100	2.31943e-021
562	28150	2.31943e-021
563	28200	2.16143e-021
564	28250	2.16143e-021
565	28300	2.14074e-021
566	28350	1.28323e-021
567	28400	1.28323e-021
568	28450	1.28323e-021
569	28500	5.93835e-022
570	28550	5.93835e-022
571	28600	5.93835e-022
572	28650	5.93835e-022
573	28700	5.93835e-022
574	28750	5.93835e-022
575	28800	5.93835e-022
576	28850	5.93835e-022
577	28900	5.92644e-022
578	28950	3.71623e-022
579	29000	3.71623e-022
580	29050	2.15233e-022
581	29100	2.15233e-022
582	29150	2.15233e-022
583	29200	2.15233e-022
584	29250	2.12121e-022
585	29300	1.94679e-022
586	29350	1.94679e-022
587	29400	1.78004e-022
588	29450	8.87332e-023
589	29500	8.87332e-023
590	29550	7.10118e-023
591	29600	7.10118e-023
592	29650	7.10118e-023
593	29700	7.10118e-023
594	29750	7.10118e-023
595	29800	7.10118e-023
596	29850	5.54526e-023
597	29900	5.54526e-023
598	29950	5.26153e-023
599	30000	5.26153e-023
600	30050	3.13482e-023
601	30100	3.13482e-023
602	30150	3.03147e-023
603	30200	3.03147e-023
604	30250	2.63511e-023
605	30300	2.63511e-023
606	30350	2.63511e-023
607	30400	2.63511e-023
608	30450	2.32708e-023
609	30500	2.32708e-023
610	30550	1.57663e-023
611	30600	1.57663e-023
612	30650	1.57663e-023
613	30700	1.22542e-023
614	30750	1.22542e-023
615	30800	9.18954e-024
616	30850	9.18954e-024
617	30900	9.18954e-024
618	30950	9.18954e-024
619	31000	7.96964e-024
620	31050	7.96964e-024
621	31100	7.80049e-024
622	31150	5.5311e-024
623	31200	5.5311e-024
624	31250	5.5311e-024
625	31300	4.56159e-024
626	31350	4.39239e-024
627	31400	2.98935e-024
628	31450	2.98935e-024
629	31500	2.98935e-024
630	31550	2.98935e-024
631	31600	2.55385e-024
632	31650	2.52987e-024
633	31700	2.3751e-024
634	31750	2.3751e-024
635	31800	2.01309e-024
636	31850	2.01309e-024
637	31900	1.57983e-024
638	31950	1.45667e-024
639	32000	1.09469e-024
640	32050	1.09469e-024
641	32100	8.17473e-025
642	32150	8.06054e-025
643	32200	8.06054e-025
644	32250	8.06054e-025
645	32300	8.06054e-025
646	32350	8.06054e-025
647	32400	5.49842e-025
648	32450	5.49842e-025
649	32500	5.06607e-025
650	32550	4.78173e-025
651	32600	4.78173e-025
652	32650	4.45684e-025
653	32700	4.35389e-025
654	32750	2.38254e-025
655	32800	2.29618e-025
656	32850	2.29618e-025
657	32900	2.29618e-025
658	32950	2.29618e-025
659	33000	1.08954e-025
660	33050	8.96354e-026
661	33100	8.96354e-026
662	33150	8.96354e-026
663	33200	8.96354e-026
664	33250	8.96354e-026
665	33300	8.96354e-026
666	33350	7.16876e-026
667	33400	6.46903e-026
668	33450	6.46903e-026
669	33500	6.46903e-026
670	33550	5.87412e-026
671	33600	5.87412e-026
672	33650	2.74224e-026
673	33700	2.74224e-026
674	33750	2.74224e-026
675	33800	2.74224e-026
676	33850	1.70667e-026
677	33900	1.70667e-026
678	33950	1.70667e-026
679	34000	1.68572e-026
680	34050	1.68572e-026
681	34100	1.68572e-026
682	34150	1.68572e-026
683	34200	1.68572e-026
684	34250	9.21097e-027
685	34300	9.21097e-027
686	34350	9.21097e-027
687	34400	9.21097e-027
688	34450	9.21097e-027
689	34500	7.32659e-027
690	34550	6.92753e-027
691	34600	6.01516e-027
692	34650	5.87362e-027
693	34700	4.83054e-027
694	34750	4.83054e-027
695	34800	4.83054e-027
696	34850	4.07779e-027
697	34900	4.07779e-027
698	34950	3.79635e-027
699	35000	3.34621e-027
700	35050	3.02702e-027
701	35100	2.40639e-027
702	35150	2.40639e-027
703	35200	2.40639e-027
704	35250	2.19706e-027
705	35300	2.19706e-027
706	35350	1.74504e-027
707	35400	1.73588e-027
708	35450	1.39455e-027
709	35500	1.39455e-027
710	35550	1.08998e-027
711	35600	1.08998e-027
712	35650	1.08998e-027
713	35700	1.03002e-027
714	35750	8.64091e-028
715	35800	5.89602e-028
716	35850	5.89602e-028
717	35900	5.89602e-028
718	35950	5.89602e-028
719	36000	5.89602e-028
720	36050	4.43987e-028
721	36100	4.15236e-028
722	36150	3.60722e-028
723	36200	2.52686e-028
724	36250	2.52686e-028
725	36300	2.52686e-028
726	36350	2.52686e-028
727	36400	2.52686e-028
728	36450	2.52686e-028
729	36500	2.44976e-028
730	36550	1.99564e-028
731	36600	1.42114e-028
732	36650	1.42114e-028
733	36700	1.42114e-028
734	36750	1.42114e-028
735	36800	9.772e-029
736	36850	8.18309e-029
737	36900	7.85587e-029
738	36950	7.85587e-029
739	37000	7.85587e-029
740	37050	6.28421e-029
741	37100	6.28421e-029
742	37150	6.28421e-029
743	37200	5.95509e-029
744	37250	4.53482e-029
745	37300	3.28407e-029
746	37350	2.47083e-029
747	37400	2.12583e-029
748	37450	2.12583e-029
749	37500	2.12583e-029
750	37550	2.12583e-029
751	37600	9.91941e-030
752	37650	9.91941e-030
753	37700	9.91941e-030
754	37750	9.91941e-030
755	37800	9.91941e-030
756	37850	9.50507e-030
757	37900	9.50507e-030
758	37950	9.50507e-030
759	38000	9.50507e-030
760	38050	9.50507e-030
761	38100	5.90256e-030
762	38150	5.90256e-030
763	38200	2.55669e-030
764	38250	2.55669e-030
765	38300	2.55669e-030
766	38350	2.55669e-030
767	38400	2.55669e-030
768	38450	2.55669e-030
769	38500	2.19525e-030
770	38550	2.19525e-030
771	38600	2.19525e-030
772	38650	1.95706e-030
773	38700	1.95706e-030
774	38750	1.95706e-030
775	38800	1.85539e-030
776	38850	1.85539e-030
777	38900	1.85539e-030
778	38950	1.08319e-030
779	39000	1.08319e-030
780	39050	7.67478e-031
781	39100	7.40238e-031
782	39150	5.41845e-031
783	39200	5.41845e-031
784	39250	5.30515e-031
785	39300	5.30515e-031
786	39350	4.35219e-031
787	39400	4.35219e-031
788	39450	2.85518e-031
789	39500	2.85518e-031
790	39550	2.27087e-031
791	39600	2.27087e-031
792	39650	2.27087e-031
793	39700	8.63167e-032
794	39750	8.17731e-032
795	39800	8.17731e-032
796	39850	8.17731e-032
797	39900	8.17731e-032
798	39950	7.44312e-032
799	40000	7.44312e-032
800	40050	6.68612e-032
801	40100	6.68612e-032
802	40150	6.68612e-032
803	40200	4.28766e-032
804	40250	3.19789e-032
805	40300	3.19789e-032
806	40350	2.88207e-032
807	40400	2.78225e-032
808	40450	1.50591e-032
809	40500	1.50591e-032
810	40550	1.50591e-032
811	40600	1.50591e-032
812	40650	1.50591e-032
813	40700	1.50591e-032
814	40750	1.50591e-032
815	40800	1.50591e-032
816	40850	1.50591e-032
817	40900	1.50591e-032
818	40950	1.50591e-032
819	41000	1.47624e-032
820	41050	1.47624e-032
821	41100	1.47624e-032
822	41150	1.47624e-032
823	41200	1.47624e-032
824	41250	1.47624e-032
825	41300	1.47624e-032
826	41350	1.39743e-032
827	41400	1.39743e-032
828	41450	8.64293e-033
829	41500	8.64293e-033
830	41550	8.44369e-033
831	41600	8.44369e-033
832	41650	7.70832e-033
833	41700	7.70832e-033
834	41750	7.70832e-033
835	41800	7.70832e-033
836	41850	7.70832e-033
837	41900	7.70832e-033
838	41950	5.97494e-033
839	42000	4.61897e-033
840	42050	2.72976e-033
841	42100	1.33369e-033
842	42150	1.33369e-033
843	42200	1.33369e-033
844	42250	1.33369e-033
845	42300	1.33369e-033
846	42350	1.33369e-033
847	42400	1.27227e-033
848	42450	1.27227e-033
849	42500	1.18926e-033
850	42550	7.71326e-034
851	42600	7.71326e-034
852	42650	7.71326e-034
853	42700	5.76405e-034
854	42750	5.76405e-034
855	42800	5.76405e-034
856	42850	5.76405e-034
857	42900	5.51064e-034
858	42950	5.51064e-034
859	43000	5.51064e-034
860	43050	5.51064e-034
861	43100	5.51064e-034
862	43150	4.36286e-034
863	43200	4.36286e-034
864	43250	4.36286e-034
865	43300	4.36286e-034
866	43350	4.30361e-034
867	43400	4.30361e-034
868	43450	4.30361e-034
869	43500	2.4459e-034
870	43550	2.11449e-034
871	43600	2.11449e-034
872	43650	2.11449e-034
873	43700	2.0404e-034
874	43750	2.0404e-034
875	43800	1.86467e-034
876	43850	1.61094e-034
877	43900	1.46873e-034
878	43950	1.23996e-034
879	44000	1.23996e-034
880	44050	8.3797e-035
881	44100	8.3797e-035
882	44150	8.3797e-035
883	44200	8.3797e-035
884	44250	8.3797e-035
885	44300	4.24806e-035
886	44350	4.24806e-035
887	44400	4.24806e-035
888	44450	4.24806e-035
889	44500	4.24806e-035
890	44550	3.30117e-035
891	44600	3.30117e-035
892	44650	3.30117e-035
893	44700	3.28434e-035
894	44750	3.28434e-035
895	44800	2.38326e-035
896	44850	2.37427e-035
897	44900	2.30244e-035
898	44950	2.30244e-035
899	45000	2.30244e-035
900	45050	2.30244e-035
901	45100	2.19345e-035
902	45150	2.0142e-035
903	45200	1.13052e-035
904	45250	9.86088e-036
905	45300	5.35157e-036
906	45350	5.35157e-036
907	45400	5.35157e-036
908	45450	4.86599e-036
909	45500	4.86599e-036
910	45550	4.86599e-036
911	45600	4.86599e-036
912	45650	4.85847e-036
913	45700	4.85847e-036
914	45750	4.85847e-036
915	45800	4.85847e-036
916	45850	4.85847e-036
917	45900	4.02858e-036
918	45950	2.66249e-036
919	46000	2.66249e-036
920	46050	2.66249e-036
921	46100	2.66249e-036
922	46150	1.43648e-036
923	46200	1.41105e-036
924	46250	1.33295e-036
925	46300	1.09945e-036
926	46350	1.09945e-036
927	46400	1.09945e-036
928	46450	1.09945e-036
929	46500	1.09945e-036
930	46550	1.01607e-036
931	46600	9.62706e-037
932	46650	8.3882e-037
933	46700	8.3882e-037
934	46750	4.41128e-037
935	46800	4.41128e-037
936	46850	4.41128e-037
937	46900	4.41128e-037
938	46950	3.68153e-037
939	47000	3.68153e-037
940	47050	3.68153e-037
941	47100	3.68153e-037
942	47150	3.67266e-037
943	47200	1.50065e-037
944	47250	1.50065e-037
945	47300	1.11976e-037
946	47350	1.11976e-037
947	47400	1.11976e-037
948	47450	7.30568e-038
949	47500	7.30568e-038
950	47550	7.30568e-038
951	47600	7.30568e-038
952	47650	7.30568e-038
953	47700	7.30568e-038
954	47750	3.17569e-038
955	47800	3.12409e-038
956	47850	3.12409e-038
957	47900	3.12409e-038
958	47950	3.12409e-038
959	48000	8.88936e-039
960	48050	8.88936e-039
961	48100	8.88936e-039
962	48150	8.88936e-039
963	48200	8.88936e-039
964	48250	8.88936e-039
965	48300	8.88936e-039
966	48350	8.88936e-039
967	48400	8.88936e-039
968	48450	8.88936e-039
969	48500	8.20601e-039
970	48550	8.20601e-039
971	48600	8.20601e-039
972	48650	8.20601e-039
973	48700	8.17805e-039
974	48750	8.17805e-039
975	48800	8.04907e-039
976	48850	8.04907e-039
977	48900	8.04907e-039
978	48950	8.04907e-039
979	49000	7.98651e-039
980	49050	6.03578e-039
981	49100	6.03578e-039
982	49150	5.00587e-039
983	49200	5.00587e-039
984	49250	5.00587e-039
985	49300	5.00587e-039
986	49350	5.00587e-039
987	49400	5.00587e-039
988	49450	4.16164e-039
989	49500	3.30936e-039
990	49550	3.00424e-039
991	49600	2.79687e-039
992	49650	2.79687e-039
993	49700	2.78148e-039
994	49750	2.41156e-039
995	49800	1.54527e-039
996	49850	1.54527e-039
997	49900	1.54527e-039
998	49950	1.50185e-039
999	50000	1.43216e-039
1000	50050	5.0226e-040
1001	50100	5.0226e-040
1002	50150	5.0226e-040
1003	50200	5.0226e-040
1004	50250	5.0226e-040
1005	50300	5.00945e-040
1006	50350	5.00945e-040
1007	50400	5.00945e-040
1008	50450	3.07336e-040
1009	50500	2.71834e-040
1010	50550	2.71834e-040
1011	50600	2.71834e-040
1012	50650	2.71834e-040
1013	50700	1.99273e-040
1014	50750	1.99014e-040
1015	50800	1.99014e-040
1016	50850	1.99014e-040
1017	50900	1.99014e-040
1018	50950	1.99014e-040
1019	51000	1.98675e-040
1020	51050	6.75026e-041
1021	51100	6.75026e-041
1022	51150	6.75026e-041
1023	51200	6.75026e-041
1024	51250	6.75026e-041
1025	51300	6.75026e-041
1026	51350	6.19683e-041
1027	51400	5.36941e-041
1028	51450	5.36941e-041
1029	51500	5.36941e-041
1030	51550	3.70035e-041
1031	51600	3.70035e-041
1032	51650	3.70035e-041
1033	51700	3.70035e-041
1034	51750	3.70035e-041
1035	51800	2.57887e-041
1036	51850	2.57887e-041
1037	51900	2.04202e-041
1038	51950	2.04202e-041
1039	52000	2.04202e-041
1040	52050	2.04202e-041
1041	52100	1.31964e-041
1042	52150	1.31964e-041
1043	52200	1.31964e-041
1044	52250	1.31964e-041
1045	52300	8.53967e-042
1046	52350	8.53967e-042
1047	52400	8.53967e-042
1048	52450	5.96974e-042
1049	52500	5.96974e-042
1050	52550	5.65525e-042
1051	52600	5.07619e-042
1052	52650	5.07619e-042
1053	52700	5.07619e-042
1054	52750	4.8945e-042
1055	52800	4.8945e-042
1056	52850	4.8945e-042
1057	52900	4.72751e-042
1058	52950	4.06976e-042
1059	53000	2.9699e-042
1060	53050	2.31125e-042
1061	53100	2.31125e-042
1062	53150	2.31125e-042
1063	53200	1.69991e-042
1064	53250	6.2275e-043
1065	53300	6.2275e-043
1066	53350	6.2275e-043
1067	53400	6.2275e-043
1068	53450	6.2275e-043
1069	53500	6.2275e-043
1070	53550	6.2275e-043
1071	53600	6.2275e-043
1072	53650	6.2275e-043
1073	53700	6.2275e-043
1074	53750	6.2275e-043
1075	53800	6.2275e-043
1076	53850	5.83084e-043
1077	53900	5.83084e-043
1078	53950	5.83084e-043
1079	54000	5.80454e-043
1080	54050	5.7963e-043
1081	54100	5.7963e-043
1082	54150	5.7963e-043
1083	54200	5.10295e-043
1084	54250	4.74717e-043
1085	54300	4.74717e-043
1086	54350	1.98161e-043
1087	54400	1.98161e-043
1088	54450	1.98161e-043
1089	54500	1.98161e-043
1090	54550	1.85838e-043
1091	54600	1.85838e-043
1092	54650	1.85838e-043
1093	54700	1.63429e-043
1094	54750	1.49846e-043
1095	54800	1.49846e-043
1096	54850	1.33712e-043
1097	54900	1.33712e-043
1098	54950	1.24922e-043
1099	55000	7.26998e-044
1100	55050	7.26998e-044
1101	55100	7.26998e-044
1102	55150	7.26998e-044
1103	55200	4.19523e-044
1104	55250	4.19523e-044
1105	55300	4.19523e-044
1106	55350	4.19523e-044
1107	55400	4.19523e-044
1108	55450	4.19523e-044
1109	55500	4.06091e-044
1110	55550	4.06091e-044
1111	55600	3.27115e-044
1112	55650	3.27115e-044
1113	55700	3.19112e-044
1114	55750	2.15204e-044
1115	55800	1.61346e-044
1116	55850	1.61346e-044
1117	55900	1.55688e-044
1118	55950	1.55688e-044
1119	56000	1.55688e-044
1120	56050	1.04266e-044
1121	56100	1.04266e-044
1122	56150	1.04266e-044
1123	56200	5.83395e-045
1124	56250	5.83395e-045
1125	56300	5.83395e-045
1126	56350	5.46412e-045
1127	56400	5.2547e-045
1128	56450	5.2547e-045
1129	56500	4.2252e-045
1130	56550	3.73039e-045
1131	56600	3.73039e-045
1132	56650	3.73039e-045
1133	56700	3.33346e-045
1134	56750	3.33346e-045
1135	56800	2.49892e-045
1136	56850	1.31621e-045
1137	56900	1.31621e-045
1138	56950	1.31621e-045
1139	57000	1.31621e-045
1140	57050	1.31621e-045
1141	57100	1.31621e-045
1142	57150	1.31621e-045
1143	57200	1.31621e-045
1144	57250	1.31621e-045
1145	57300	1.05121e-045
1146	57350	1.01621e-045
1147	57400	9.55013e-046
1148	57450	8.81921e-046
1149	57500	8.81921e-046
1150	57550	4.29504e-046
1151	57600	4.29504e-046
1152	57650	2.98536e-046
1153	57700	2.98536e-046
1154	57750	2.98536e-046
1155	57800	2.98536e-046
1156	57850	2.98536e-046
1157	57900	2.35944e-046
1158	57950	1.70063e-046
1159	58000	1.70063e-046
1160	58050	1.70063e-046
1161	58100	1.46402e-046
1162	58150	1.46402e-046
1163	58200	1.46402e-046
1164	58250	1.35258e-046
1165	58300	1.35258e-046
1166	58350	1.32481e-046
1167	58400	1.32481e-046
1168	58450	1.20226e-046
1169	58500	1.03167e-046
1170	58550	9.77026e-047
1171	58600	5.96293e-047
1172	58650	5.96293e-047
1173	58700	5.96293e-047
1174	58750	5.03396e-047
1175	58800	4.71987e-047
1176	58850	4.71987e-047
1177	58900	3.00379e-047
1178	58950	3.00379e-047
1179	59000	3.00379e-047
1180	59050	3.00379e-047
1181	59100	3.00379e-047
1182	59150	3.00379e-047
1183	59200	3.00379e-047
1184	59250	3.00379e-047
1185	59300	3.00379e-047
1186	59350	3.00379e-047
1187	59400	2.28853e-047
1188	59450	2.28853e-047
1189	59500	2.28853e-047
1190	59550	1.728e-047
1191	59600	1.728e-047
1192	59650	1.49672e-047
1193	59700	1.49672e-047
1194	59750	1.49672e-047
1195	59800	1.49672e-047
1196	59850	1.30959e-047
1197	59900	1.30655e-047
1198	59950	1.00414e-047
1199	60000	1.00414e-047
1200	60050	1.00414e-047
1201	60100	1.00414e-047
1202	60150	9.82192e-048
1203	60200	7.01962e-048
1204	60250	2.97924e-048
1205	60300	2.81026e-048
1206	60350	2.81026e-048
1207	60400	2.81026e-048
1208	60450	2.81026e-048
1209	60500	1.85902e-048
1210	60550	1.85902e-048
1211	60600	9.43715e-049
1212	60650	9.43715e-049
1213	60700	9.43715e-049
1214	60750	9.43715e-049
1215	60800	9.43715e-049
1216	60850	9.43715e-049
1217	60900	9.43715e-049
1218	60950	8.01569e-049
1219	61000	8.01569e-049
1220	61050	6.97639e-049
1221	61100	6.97639e-049
1222	61150	6.97639e-049
1223	61200	4.00949e-049
1224	61250	4.00949e-049
1225	61300	4.00949e-049
1226	61350	4.00949e-049
1227	61400	4.00949e-049
1228	61450	3.54418e-049
1229	61500	3.54418e-049
1230	61550	3.52585e-049
1231	61600	2.99777e-049
1232	61650	2.99777e-049
1233	61700	2.33865e-049
1234	61750	2.19506e-049
1235	61800	1.18133e-049
1236	61850	1.18133e-049
1237	61900	1.18133e-049
1238	61950	1.18133e-049
1239	62000	1.18133e-049
1240	62050	1.18133e-049
1241	62100	1.18133e-049
1242	62150	1.16066e-049
1243	62200	1.10052e-049
1244	62250	4.93366e-050
1245	62300	3.77358e-050
1246	62350	3.77358e-050
1247	62400	3.77358e-050
1248	62450	3.77358e-050
1249	62500	3.43223e-050
1250	62550	3.43223e-050
1251	62600	3.43223e-050
1252	62650	3.43223e-050
1253	62700	3.41743e-050
1254	62750	2.56061e-050
1255	62800	2.56061e-050
1256	62850	2.56061e-050
1257	62900	1.98304e-050
1258	62950	1.98304e-050
1259	63000	1.25508e-050
1260	63050	1.25508e-050
1261	63100	1.25508e-050
1262	63150	1.25508e-050
1263	63200	1.25508e-050
1264	63250	1.25039e-050
1265	63300	1.25039e-050
1266	63350	6.55786e-051
1267	63400	6.55786e-051
1268	63450	6.47707e-051
1269	63500	6.02654e-051
1270	63550	5.96057e-051
1271	63600	5.96057e-051
1272	63650	5.96057e-051
1273	63700	5.96057e-051
1274	63750	3.58394e-051
1275	63800	3.58394e-051
1276	63850	3.58394e-051
1277	63900	3.58394e-051
1278	63950	3.58394e-051
1279	64000	2.98808e-051
1280	64050	2.81365e-051
1281	64100	1.90737e-051
1282	64150	1.61118e-051
1283	64200	1.38675e-051
1284	64250	1.38675e-051
1285	64300	1.0312e-051
1286	64350	1.0312e-051
1287	64400	8.30813e-052
1288	64450	7.95718e-052
1289	64500	7.95718e-052
1290	64550	7.95718e-052
1291	64600	7.95718e-052
1292	64650	7.95718e-052
1293	64700	7.95718e-052
1294	64750	7.95718e-052
1295	64800	4.437e-052
1296	64850	4.437e-052
1297	64900	3.70119e-052
1298	64950	3.70119e-052
1299	65000	3.70119e-052
1300	65050	3.70119e-052
1301	65100	3.3502e-052
1302	65150	2.73307e-052
1303	65200	2.44111e-052
1304	65250	2.44111e-052
1305	65300	2.44111e-052
1306	65350	2.44111e-052
1307	65400	1.24164e-052
1308	65450	1.20112e-052
1309	65500	1.19005e-052
1310	65550	1.19005e-052
1311	65600	1.1271e-052
1312	65650	1.11034e-052
1313	65700	1.11034e-052
1314	65750	1.11034e-052
1315	65800	1.01537e-052
1316	65850	9.61191e-053
1317	65900	9.5526e-053
1318	65950	6.27795e-053
1319	66000	6.27795e-053
1320	66050	6.19528e-053
1321	66100	5.15964e-053
1322	66150	5.15964e-053
1323	66200	4.45153e-053
1324	66250	1.96178e-053
1325	66300	1.56982e-053
1326	66350	1.56982e-053
1327	66400	1.56982e-053
1328	66450	1.56982e-053
1329	66500	1.09875e-053
1330	66550	1.03221e-053
1331	66600	1.03221e-053
1332	66650	1.03221e-053
1333	66700	9.65484e-054
1334	66750	9.54391e-054
1335	66800	9.54391e-054
1336	66850	9.54391e-054
1337	66900	2.61491e-054
1338	66950	2.50191e-054
1339	67000	2.50191e-054
1340	67050	2.50191e-054
1341	67100	2.27598e-054
1342	67150	2.27598e-054
1343	67200	2.27598e-054
1344	67250	2.27598e-054
1345	67300	2.27598e-054
1346	67350	2.27598e-054
1347	67400	2.27598e-054
1348	67450	2.27598e-054
1349	67500	2.27598e-054
1350	67550	2.02939e-054
1351	67600	2.02939e-054
1352	67650	2.02939e-054
1353	67700	2.02939e-054
1354	67750	1.31019e-054
1355	67800	1.31019e-054
1356	67850	9.26131e-055
1357	67900	9.26131e-055
1358	67950	9.26131e-055
1359	68000	9.26131e-055
1360	68050	9.26131e-055
1361	68100	9.26131e-055
1362	68150	9.26131e-055
1363	68200	6.46127e-055
1364	68250	6.46127e-055
1365	68300	6.46127e-055
1366	68350	6.46127e-055
1367	68400	5.47703e-055
1368	68450	5.24099e-055
1369	68500	3.5575e-055
1370	68550	3.53522e-055
1371	68600	1.64775e-055
1372	68650	1.61043e-055
1373	68700	1.61043e-055
1374	68750	1.61043e-055
1375	68800	1.61043e-055
1376	68850	1.18286e-055
1377	68900	1.15381e-055
1378	68950	1.15381e-055
1379	69000	1.10171e-055
1380	69050	1.10171e-055
1381	69100	9.61733e-056
1382	69150	8.12718e-056
1383	69200	6.8116e-056
1384	69250	6.8116e-056
1385	69300	6.8116e-056
1386	69350	6.40995e-056
1387	69400	6.40995e-056
1388	69450	6.40995e-056
1389	69500	6.02607e-056
1390	69550	4.89513e-056
1391	69600	4.89513e-056
1392	69650	2.04779e-056
1393	69700	2.01935e-056
1394	69750	1.77483e-056
1395	69800	1.77483e-056
1396	69850	1.77483e-056
1397	69900	1.26455e-056
1398	69950	1.26455e-056
1399	70000	1.26455e-056
1400	70050	1.26455e-056
1401	70100	1.18272e-056
1402	70150	1.18272e-056
1403	70200	1.18272e-056
1404	70250	1.18272e-056
1405	70300	1.18272e-056
1406	70350	1.18272e-056
1407	70400	8.5016e-057
1408	70450	8.5016e-057
1409	70500	8.5016e-057
1410	70550	4.56216e-057
1411	70600	4.52972e-057
1412	70650	3.37987e-057
1413	70700	2.16278e-057
1414	70750	2.16278e-057
1415	70800	1.94024e-057
1416	70850	1.94024e-057
1417	70900	1.76085e-057
1418	70950	1.76085e-057
1419	71000	1.76085e-057
1420	71050	1.76085e-057
1421	71100	1.76085e-057
1422	71150	1.34968e-057
1423	71200	1.34968e-057
1424	71250	1.34078e-057
1425	71300	1.29262e-057
1426	71350	1.1259e-057
1427	71400	1.1259e-057
1428	71450	7.905e-058
1429	71500	6.88542e-058
1430	71550	6.88542e-058
1431	71600	6.77732e-058
1432	71650	6.77732e-058
1433	71700	5.84169e-058
1434	71750	5.84169e-058
1435	71800	5.84169e-058
1436	71850	5.26292e-058
1437	71900	5.26292e-058
1438	71950	4.67849e-058
1439	72000	4.60587e-058
1440	72050	4.09243e-058
1441	72100	3.57876e-058
1442	72150	2.27969e-058
1443	72200	2.27969e-058
1444	72250	2.27969e-058
1445	72300	1.14983e-058
1446	72350	1.14983e-058
1447	72400	1.14983e-058
1448	72450	1.14983e-058
1449	72500	1.14983e-058
1450	72550	1.03151e-058
1451	72600	1.03151e-058
1452	72650	9.57987e-059
1453	72700	9.57987e-059
1454	72750	7.68808e-059
1455	72800	7.68808e-059
1456	72850	7.68808e-059
1457	72900	7.39472e-059
1458	72950	7.39472e-059
1459	73000	4.13372e-059
1460	73050	3.26981e-059
1461	73100	3.26981e-059
1462	73150	3.26981e-059
1463	73200	3.26981e-059
1464	73250	3.26981e-059
1465	73300	2.70723e-059
1466	73350	2.70723e-059
1467	73400	2.70723e-059
1468	73450	2.17465e-059
1469	73500	2.17465e-059
1470	73550	2.17465e-059
1471	73600	2.17465e-059
1472	73650	2.17361e-059
1473	73700	1.99211e-059
1474	73750	1.99211e-059
1475	73800	1.94285e-059
1476	73850	1.37476e-059
1477	73900	1.30578e-059
1478	73950	1.1949e-059
1479	74000	1.1949e-059
1480	74050	1.14943e-059
1481	74100	1.14943e-059
1482	74150	5.07407e-060
1483	74200	5.07407e-060
1484	74250	5.07407e-060
1485	74300	4.5194e-060
1486	74350	3.25282e-060
1487	74400	3.16815e-060
1488	74450	3.16815e-060
1489	74500	1.70533e-060
1490	74550	1.70533e-060
1491	74600	1.70533e-060
1492	74650	1.40286e-060
1493	74700	1.10639e-060
1494	74750	1.10639e-060
1495	74800	1.10639e-060
1496	74850	1.10639e-060
1497	74900	1.10639e-060
1498	74950	9.36889e-061
1499	75000	9.35845e-061
1500	75050	8.58193e-061
1501	75100	8.58193e-061
1502	75150	8.58193e-061
1503	75200	8.58193e-061
1504	75250	8.58193e-061
1505	75300	7.9423e-061
1506	75350	5.23046e-061
1507	75400	5.23046e-061
1508	75450	3.58751e-061
1509	75500	3.58751e-061
1510	75550	3.58751e-061
1511	75600	3.46128e-061
1512	75650	2.51594e-061
1513	75700	2.51594e-061
1514	75750	2.51594e-061
1515	75800	2.51594e-061
1516	75850	2.51594e-061
1517	75900	2.48342e-061
1518	75950	2.48342e-061
1519	76000	2.48342e-061
1520	76050	2.48342e-061
1521	76100	2.44541e-061
1522	76150	2.44541e-061
1523	76200	2.3428e-061
1524	76250	1.21275e-061
1525	76300	1.15443e-061
1526	76350	1.15443e-061
1527	76400	1.15443e-061
1528	76450	1.02794e-061
1529	76500	9.7802e-062
1530	76550	9.7802e-062
1531	76600	9.74369e-062
1532	76650	4.39073e-062
1533	76700	4.39073e-062
1534	76750	3.1205e-062
1535	76800	3.02263e-062
1536	76850	3.02263e-062
1537	76900	2.93814e-062
1538	76950	2.93814e-062
1539	77000	2.93814e-062
1540	77050	1.58592e-062
1541	77100	1.58592e-062
1542	77150	1.54344e-062
1543	77200	1.54344e-062
1544	77250	1.49188e-062
1545	77300	1.25906e-062
1546	77350	1.25906e-062
1547	77400	5.73354e-063
1548	77450	5.73354e-063
1549	77500	5.73354e-063
1550	77550	5.73354e-063
1551	77600	5.73354e-063
1552	77650	2.64962e-063
1553	77700	2.64962e-063
1554	77750	2.08705e-063
1555	77800	1.92012e-063
1556	77850	1.92012e-063
1557	77900	1.84608e-063
1558	77950	1.84608e-063
1559	78000	1.84608e-063
1560	78050	1.84431e-063
1561	78100	1.84431e-063
1562	78150	1.62855e-063
1563	78200	1.62855e-063
1564	78250	1.62855e-063
1565	78300	1.62855e-063
1566	78350	1.62855e-063
1567	78400	1.51767e-063
1568	78450	9.85819e-064
1569	78500	9.85819e-064
1570	78550	9.60204e-064
1571	78600	9.60204e-064
1572	78650	8.26914e-064
1573	78700	8.26914e-064
1574	78750	8.26914e-064
1575	78800	8.26914e-064
1576	78850	6.02986e-064
1577	78900	6.02986e-064
1578	78950	4.25873e-064
1579	79000	4.25873e-064
1580	79050	4.25873e-064
1581	79100	4.25873e-064
1582	79150	4.25873e-064
1583	79200	3.91337e-064
1584	79250	2.73922e-064
1585	79300	2.12389e-064
1586	79350	1.41968e-064
1587	79400	1.41968e-064
1588	79450	1.41968e-064
1589	79500	9.54381e-065
1590	79550	9.54381e-065
1591	79600	9.54381e-065
1592	79650	7.38778e-065
1593	79700	7.38778e-065
1594	79750	7.38778e-065
1595	79800	7.38778e-065
1596	79850	7.38778e-065
1597	79900	7.38778e-065
1598	79950	5.87743e-065
1599	80000	3.98862e-065
1600	80050	2.34837e-065
1601	80100	2.34837e-065
1602	80150	2.34837e-065
1603	80200	2.34837e-065
1604	80250	2.10915e-065
1605	80300	2.10915e-065
1606	80350	2.10915e-065
1607	80400	2.10915e-065
1608	80450	1.96851e-065
1609	80500	1.58924e-065
1610	80550	1.58924e-065
1611	80600	1.58924e-065
1612	80650	1.58924e-065
1613	80700	1.08643e-065
1614	80750	8.89229e-066
1615	80800	7.43005e-066
1616	80850	7.43005e-066
1617	80900	7.10554e-066
1618	80950	7.10554e-066
1619	81000	7.10554e-066
1620	81050	4.11724e-066
1621	81100	4.11724e-066
1622	81150	4.11724e-066
1623	81200	4.03806e-066
1624	81250	4.03806e-066
1625	81300	4.03806e-066
1626	81350	4.03806e-066
1627	81400	2.84961e-066
1628	81450	2.84961e-066
1629	81500	2.84961e-066
1630	81550	2.759e-066
1631	81600	2.15866e-066
1632	81650	2.15866e-066
1633	81700	1.54961e-066
1634	81750	1.54961e-066
1635	81800	1.54961e-066
1636	81850	1.54961e-066
1637	81900	1.43169e-066
1638	81950	1.30969e-066
1639	82000	1.24294e-066
1640	82050	7.5748e-067
1641	82100	7.5748e-067
1642	82150	7.48298e-067
1643	82200	7.48298e-067
1644	82250	7.06125e-067
1645	82300	6.83398e-067
1646	82350	6.83398e-067
1647	82400	6.05895e-067
1648	82450	6.05895e-067
1649	82500	6.05895e-067
1650	82550	6.01933e-067
1651	82600	5.87374e-067
1652	82650	5.87374e-067
1653	82700	5.87374e-067
1654	82750	5.72077e-067
1655	82800	4.19753e-067
1656	82850	4.19753e-067
1657	82900	4.19753e-067
1658	82950	4.19753e-067
1659	83000	4.19753e-067
1660	83050	4.08454e-067
1661	83100	4.08454e-067
1662	83150	3.74675e-067
1663	83200	3.74675e-067
1664	83250	2.67582e-067
1665	83300	1.32881e-067
1666	83350	1.32881e-067
1667	83400	1.31697e-067
1668	83450	1.31281e-067
1669	83500	1.31281e-067
1670	83550	1.31281e-067
1671	83600	8.9878e-068
1672	83650	8.9878e-068
1673	83700	8.7212e-068
1674	83750	8.7212e-068
1675	83800	7.30545e-068
1676	83850	5.65117e-068
1677	83900	5.3137e-068
1678	83950	5.3137e-068
1679	84000	2.81806e-068
1680	84050	2.81806e-068
1681	84100	2.81806e-068
1682	84150	2.81806e-068
1683	84200	2.81806e-068
1684	84250	2.744e-068
1685	84300	2.49101e-068
1686	84350	2.49101e-068
1687	84400	1.06068e-068
1688	84450	8.54453e-069
1689	84500	8.26688e-069
1690	84550	8.26688e-069
1691	84600	7.19915e-069
1692	84650	7.19915e-069
1693	84700	7.19915e-069
1694	84750	7.19915e-069
1695	84800	6.58451e-069
1696	84850	6.58451e-069
1697	84900	3.81852e-069
1698	84950	3.67806e-069
1699	85000	2.93873e-069
1700	85050	2.93873e-069
1701	85100	2.93873e-069
1702	85150	2.87481e-069
1703	85200	2.87481e-069
1704	85250	2.69748e-069
1705	85300	2.69748e-069
1706	85350	2.69748e-069
1707	85400	2.69748e-069
1708	85450	2.27209e-069
1709	85500	1.20683e-069
1710	85550	1.20683e-069
1711	85600	1.20683e-069
1712	85650	1.20683e-069
1713	85700	1.20683e-069
1714	85750	1.20683e-069
1715	85800	1.20683e-069
1716	85850	1.20683e-069
1717	85900	6.58348e-070
1718	85950	4.84156e-070
1719	86000	4.84156e-070
1720	86050	3.65565e-070
1721	86100	3.65565e-070
1722	86150	3.65565e-070
1723	86200	3.65565e-070
1724	86250	2.53391e-070
1725	86300	2.53391e-070
1726	86350	2.53391e-070
1727	86400	2.53391e-070
1728	86450	2.41068e-070
1729	86500	2.41068e-070
1730	86550	2.41068e-070
1731	86600	1.86438e-070
1732	86650	1.86438e-070
1733	86700	1.8605e-070
1734	86750	1.8605e-070
1735	86800	1.8605e-070
1736	86850	1.8605e-070
1737	86900	1.82298e-070
1738	86950	1.3856e-070
1739	87000	1.22669e-070
1740	87050	1.22669e-070
1741	87100	1.13315e-070
1742	87150	9.34526e-071
1743	87200	9.34526e-071
1744	87250	6.5402e-071
1745	87300	6.5402e-071
1746	87350	6.5402e-071
1747	87400	6.5402e-071
1748	87450	6.22874e-071
1749	87500	6.22874e-071
1750	87550	6.09435e-071
1751	87600	4.29513e-071
1752	87650	4.29513e-071
1753	87700	4.29513e-071
1754	87750	4.29513e-071
1755	87800	4.28822e-071
1756	87850	3.88239e-071
1757	87900	3.88239e-071
1758	87950	8.2166e-072
1759	88000	8.2166e-072
1760	88050	8.2166e-072
1761	88100	8.2166e-072
1762	88150	8.2166e-072
1763	88200	8.2166e-072
1764	88250	8.2166e-072
1765	88300	6.32483e-072
1766	88350	6.32483e-072
1767	88400	3.94241e-072
1768	88450	3.94241e-072
1769	88500	3.94241e-072
1770	88550	3.94241e-072
1771	88600	3.89795e-072
1772	88650	2.88658e-072
1773	88700	2.51443e-072
1774	88750	2.51443e-072
1775	88800	2.41645e-072
1776	88850	1.63236e-072
1777	88900	1.63236e-072
1778	88950	1.63236e-072
1779	89000	1.43282e-072
1780	89050	1.43282e-072
1781	89100	1.43282e-072
1782	89150	1.43282e-072
1783	89200	1.43282e-072
1784	89250	1.43282e-072
1785	89300	1.43282e-072
1786	89350	1.43282e-072
1787	89400	1.3985e-072
1788	89450	1.3985e-072
1789	89500	1.3985e-072
1790	89550	1.19726e-072
1791	89600	8.35928e-073
1792	89650	8.35928e-073
1793	89700	6.55471e-073
1794	89750	6.10047e-073
1795	89800	6.10047e-073
1796	89850	6.10047e-073
1797	89900	6.10047e-073
1798	89950	4.69634e-073
1799	90000	4.63536e-073
1800	90050	2.4556e-073
1801	90100	2.4556e-073
1802	90150	2.4556e-073
1803	90200	2.4556e-073
1804	90250	2.4556e-073
1805	90300	2.19796e-073
1806	90350	2.19796e-073
1807	90400	1.53859e-073
1808	90450	1.53859e-073
1809	90500	1.50375e-073
1810	90550	1.50375e-073
1811	90600	1.50375e-073
1812	90650	1.50375e-073
1813	90700	1.50375e-073
1814	90750	1.50375e-073
1815	90800	1.50375e-073
1816	90850	1.1981e-073
1817	90900	1.06875e-073
1818	90950	1.05792e-073
1819	91000	5.09321e-074
1820	91050	5.09321e-074
1821	91100	4.55212e-074
1822	91150	3.22325e-074
1823	91200	2.89665e-074
1824	91250	2.58691e-074
1825	91300	2.58691e-074
1826	91350	2.41644e-074
1827	91400	1.91403e-074
1828	91450	1.91403e-074
1829	91500	1.91403e-074
1830	91550	1.2505e-074
1831	91600	1.2505e-074
1832	91650	1.2505e-074
1833	91700	1.11583e-074
1834	91750	1.11583e-074
1835	91800	1.11027e-074
1836	91850	1.05991e-074
1837	91900	1.05991e-074
1838	91950	1.05991e-074
1839	92000	9.01053e-075
1840	92050	6.66046e-075
1841	92100	6.66046e-075
1842	92150	6.66046e-075
1843	92200	6.45096e-075
1844	92250	2.58919e-075
1845	92300	2.58919e-075
1846	92350	2.58919e-075
1847	92400	2.58919e-075
1848	92450	2.58919e-075
1849	92500	2.58919e-075
1850	92550	2.58919e-075
1851	92600	2.58919e-075
1852	92650	1.49167e-075
1853	92700	1.40052e-075
1854	92750	1.40052e-075
1855	92800	1.40052e-075
1856	92850	1.25396e-075
1857	92900	1.25396e-075
1858	92950	9.29241e-076
1859	93000	7.557e-076
1860	93050	6.94485e-076
1861	93100	4.03924e-076
1862	93150	4.03924e-076
1863	93200	4.03924e-076
1864	93250	4.03924e-076
1865	93300	4.03924e-076
1866	93350	4.03924e-076
1867	93400	3.76504e-076
1868	93450	2.996e-076
1869	93500	2.996e-076
1870	93550	2.996e-076
1871	93600	1.89195e-076
1872	93650	1.89195e-076
1873	93700	1.89195e-076
1874	93750	1.89195e-076
1875	93800	1.89195e-076
1876	93850	1.89195e-076
1877	93900	1.86605e-076
1878	93950	1.29063e-076
1879	94000	1.19705e-076
1880	94050	5.38583e-077
1881	94100	5.38583e-077
1882	94150	5.38583e-077
1883	94200	5.38583e-077
1884	94250	4.73698e-077
1885	94300	4.73698e-077
1886	94350	4.34327e-077
1887	94400	4.34327e-077
1888	94450	4.34327e-077
1889	94500	3.94043e-077
1890	94550	2.98235e-077
1891	94600	1.65934e-077
1892	94650	1.25907e-077
1893	94700	1.25907e-077
1894	94750	1.25907e-077
1895	94800	1.25907e-077
1896	94850	1.25907e-077
1897	94900	1.25907e-077
1898	94950	1.25907e-077
1899	95000	1.21709e-077
1900	95050	1.21709e-077
1901	95100	1.21709e-077
1902	95150	1.13197e-077
1903	95200	1.09045e-077
1904	95250	1.09045e-077
1905	95300	1.00294e-077
1906	95350	1.00294e-077
1907	95400	7.69048e-078
1908	95450	7.69048e-078
1909	95500	7.62448e-078
1910	95550	6.61514e-078
1911	95600	6.61514e-078
1912	95650	6.15811e-078
1913	95700	1.21859e-078
1914	95750	1.21859e-078
1915	95800	1.21859e-078
1916	95850	1.21859e-078
1917	95900	1.1626e-078
1918	95950	1.1626e-078
1919	96000	1.1626e-078
1920	96050	1.1626e-078
1921	96100	8.41027e-079
1922	96150	8.41027e-079
1923	96200	8.41027e-079
1924	96250	8.41027e-079
1925	96300	8.41027e-079
1926	96350	8.41027e-079
1927	96400	3.18134e-079
1928	96450	3.18134e-079
1929	96500	3.18134e-079
1930	96550	2.63907e-079
1931	96600	2.63907e-079
1932	96650	2.63907e-079
1933	96700	2.63907e-079
1934	96750	2.63907e-079
1935	96800	2.63907e-079
1936	96850	2.4854e-079
1937	96900	2.4854e-079
1938	96950	2.4854e-079
1939	97000	2.4854e-079
1940	97050	2.45854e-079
1941	97100	9.39135e-080
1942	97150	9.39135e-080
1943	97200	9.39135e-080
1944	97250	9.39135e-080
1945	97300	9.39135e-080
1946	97350	9.39135e-080
1947	97400	9.39135e-080
1948	97450	9.39135e-080
1949	97500	8.37242e-080
1950	97550	8.37242e-080
1951	97600	5.87758e-080
1952	97650	5.87758e-080
1953	97700	5.87758e-080
1954	97750	5.87758e-080
1955	97800	5.87758e-080
1956	97850	3.46874e-080
1957	97900	3.46874e-080
1958	97950	3.46874e-080
1959	98000	3.46874e-080
1960	98050	3.46874e-080
1961	98100	3.46874e-080
1962	98150	3.46874e-080
1963	98200	3.46874e-080
1964	98250	3.46874e-080
1965	98300	2.81243e-080
1966	98350	2.81243e-080
1967	98400	1.97937e-080
1968	98450	1.84444e-080
1969	98500	1.27725e-080
1970	98550	1.27725e-080
1971	98600	1.27725e-080
1972	98650	1.19289e-080
1973	98700	1.0895e-080
1974	98750	9.92997e-081
1975	98800	8.63823e-081
1976	98850	6.68125e-081
1977	98900	5.82544e-081
1978	98950	5.82544e-081
1979	99000	5.41225e-081
1980	99050	5.41225e-081
1981	99100	3.88163e-081
1982	99150	3.88163e-081
1983	99200	3.88163e-081
1984	99250	3.88163e-081
1985	99300	3.88163e-081
1986	99350	3.88163e-081
1987	99400	3.05826e-081
1988	99450	2.87221e-081
1989	99500	2.36526e-081
1990	99550	2.28677e-081
1991	99600	2.14055e-081
1992	99650	1.29163e-081
1993	99700	1.29158e-081
1994	99750	1.29158e-081
1995	99800	1.29158e-081
1996	99850	7.74097e-082
1997	99900	7.74097e-082
1998	99950	6.12496e-082
1999	100000	6.12496e-082
2000	100050	6.12496e-082
