1	100	581.493
2	150	481.045
3	200	481.045
4	250	481.045
5	300	417.228
6	350	410.419
7	400	228.039
8	450	228.039
9	500	228.039
10	550	129.067
11	600	129.067
12	650	129.067
13	700	109.246
14	750	109.246
15	800	109.246
16	850	107.283
17	900	90.5797
18	950	90.5797
19	1000	90.5797
20	1050	66.9203
21	1100	66.9203
22	1150	62.3085
23	1200	62.3085
24	1250	53.8161
25	1300	44.8223
26	1350	44.8223
27	1400	44.8223
28	1450	41.3946
29	1500	41.3946
30	1550	34.1664
31	1600	34.1664
32	1650	34.0854
33	1700	13.3783
34	1750	13.3783
35	1800	12.1967
36	1850	12.1967
37	1900	10.6389
38	1950	9.7322
39	2000	9.7322
40	2050	5.95069
41	2100	5.83708
42	2150	5.83708
43	2200	5.83708
44	2250	5.53909
45	2300	4.40337
46	2350	4.40337
47	2400	4.40337
48	2450	4.40337
49	2500	4.40337
50	2550	4.40337
51	2600	3.98633
52	2650	3.29463
53	2700	3.29463
54	2750	2.8775
55	2800	2.8775
56	2850	2.63999
57	2900	2.63999
58	2950	1.9849
59	3000	1.9849
60	3050	1.64489
61	3100	1.64489
62	3150	1.64489
63	3200	0.619959
64	3250	0.619959
65	3300	0.573424
66	3350	0.573424
67	3400	0.573424
68	3450	0.573424
69	3500	0.206951
70	3550	0.206951
71	3600	0.206951
72	3650	0.20686
73	3700	0.20686
74	3750	0.20686
75	3800	0.20686
76	3850	0.20686
77	3900	0.20686
78	3950	0.20686
79	4000	0.102349
80	4050	0.102349
81	4100	0.102142
82	4150	0.102142
83	4200	0.102142
84	4250	0.102142
85	4300	0.0988727
86	4350	0.0924735
87	4400	0.0924735
88	4450	0.0924735
89	4500	0.0924735
90	4550	0.0924735
91	4600	0.0575239
92	4650	0.0454362
93	4700	0.0361269
94	4750	0.0361269
95	4800	0.0361269
96	4850	0.0240526
97	4900	0.0240526
98	4950	0.0223275
99	5000	0.0191131
100	5050	0.0191131
101	5100	0.0117152
102	5150	0.0102886
103	5200	0.00913406
104	5250	0.00913406
105	5300	0.00913406
106	5350	0.00913406
107	5400	0.00913406
108	5450	0.00913406
109	5500	0.00913406
110	5550	0.00913406
111	5600	0.00913406
112	5650	0.00913406
113	5700	0.00902086
114	5750	0.00884233
115	5800	0.00594476
116	5850	0.00594476
117	5900	0.0053104
118	5950	0.0053104
119	6000	0.0053104
120	6050	0.00529391
121	6100	0.00496092
122	6150	0.00447428
123	6200	0.00447428
124	6250	0.00242497
125	6300	0.00242497
126	6350	0.00242497
127	6400	0.0018673
128	6450	0.0018673
129	6500	0.0018673
130	6550	0.0018673
131	6600	0.001836
132	6650	0.00182499
133	6700	0.00151904
134	6750	0.000908886
135	6800	0.000908886
136	6850	0.000799448
137	6900	0.000799448
138	6950	0.000799448
139	7000	0.000799448
140	7050	0.000770922
141	7100	0.000770922
142	7150	0.000770922
143	7200	0.000636316
144	7250	0.000636316
145	7300	0.000636316
146	7350	0.000486879
147	7400	0.000486879
148	7450	0.000256397
149	7500	0.000255564
150	7550	0.000193689
151	7600	0.000132559
152	7650	0.000132559
153	7700	0.000132559
154	7750	0.000123993
155	7800	0.000102198
156	7850	0.000102198
157	7900	7.55684e-005
158	7950	6.86079e-005
159	8000	6.86079e-005
160	8050	6.86079e-005
161	8100	5.39605e-005
162	8150	5.39605e-005
163	8200	5.39605e-005
164	8250	5.39605e-005
165	8300	3.71988e-005
166	8350	3.71988e-005
167	8400	3.22162e-005
168	8450	3.22162e-005
169	8500	2.98525e-005
170	8550	2.30685e-005
171	8600	2.30685e-005
172	8650	2.30685e-005
173	8700	2.30685e-005
174	8750	2.30685e-005
175	8800	1.61467e-005
176	8850	1.26371e-005
177	8900	1.26371e-005
178	8950	1.26371e-005
179	9000	1.26371e-005
180	9050	5.32807e-006
181	9100	5.32807e-006
182	9150	4.63993e-006
183	9200	4.63993e-006
184	9250	4.63993e-006
185	9300	4.63993e-006
186	9350	3.87502e-006
187	9400	3.87502e-006
188	9450	3.87502e-006
189	9500	3.82345e-006
190	9550	3.82345e-006
191	9600	3.82345e-006
192	9650	2.89322e-006
193	9700	2.04735e-006
194	9750	2.04735e-006
195	9800	2.04735e-006
196	9850	2.04735e-006
197	9900	1.52357e-006
198	9950	1.40487e-006
199	10000	1.36735e-006
200	10050	1.2678e-006
201	10100	1.22373e-006
202	10150	1.22373e-006
203	10200	1.22373e-006
204	10250	1.22373e-006
205	10300	1.20384e-006
206	10350	8.98251e-007
207	10400	8.98251e-007
208	10450	8.50803e-007
209	10500	7.42466e-007
210	10550	7.42466e-007
211	10600	4.41068e-007
212	10650	4.41068e-007
213	10700	4.41068e-007
214	10750	4.41068e-007
215	10800	3.35505e-007
216	10850	3.35505e-007
217	10900	3.03617e-007
218	10950	3.03617e-007
219	11000	3.03617e-007
220	11050	3.03617e-007
221	11100	1.92318e-007
222	11150	1.92318e-007
223	11200	1.92318e-007
224	11250	1.92318e-007
225	11300	1.11246e-007
226	11350	1.11246e-007
227	11400	8.03948e-008
228	11450	8.03948e-008
229	11500	8.03948e-008
230	11550	8.03948e-008
231	11600	8.03948e-008
232	11650	8.03948e-008
233	11700	8.03948e-008
234	11750	4.80072e-008
235	11800	4.80072e-008
236	11850	4.80072e-008
237	11900	1.47953e-008
238	11950	1.24222e-008
239	12000	1.2105e-008
240	12050	1.19109e-008
241	12100	1.19109e-008
242	12150	1.19109e-008
243	12200	1.19109e-008
244	12250	1.19109e-008
245	12300	1.19109e-008
246	12350	1.19109e-008
247	12400	1.15836e-008
248	12450	1.1548e-008
249	12500	1.1548e-008
250	12550	1.1548e-008
251	12600	7.80827e-009
252	12650	6.10051e-009
253	12700	4.77289e-009
254	12750	4.77289e-009
255	12800	4.77289e-009
256	12850	4.77289e-009
257	12900	4.77289e-009
258	12950	4.77289e-009
259	13000	3.16318e-009
260	13050	3.16318e-009
261	13100	3.16318e-009
262	13150	2.86826e-009
263	13200	1.59746e-009
264	13250	1.59746e-009
265	13300	1.55223e-009
266	13350	1.28616e-009
267	13400	1.28616e-009
268	13450	1.26556e-009
269	13500	1.22735e-009
270	13550	1.22735e-009
271	13600	1.22735e-009
272	13650	1.11811e-009
273	13700	1.11811e-009
274	13750	1.11811e-009
275	13800	1.11811e-009
276	13850	8.85111e-010
277	13900	8.85111e-010
278	13950	8.30806e-010
279	14000	7.28184e-010
280	14050	5.47247e-010
281	14100	5.47247e-010
282	14150	3.58994e-010
283	14200	3.58994e-010
284	14250	3.58994e-010
285	14300	3.58994e-010
286	14350	3.21727e-010
287	14400	3.21727e-010
288	14450	3.21727e-010
289	14500	2.49626e-010
290	14550	2.49626e-010
291	14600	2.17354e-010
292	14650	2.17354e-010
293	14700	2.17354e-010
294	14750	2.17354e-010
295	14800	2.17354e-010
296	14850	1.35802e-010
297	14900	1.35802e-010
298	14950	1.35802e-010
299	15000	1.35802e-010
300	15050	1.35802e-010
301	15100	8.45567e-011
302	15150	8.45567e-011
303	15200	8.45567e-011
304	15250	6.01207e-011
305	15300	6.01207e-011
306	15350	6.01207e-011
307	15400	5.24367e-011
308	15450	5.24367e-011
309	15500	5.24367e-011
310	15550	5.24367e-011
311	15600	5.24367e-011
312	15650	3.81234e-011
313	15700	3.81234e-011
314	15750	3.17107e-011
315	15800	3.17107e-011
316	15850	1.4688e-011
317	15900	1.4688e-011
318	15950	1.4688e-011
319	16000	1.4688e-011
320	16050	1.4688e-011
321	16100	1.4688e-011
322	16150	1.35699e-011
323	16200	1.35699e-011
324	16250	1.26169e-011
325	16300	1.0958e-011
326	16350	1.0958e-011
327	16400	2.85632e-012
328	16450	2.85632e-012
329	16500	2.66139e-012
330	16550	2.66139e-012
331	16600	2.53982e-012
332	16650	2.53982e-012
333	16700	2.53982e-012
334	16750	2.53982e-012
335	16800	2.53982e-012
336	16850	1.99679e-012
337	16900	1.89168e-012
338	16950	1.84678e-012
339	17000	1.30795e-012
340	17050	1.30795e-012
341	17100	1.30795e-012
342	17150	1.1378e-012
343	17200	1.1378e-012
344	17250	1.1378e-012
345	17300	1.1378e-012
346	17350	5.53346e-013
347	17400	5.53346e-013
348	17450	5.53346e-013
349	17500	5.53346e-013
350	17550	5.53346e-013
351	17600	5.53346e-013
352	17650	5.53346e-013
353	17700	5.53346e-013
354	17750	4.92115e-013
355	17800	4.54905e-013
356	17850	3.99773e-013
357	17900	3.95714e-013
358	17950	3.95714e-013
359	18000	2.96379e-013
360	18050	2.95425e-013
361	18100	2.95425e-013
362	18150	1.66343e-013
363	18200	1.64527e-013
364	18250	1.64527e-013
365	18300	1.57119e-013
366	18350	1.57119e-013
367	18400	8.72856e-014
368	18450	8.72856e-014
369	18500	8.72856e-014
370	18550	8.72856e-014
371	18600	8.72856e-014
372	18650	7.84469e-014
373	18700	7.84469e-014
374	18750	7.84469e-014
375	18800	7.84469e-014
376	18850	7.27241e-014
377	18900	3.23342e-014
378	18950	3.23342e-014
379	19000	3.23342e-014
380	19050	1.15138e-014
381	19100	1.15138e-014
382	19150	1.15138e-014
383	19200	1.15138e-014
384	19250	1.15138e-014
385	19300	1.14686e-014
386	19350	1.14686e-014
387	19400	1.14686e-014
388	19450	1.14686e-014
389	19500	1.14686e-014
390	19550	1.14686e-014
391	19600	1.14686e-014
392	19650	1.09088e-014
393	19700	9.94125e-015
394	19750	9.94125e-015
395	19800	8.4386e-015
396	19850	8.4386e-015
397	19900	8.2694e-015
398	19950	7.9752e-015
399	20000	2.4464e-015
400	20050	1.9627e-015
401	20100	1.9627e-015
402	20150	1.9627e-015
403	20200	1.9627e-015
404	20250	1.9627e-015
405	20300	1.9627e-015
406	20350	1.9627e-015
407	20400	1.9627e-015
408	20450	1.9627e-015
409	20500	1.9627e-015
410	20550	1.72207e-015
411	20600	1.72207e-015
412	20650	1.72207e-015
413	20700	1.40286e-015
414	20750	1.40286e-015
415	20800	7.65873e-016
416	20850	7.65873e-016
417	20900	6.74733e-016
418	20950	4.49277e-016
419	21000	4.49277e-016
420	21050	4.49277e-016
421	21100	2.81449e-016
422	21150	2.81449e-016
423	21200	2.81449e-016
424	21250	2.81449e-016
425	21300	2.81449e-016
426	21350	2.7398e-016
427	21400	2.7398e-016
428	21450	2.7398e-016
429	21500	1.2291e-016
430	21550	1.2291e-016
431	21600	1.2291e-016
432	21650	1.2291e-016
433	21700	1.2291e-016
434	21750	1.2291e-016
435	21800	1.0169e-016
436	21850	1.0169e-016
437	21900	1.0169e-016
438	21950	1.0169e-016
439	22000	6.35179e-017
440	22050	6.35179e-017
441	22100	6.35179e-017
442	22150	6.35179e-017
443	22200	6.35179e-017
444	22250	6.35179e-017
445	22300	6.35179e-017
446	22350	6.28123e-017
447	22400	6.28123e-017
448	22450	6.12509e-017
449	22500	2.70533e-017
450	22550	2.70533e-017
451	22600	2.70533e-017
452	22650	2.70533e-017
453	22700	2.2686e-017
454	22750	2.2686e-017
455	22800	2.2686e-017
456	22850	2.2686e-017
457	22900	2.2686e-017
458	22950	2.08614e-017
459	23000	1.94031e-017
460	23050	1.83702e-017
461	23100	1.68655e-017
462	23150	1.68655e-017
463	23200	1.23876e-017
464	23250	1.02238e-017
465	23300	1.02238e-017
466	23350	9.1824e-018
467	23400	6.3752e-018
468	23450	6.3752e-018
469	23500	6.3752e-018
470	23550	4.35241e-018
471	23600	4.35241e-018
472	23650	4.35241e-018
473	23700	2.29919e-018
474	23750	2.29919e-018
475	23800	2.29919e-018
476	23850	2.29919e-018
477	23900	2.29919e-018
478	23950	2.29919e-018
479	24000	2.15274e-018
480	24050	2.15274e-018
481	24100	1.76101e-018
482	24150	1.76101e-018
483	24200	1.76101e-018
484	24250	1.72316e-018
485	24300	1.32821e-018
486	24350	1.32821e-018
487	24400	9.61784e-019
488	24450	9.61784e-019
489	24500	9.61784e-019
490	24550	9.61784e-019
491	24600	9.53856e-019
492	24650	9.53856e-019
493	24700	9.27618e-019
494	24750	6.42707e-019
495	24800	6.42707e-019
496	24850	5.77675e-019
497	24900	5.59074e-019
498	24950	5.59074e-019
499	25000	4.41394e-019
500	25050	4.41394e-019
501	25100	3.88646e-019
502	25150	2.49269e-019
503	25200	2.49269e-019
504	25250	1.98864e-019
505	25300	1.98864e-019
506	25350	1.17901e-019
507	25400	1.17901e-019
508	25450	5.01813e-020
509	25500	4.76719e-020
510	25550	4.76719e-020
511	25600	4.76719e-020
512	25650	4.76719e-020
513	25700	4.76719e-020
514	25750	4.76719e-020
515	25800	4.76719e-020
516	25850	4.76719e-020
517	25900	4.76719e-020
518	25950	4.76719e-020
519	26000	4.19551e-020
520	26050	2.5756e-020
521	26100	2.57294e-020
522	26150	2.57294e-020
523	26200	2.57294e-020
524	26250	2.57294e-020
525	26300	2.57294e-020
526	26350	1.48698e-020
527	26400	1.48698e-020
528	26450	1.35944e-020
529	26500	1.35944e-020
530	26550	9.53561e-021
531	26600	9.53561e-021
532	26650	9.53561e-021
533	26700	9.53561e-021
534	26750	8.75888e-021
535	26800	8.75888e-021
536	26850	8.75888e-021
537	26900	7.70445e-021
538	26950	7.70445e-021
539	27000	6.08618e-021
540	27050	5.27827e-021
541	27100	4.59332e-021
542	27150	4.06173e-021
543	27200	4.06173e-021
544	27250	4.06173e-021
545	27300	2.08758e-021
546	27350	2.08758e-021
547	27400	2.08758e-021
548	27450	2.08758e-021
549	27500	2.08758e-021
550	27550	2.08758e-021
551	27600	2.08758e-021
552	27650	1.40521e-021
553	27700	1.40521e-021
554	27750	1.40521e-021
555	27800	1.40521e-021
556	27850	1.40521e-021
557	27900	9.93698e-022
558	27950	9.93698e-022
559	28000	8.84165e-022
560	28050	8.34558e-022
561	28100	5.94258e-022
562	28150	5.82531e-022
563	28200	5.82531e-022
564	28250	5.48301e-022
565	28300	4.28614e-022
566	28350	4.09198e-022
567	28400	4.09198e-022
568	28450	4.09198e-022
569	28500	2.94636e-022
570	28550	2.54172e-022
571	28600	2.54172e-022
572	28650	2.54172e-022
573	28700	2.54172e-022
574	28750	2.54172e-022
575	28800	2.01425e-022
576	28850	1.56534e-022
577	28900	1.56534e-022
578	28950	1.4126e-022
579	29000	1.4126e-022
580	29050	7.45682e-023
581	29100	7.45682e-023
582	29150	7.17818e-023
583	29200	7.17818e-023
584	29250	7.17818e-023
585	29300	6.60048e-023
586	29350	6.60048e-023
587	29400	6.60048e-023
588	29450	6.23113e-023
589	29500	5.19313e-023
590	29550	5.19313e-023
591	29600	4.9819e-023
592	29650	4.9819e-023
593	29700	4.97893e-023
594	29750	3.1645e-023
595	29800	2.54384e-023
596	29850	2.54384e-023
597	29900	2.54384e-023
598	29950	2.54384e-023
599	30000	2.35631e-023
600	30050	2.35631e-023
601	30100	1.91961e-023
602	30150	1.19434e-023
603	30200	1.19434e-023
604	30250	8.34127e-024
605	30300	8.34127e-024
606	30350	8.34127e-024
607	30400	8.34127e-024
608	30450	5.31418e-024
609	30500	5.31418e-024
610	30550	5.31418e-024
611	30600	5.31418e-024
612	30650	5.31418e-024
613	30700	3.56339e-024
614	30750	3.56339e-024
615	30800	2.50949e-024
616	30850	2.50949e-024
617	30900	9.73711e-025
618	30950	9.73711e-025
619	31000	9.73711e-025
620	31050	9.73711e-025
621	31100	9.73711e-025
622	31150	9.73711e-025
623	31200	9.73711e-025
624	31250	8.45086e-025
625	31300	8.45086e-025
626	31350	8.10725e-025
627	31400	8.10725e-025
628	31450	8.10725e-025
629	31500	8.10725e-025
630	31550	8.10725e-025
631	31600	8.10725e-025
632	31650	5.22158e-025
633	31700	5.22158e-025
634	31750	5.22158e-025
635	31800	4.187e-025
636	31850	3.75474e-025
637	31900	3.72208e-025
638	31950	3.72208e-025
639	32000	3.15992e-025
640	32050	3.15992e-025
641	32100	3.15992e-025
642	32150	1.81122e-025
643	32200	1.81122e-025
644	32250	1.81122e-025
645	32300	1.81122e-025
646	32350	1.81122e-025
647	32400	1.78568e-025
648	32450	1.39114e-025
649	32500	1.39114e-025
650	32550	1.29794e-025
651	32600	6.75747e-026
652	32650	6.75648e-026
653	32700	6.75648e-026
654	32750	6.75648e-026
655	32800	6.75648e-026
656	32850	6.75648e-026
657	32900	6.70107e-026
658	32950	6.67678e-026
659	33000	6.67678e-026
660	33050	1.30652e-026
661	33100	1.17929e-026
662	33150	1.17929e-026
663	33200	1.17929e-026
664	33250	1.17175e-026
665	33300	1.17175e-026
666	33350	1.17175e-026
667	33400	1.05892e-026
668	33450	1.05892e-026
669	33500	1.05892e-026
670	33550	1.05892e-026
671	33600	1.05892e-026
672	33650	1.05892e-026
673	33700	1.05892e-026
674	33750	4.38053e-027
675	33800	4.38053e-027
676	33850	4.38053e-027
677	33900	4.38053e-027
678	33950	4.38053e-027
679	34000	2.98963e-027
680	34050	2.84388e-027
681	34100	2.84388e-027
682	34150	2.84388e-027
683	34200	2.84388e-027
684	34250	2.84388e-027
685	34300	2.82759e-027
686	34350	2.82759e-027
687	34400	2.6988e-027
688	34450	2.6988e-027
689	34500	2.6988e-027
690	34550	2.48439e-027
691	34600	2.48439e-027
692	34650	2.37544e-027
693	34700	1.00122e-027
694	34750	1.00122e-027
695	34800	1.00122e-027
696	34850	1.00122e-027
697	34900	6.28437e-028
698	34950	6.28437e-028
699	35000	6.28437e-028
700	35050	6.03603e-028
701	35100	6.03603e-028
702	35150	6.03603e-028
703	35200	6.03603e-028
704	35250	4.9933e-028
705	35300	4.9933e-028
706	35350	3.73188e-028
707	35400	3.73188e-028
708	35450	3.73188e-028
709	35500	3.73188e-028
710	35550	3.73188e-028
711	35600	3.73188e-028
712	35650	1.80224e-028
713	35700	1.80224e-028
714	35750	1.80224e-028
715	35800	1.80224e-028
716	35850	1.80224e-028
717	35900	1.46143e-028
718	35950	1.01079e-028
719	36000	1.01079e-028
720	36050	1.01079e-028
721	36100	1.01079e-028
722	36150	8.60429e-029
723	36200	8.60429e-029
724	36250	8.60429e-029
725	36300	8.60429e-029
726	36350	7.18863e-029
727	36400	7.18863e-029
728	36450	7.18863e-029
729	36500	7.18863e-029
730	36550	7.18863e-029
731	36600	7.12789e-029
732	36650	2.79966e-029
733	36700	2.79966e-029
734	36750	2.79966e-029
735	36800	2.16856e-029
736	36850	2.16856e-029
737	36900	2.16856e-029
738	36950	1.6452e-029
739	37000	1.6452e-029
740	37050	1.6452e-029
741	37100	1.6452e-029
742	37150	1.6452e-029
743	37200	1.6452e-029
744	37250	1.6452e-029
745	37300	1.27627e-029
746	37350	1.27627e-029
747	37400	1.27627e-029
748	37450	9.98694e-030
749	37500	9.9103e-030
750	37550	4.05303e-030
751	37600	4.05303e-030
752	37650	3.99919e-030
753	37700	3.99919e-030
754	37750	3.93407e-030
755	37800	3.93407e-030
756	37850	3.93407e-030
757	37900	3.93407e-030
758	37950	3.93407e-030
759	38000	3.93407e-030
760	38050	3.93407e-030
761	38100	2.18965e-030
762	38150	2.18965e-030
763	38200	2.03693e-030
764	38250	2.03693e-030
765	38300	2.03693e-030
766	38350	2.03693e-030
767	38400	1.88602e-030
768	38450	1.88602e-030
769	38500	1.82506e-030
770	38550	1.82506e-030
771	38600	1.53698e-030
772	38650	1.53698e-030
773	38700	1.53698e-030
774	38750	1.42694e-030
775	38800	1.18385e-030
776	38850	7.59633e-031
777	38900	7.59633e-031
778	38950	7.59633e-031
779	39000	4.31076e-031
780	39050	4.31076e-031
781	39100	4.31076e-031
782	39150	3.44922e-031
783	39200	3.41717e-031
784	39250	3.41717e-031
785	39300	3.41717e-031
786	39350	2.5441e-031
787	39400	2.35057e-031
788	39450	2.35057e-031
789	39500	2.35057e-031
790	39550	2.35057e-031
791	39600	2.1717e-031
792	39650	2.0802e-031
793	39700	1.80869e-031
794	39750	1.52444e-031
795	39800	1.52444e-031
796	39850	1.52444e-031
797	39900	1.25153e-031
798	39950	1.06267e-031
799	40000	9.46101e-032
800	40050	2.84409e-032
801	40100	2.84409e-032
802	40150	2.84409e-032
803	40200	2.84409e-032
804	40250	2.84409e-032
805	40300	2.84409e-032
806	40350	2.84409e-032
807	40400	2.84409e-032
808	40450	2.84409e-032
809	40500	2.01299e-032
810	40550	2.01299e-032
811	40600	2.01299e-032
812	40650	2.01299e-032
813	40700	2.01299e-032
814	40750	1.97891e-032
815	40800	1.97891e-032
816	40850	1.95506e-032
817	40900	1.90637e-032
818	40950	1.90637e-032
819	41000	1.23818e-032
820	41050	9.4957e-033
821	41100	9.4957e-033
822	41150	9.07859e-033
823	41200	7.17123e-033
824	41250	7.17123e-033
825	41300	5.59586e-033
826	41350	5.4218e-033
827	41400	5.4218e-033
828	41450	5.4218e-033
829	41500	2.81118e-033
830	41550	2.81118e-033
831	41600	2.81118e-033
832	41650	2.81118e-033
833	41700	2.81118e-033
834	41750	2.81118e-033
835	41800	2.24579e-033
836	41850	2.24579e-033
837	41900	2.24579e-033
838	41950	2.14925e-033
839	42000	2.14925e-033
840	42050	2.14925e-033
841	42100	2.14925e-033
842	42150	2.14925e-033
843	42200	1.943e-033
844	42250	7.58679e-034
845	42300	7.58679e-034
846	42350	7.58679e-034
847	42400	7.40485e-034
848	42450	7.40485e-034
849	42500	6.36841e-034
850	42550	6.36841e-034
851	42600	6.36841e-034
852	42650	6.36841e-034
853	42700	4.43031e-034
854	42750	4.43031e-034
855	42800	3.83844e-034
856	42850	3.83844e-034
857	42900	2.00659e-034
858	42950	1.69849e-034
859	43000	1.69849e-034
860	43050	1.69849e-034
861	43100	1.64287e-034
862	43150	1.64287e-034
863	43200	1.46066e-034
864	43250	1.31102e-034
865	43300	1.31102e-034
866	43350	1.0779e-034
867	43400	1.0779e-034
868	43450	1.06014e-034
869	43500	1.06014e-034
870	43550	1.06014e-034
871	43600	1.06014e-034
872	43650	9.87024e-035
873	43700	9.87024e-035
874	43750	6.54607e-035
875	43800	6.54607e-035
876	43850	6.54607e-035
877	43900	5.37852e-035
878	43950	5.14475e-035
879	44000	4.29894e-035
880	44050	4.29894e-035
881	44100	1.53697e-035
882	44150	1.53697e-035
883	44200	1.53697e-035
884	44250	1.53697e-035
885	44300	1.53697e-035
886	44350	1.53697e-035
887	44400	1.39788e-035
888	44450	1.39788e-035
889	44500	1.39788e-035
890	44550	1.39788e-035
891	44600	1.39788e-035
892	44650	1.39788e-035
893	44700	1.06848e-035
894	44750	1.06848e-035
895	44800	1.06848e-035
896	44850	9.68706e-036
897	44900	3.80287e-036
898	44950	3.80287e-036
899	45000	3.80287e-036
900	45050	3.80287e-036
901	45100	3.80287e-036
902	45150	3.80287e-036
903	45200	3.80287e-036
904	45250	3.80287e-036
905	45300	3.80287e-036
906	45350	3.80287e-036
907	45400	3.80287e-036
908	45450	3.80287e-036
909	45500	3.80287e-036
910	45550	3.11152e-036
911	45600	1.68611e-036
912	45650	1.68611e-036
913	45700	1.68611e-036
914	45750	1.47299e-036
915	45800	1.47299e-036
916	45850	1.47299e-036
917	45900	1.3424e-036
918	45950	1.03122e-036
919	46000	1.03122e-036
920	46050	9.89791e-037
921	46100	9.13866e-037
922	46150	9.13866e-037
923	46200	8.28953e-037
924	46250	7.1781e-037
925	46300	6.94159e-037
926	46350	6.76212e-037
927	46400	6.75367e-037
928	46450	3.671e-037
929	46500	3.671e-037
930	46550	3.53894e-037
931	46600	3.3242e-037
932	46650	1.86433e-037
933	46700	1.70008e-037
934	46750	1.20855e-037
935	46800	5.19463e-038
936	46850	5.19463e-038
937	46900	5.19463e-038
938	46950	5.19463e-038
939	47000	5.19463e-038
940	47050	4.64977e-038
941	47100	4.64977e-038
942	47150	4.64977e-038
943	47200	4.64977e-038
944	47250	4.64977e-038
945	47300	4.64977e-038
946	47350	4.64977e-038
947	47400	4.64977e-038
948	47450	4.64977e-038
949	47500	3.83912e-038
950	47550	3.83912e-038
951	47600	3.83912e-038
952	47650	3.83912e-038
953	47700	3.83912e-038
954	47750	3.83912e-038
955	47800	2.91794e-038
956	47850	2.51135e-038
957	47900	2.51135e-038
958	47950	2.51135e-038
959	48000	2.12976e-038
960	48050	1.99327e-038
961	48100	1.99327e-038
962	48150	1.68505e-038
963	48200	1.33071e-038
964	48250	1.14639e-038
965	48300	8.7775e-039
966	48350	7.9628e-039
967	48400	7.40212e-039
968	48450	7.40212e-039
969	48500	6.83328e-039
970	48550	6.67834e-039
971	48600	6.67834e-039
972	48650	4.58585e-039
973	48700	3.86952e-039
974	48750	3.86952e-039
975	48800	3.65284e-039
976	48850	3.65284e-039
977	48900	3.65284e-039
978	48950	3.65284e-039
979	49000	3.04035e-039
980	49050	2.93065e-039
981	49100	2.31787e-039
982	49150	2.31787e-039
983	49200	1.7685e-039
984	49250	1.73954e-039
985	49300	1.64623e-039
986	49350	1.64623e-039
987	49400	1.54819e-039
988	49450	1.54819e-039
989	49500	1.54819e-039
990	49550	1.22317e-039
991	49600	9.32935e-040
992	49650	9.32935e-040
993	49700	8.96016e-040
994	49750	8.23632e-040
995	49800	8.23632e-040
996	49850	8.03473e-040
997	49900	5.33413e-040
998	49950	5.33413e-040
999	50000	5.33091e-040
1000	50050	4.91266e-040
1001	50100	4.40372e-040
1002	50150	2.87407e-040
1003	50200	2.87407e-040
1004	50250	2.38827e-040
1005	50300	2.06491e-040
1006	50350	1.98307e-040
1007	50400	1.98307e-040
1008	50450	1.98307e-040
1009	50500	1.6874e-040
1010	50550	1.44916e-040
1011	50600	1.44916e-040
1012	50650	1.44916e-040
1013	50700	1.01508e-040
1014	50750	1.01508e-040
1015	50800	1.01508e-040
1016	50850	9.73771e-041
1017	50900	9.73771e-041
1018	50950	6.01176e-041
1019	51000	5.22954e-041
1020	51050	5.22954e-041
1021	51100	5.22954e-041
1022	51150	1.31812e-041
1023	51200	1.31812e-041
1024	51250	1.31812e-041
1025	51300	1.31812e-041
1026	51350	1.31812e-041
1027	51400	1.31812e-041
1028	51450	1.31812e-041
1029	51500	1.31812e-041
1030	51550	1.31812e-041
1031	51600	1.31812e-041
1032	51650	1.31812e-041
1033	51700	1.31812e-041
1034	51750	1.03308e-041
1035	51800	1.03308e-041
1036	51850	1.03308e-041
1037	51900	9.94637e-042
1038	51950	9.94637e-042
1039	52000	9.94637e-042
1040	52050	8.10384e-042
1041	52100	8.10384e-042
1042	52150	8.10384e-042
1043	52200	8.10384e-042
1044	52250	6.39415e-042
1045	52300	6.39415e-042
1046	52350	6.39415e-042
1047	52400	3.07184e-042
1048	52450	3.07184e-042
1049	52500	3.07184e-042
1050	52550	2.70714e-042
1051	52600	2.70714e-042
1052	52650	2.70714e-042
1053	52700	1.8266e-042
1054	52750	1.8266e-042
1055	52800	1.8266e-042
1056	52850	1.8266e-042
1057	52900	1.8266e-042
1058	52950	1.8266e-042
1059	53000	1.72142e-042
1060	53050	1.39861e-042
1061	53100	1.39861e-042
1062	53150	1.07909e-042
1063	53200	1.07909e-042
1064	53250	1.07909e-042
1065	53300	8.90777e-043
1066	53350	8.90777e-043
1067	53400	7.55562e-043
1068	53450	6.61711e-043
1069	53500	6.07061e-043
1070	53550	4.78357e-043
1071	53600	4.78357e-043
1072	53650	4.78357e-043
1073	53700	4.78357e-043
1074	53750	4.78357e-043
1075	53800	4.78357e-043
1076	53850	4.78357e-043
1077	53900	3.05285e-043
1078	53950	2.97801e-043
1079	54000	2.97801e-043
1080	54050	2.97801e-043
1081	54100	2.97801e-043
1082	54150	1.58921e-043
1083	54200	1.58921e-043
1084	54250	1.58921e-043
1085	54300	1.58921e-043
1086	54350	1.58921e-043
1087	54400	1.58921e-043
1088	54450	1.53923e-043
1089	54500	1.46841e-043
1090	54550	7.35734e-044
1091	54600	7.35734e-044
1092	54650	7.35734e-044
1093	54700	7.35734e-044
1094	54750	7.35734e-044
1095	54800	7.01592e-044
1096	54850	6.72166e-044
1097	54900	6.33181e-044
1098	54950	6.00145e-044
1099	55000	5.90223e-044
1100	55050	4.82423e-044
1101	55100	4.82423e-044
1102	55150	2.6483e-044
1103	55200	2.64391e-044
1104	55250	1.98767e-044
1105	55300	1.98767e-044
1106	55350	1.98767e-044
1107	55400	1.84339e-044
1108	55450	1.48962e-044
1109	55500	1.48962e-044
1110	55550	1.48962e-044
1111	55600	1.24727e-044
1112	55650	1.24727e-044
1113	55700	1.01095e-044
1114	55750	1.01095e-044
1115	55800	1.01095e-044
1116	55850	1.01095e-044
1117	55900	1.00859e-044
1118	55950	2.72226e-045
1119	56000	2.72226e-045
1120	56050	2.72226e-045
1121	56100	2.72226e-045
1122	56150	2.72226e-045
1123	56200	2.72226e-045
1124	56250	2.69629e-045
1125	56300	2.69629e-045
1126	56350	2.69629e-045
1127	56400	2.69629e-045
1128	56450	2.69629e-045
1129	56500	2.69629e-045
1130	56550	2.35152e-045
1131	56600	2.35152e-045
1132	56650	1.48343e-045
1133	56700	1.48343e-045
1134	56750	1.48343e-045
1135	56800	1.48343e-045
1136	56850	1.47775e-045
1137	56900	8.73524e-046
1138	56950	8.73524e-046
1139	57000	8.41526e-046
1140	57050	6.06857e-046
1141	57100	5.57811e-046
1142	57150	5.57811e-046
1143	57200	5.57811e-046
1144	57250	5.57811e-046
1145	57300	5.57811e-046
1146	57350	5.57811e-046
1147	57400	5.57811e-046
1148	57450	5.57811e-046
1149	57500	5.57811e-046
1150	57550	4.19268e-046
1151	57600	4.19268e-046
1152	57650	3.53437e-046
1153	57700	2.62494e-046
1154	57750	2.62494e-046
1155	57800	2.62494e-046
1156	57850	1.23158e-046
1157	57900	1.23158e-046
1158	57950	7.37908e-047
1159	58000	7.37908e-047
1160	58050	7.37908e-047
1161	58100	7.37908e-047
1162	58150	5.48698e-047
1163	58200	5.48698e-047
1164	58250	5.48698e-047
1165	58300	5.4763e-047
1166	58350	5.4763e-047
1167	58400	5.4763e-047
1168	58450	5.4763e-047
1169	58500	5.4763e-047
1170	58550	4.5241e-047
1171	58600	4.5241e-047
1172	58650	4.5241e-047
1173	58700	4.5241e-047
1174	58750	4.07069e-047
1175	58800	4.07069e-047
1176	58850	4.07069e-047
1177	58900	4.07069e-047
1178	58950	1.93982e-047
1179	59000	1.93769e-047
1180	59050	1.93769e-047
1181	59100	1.67119e-047
1182	59150	1.64502e-047
1183	59200	1.55917e-047
1184	59250	1.32755e-047
1185	59300	1.32755e-047
1186	59350	6.86908e-048
1187	59400	6.86908e-048
1188	59450	6.86908e-048
1189	59500	6.86908e-048
1190	59550	6.86908e-048
1191	59600	6.86908e-048
1192	59650	6.83136e-048
1193	59700	5.98246e-048
1194	59750	4.6303e-048
1195	59800	4.22424e-048
1196	59850	3.98199e-048
1197	59900	2.96026e-048
1198	59950	2.60465e-048
1199	60000	2.60465e-048
1200	60050	2.60465e-048
1201	60100	2.55701e-048
1202	60150	2.37714e-048
1203	60200	2.37714e-048
1204	60250	2.11952e-048
1205	60300	2.11952e-048
1206	60350	1.16522e-048
1207	60400	1.16522e-048
1208	60450	6.91836e-049
1209	60500	6.91836e-049
1210	60550	6.91836e-049
1211	60600	6.48958e-049
1212	60650	6.48958e-049
1213	60700	6.48958e-049
1214	60750	6.48958e-049
1215	60800	6.48958e-049
1216	60850	6.48958e-049
1217	60900	6.48958e-049
1218	60950	4.04643e-049
1219	61000	2.90002e-049
1220	61050	2.90002e-049
1221	61100	2.90002e-049
1222	61150	2.90002e-049
1223	61200	2.90002e-049
1224	61250	2.90002e-049
1225	61300	2.81765e-049
1226	61350	2.81765e-049
1227	61400	2.15913e-049
1228	61450	2.15913e-049
1229	61500	2.15913e-049
1230	61550	2.15913e-049
1231	61600	9.1739e-050
1232	61650	9.1739e-050
1233	61700	9.1739e-050
1234	61750	9.1739e-050
1235	61800	9.1739e-050
1236	61850	9.1739e-050
1237	61900	9.1739e-050
1238	61950	9.1739e-050
1239	62000	9.14104e-050
1240	62050	7.33445e-050
1241	62100	5.4054e-050
1242	62150	3.7033e-050
1243	62200	3.31174e-050
1244	62250	2.49072e-050
1245	62300	2.49072e-050
1246	62350	2.21816e-050
1247	62400	2.15542e-050
1248	62450	2.15542e-050
1249	62500	1.66393e-050
1250	62550	1.66393e-050
1251	62600	1.54501e-050
1252	62650	1.54501e-050
1253	62700	1.16971e-050
1254	62750	9.32044e-051
1255	62800	9.32044e-051
1256	62850	9.32044e-051
1257	62900	9.32044e-051
1258	62950	9.32044e-051
1259	63000	9.32044e-051
1260	63050	8.19837e-051
1261	63100	6.4021e-051
1262	63150	6.4021e-051
1263	63200	6.4021e-051
1264	63250	4.15564e-051
1265	63300	4.15564e-051
1266	63350	4.15564e-051
1267	63400	3.51823e-051
1268	63450	3.51823e-051
1269	63500	3.51823e-051
1270	63550	2.22246e-051
1271	63600	2.22246e-051
1272	63650	1.39775e-051
1273	63700	1.39775e-051
1274	63750	1.39775e-051
1275	63800	1.39775e-051
1276	63850	8.60395e-052
1277	63900	8.60395e-052
1278	63950	8.60395e-052
1279	64000	7.90472e-052
1280	64050	4.70389e-052
1281	64100	4.67436e-052
1282	64150	4.20253e-052
1283	64200	4.20253e-052
1284	64250	4.20253e-052
1285	64300	3.6144e-052
1286	64350	3.6144e-052
1287	64400	3.6144e-052
1288	64450	2.53462e-052
1289	64500	2.53462e-052
1290	64550	2.53462e-052
1291	64600	2.53462e-052
1292	64650	2.53462e-052
1293	64700	2.53462e-052
1294	64750	2.30297e-052
1295	64800	1.69595e-052
1296	64850	1.69595e-052
1297	64900	1.69595e-052
1298	64950	1.69595e-052
1299	65000	1.69595e-052
1300	65050	1.25315e-052
1301	65100	1.25315e-052
1302	65150	1.25315e-052
1303	65200	1.25315e-052
1304	65250	1.25315e-052
1305	65300	1.25315e-052
1306	65350	1.25315e-052
1307	65400	6.18122e-053
1308	65450	6.18122e-053
1309	65500	4.84506e-053
1310	65550	4.25635e-053
1311	65600	4.25635e-053
1312	65650	4.25635e-053
1313	65700	4.25635e-053
1314	65750	4.25635e-053
1315	65800	4.25635e-053
1316	65850	4.11129e-053
1317	65900	3.37595e-053
1318	65950	3.37595e-053
1319	66000	3.37595e-053
1320	66050	3.37595e-053
1321	66100	3.35972e-053
1322	66150	3.35972e-053
1323	66200	2.8593e-053
1324	66250	2.8593e-053
1325	66300	2.8593e-053
1326	66350	2.46727e-053
1327	66400	2.46727e-053
1328	66450	2.01833e-053
1329	66500	1.44879e-053
1330	66550	1.28665e-053
1331	66600	1.28665e-053
1332	66650	1.28665e-053
1333	66700	1.28665e-053
1334	66750	8.76152e-054
1335	66800	8.76152e-054
1336	66850	7.70168e-054
1337	66900	7.70168e-054
1338	66950	7.70168e-054
1339	67000	5.82286e-054
1340	67050	5.82286e-054
1341	67100	5.32421e-054
1342	67150	4.50904e-054
1343	67200	4.33144e-054
1344	67250	4.33144e-054
1345	67300	3.3838e-054
1346	67350	3.08092e-054
1347	67400	2.53741e-054
1348	67450	2.0611e-054
1349	67500	1.9606e-054
1350	67550	1.58531e-054
1351	67600	8.26083e-055
1352	67650	8.26083e-055
1353	67700	6.35868e-055
1354	67750	6.35868e-055
1355	67800	6.35868e-055
1356	67850	6.35868e-055
1357	67900	4.55991e-055
1358	67950	4.45463e-055
1359	68000	4.12217e-055
1360	68050	4.12217e-055
1361	68100	4.12217e-055
1362	68150	2.87415e-055
1363	68200	2.39512e-055
1364	68250	2.39512e-055
1365	68300	2.39512e-055
1366	68350	2.39512e-055
1367	68400	2.39512e-055
1368	68450	2.39512e-055
1369	68500	2.27879e-055
1370	68550	2.27879e-055
1371	68600	1.71512e-055
1372	68650	1.71512e-055
1373	68700	1.71512e-055
1374	68750	1.70832e-055
1375	68800	1.08963e-055
1376	68850	1.05573e-055
1377	68900	1.05573e-055
1378	68950	8.22679e-056
1379	69000	8.22679e-056
1380	69050	8.22679e-056
1381	69100	8.02489e-056
1382	69150	7.78996e-056
1383	69200	7.3186e-056
1384	69250	5.79314e-056
1385	69300	5.62913e-056
1386	69350	5.01404e-056
1387	69400	3.72657e-056
1388	69450	3.72657e-056
1389	69500	3.72657e-056
1390	69550	3.14096e-056
1391	69600	2.29035e-056
1392	69650	1.30349e-056
1393	69700	1.30349e-056
1394	69750	1.24832e-056
1395	69800	1.24832e-056
1396	69850	1.24832e-056
1397	69900	1.24832e-056
1398	69950	1.24832e-056
1399	70000	1.10879e-056
1400	70050	9.27777e-057
1401	70100	7.27506e-057
1402	70150	7.27506e-057
1403	70200	6.14571e-057
1404	70250	5.09038e-057
1405	70300	5.09038e-057
1406	70350	4.31361e-057
1407	70400	4.31361e-057
1408	70450	4.31361e-057
1409	70500	4.27993e-057
1410	70550	4.27993e-057
1411	70600	2.95337e-057
1412	70650	2.95337e-057
1413	70700	2.76739e-057
1414	70750	2.75632e-057
1415	70800	2.63104e-057
1416	70850	2.55318e-057
1417	70900	2.03462e-057
1418	70950	1.9046e-057
1419	71000	1.89348e-057
1420	71050	1.89348e-057
1421	71100	1.31241e-057
1422	71150	1.31241e-057
1423	71200	9.17368e-058
1424	71250	9.17368e-058
1425	71300	9.1315e-058
1426	71350	9.1315e-058
1427	71400	9.1315e-058
1428	71450	9.1315e-058
1429	71500	9.1315e-058
1430	71550	8.06225e-058
1431	71600	8.06225e-058
1432	71650	8.06225e-058
1433	71700	8.06225e-058
1434	71750	8.06225e-058
1435	71800	4.33414e-058
1436	71850	4.33414e-058
1437	71900	4.33414e-058
1438	71950	3.35546e-058
1439	72000	3.35546e-058
1440	72050	3.29561e-058
1441	72100	3.29561e-058
1442	72150	2.60957e-058
1443	72200	2.60957e-058
1444	72250	2.60957e-058
1445	72300	2.60957e-058
1446	72350	1.61085e-058
1447	72400	1.61085e-058
1448	72450	1.61085e-058
1449	72500	1.61085e-058
1450	72550	1.29238e-058
1451	72600	1.29238e-058
1452	72650	1.29238e-058
1453	72700	9.0662e-059
1454	72750	3.0279e-059
1455	72800	3.0279e-059
1456	72850	2.71174e-059
1457	72900	2.71174e-059
1458	72950	2.71174e-059
1459	73000	2.71174e-059
1460	73050	2.71174e-059
1461	73100	2.71174e-059
1462	73150	2.71174e-059
1463	73200	2.61103e-059
1464	73250	1.49217e-059
1465	73300	1.49217e-059
1466	73350	1.49217e-059
1467	73400	1.49217e-059
1468	73450	1.49217e-059
1469	73500	1.49217e-059
1470	73550	1.11754e-059
1471	73600	1.11754e-059
1472	73650	1.10116e-059
1473	73700	1.05719e-059
1474	73750	5.82044e-060
1475	73800	5.82044e-060
1476	73850	5.82044e-060
1477	73900	5.82044e-060
1478	73950	5.61222e-060
1479	74000	4.00334e-060
1480	74050	4.00334e-060
1481	74100	4.00334e-060
1482	74150	4.00334e-060
1483	74200	4.00334e-060
1484	74250	4.00334e-060
1485	74300	4.00334e-060
1486	74350	3.78876e-060
1487	74400	3.38894e-060
1488	74450	2.47604e-060
1489	74500	2.31778e-060
1490	74550	1.54613e-060
1491	74600	1.54613e-060
1492	74650	1.38759e-060
1493	74700	1.38759e-060
1494	74750	1.38759e-060
1495	74800	1.35469e-060
1496	74850	1.35469e-060
1497	74900	7.99643e-061
1498	74950	7.99643e-061
1499	75000	7.99643e-061
1500	75050	7.31936e-061
1501	75100	5.49444e-061
1502	75150	5.49444e-061
1503	75200	4.95896e-061
1504	75250	4.95896e-061
1505	75300	4.95896e-061
1506	75350	4.95896e-061
1507	75400	3.35505e-061
1508	75450	3.35505e-061
1509	75500	3.35505e-061
1510	75550	3.35505e-061
1511	75600	3.35505e-061
1512	75650	2.70477e-061
1513	75700	1.1195e-061
1514	75750	1.0354e-061
1515	75800	1.0354e-061
1516	75850	1.0354e-061
1517	75900	1.0354e-061
1518	75950	1.0354e-061
1519	76000	1.0354e-061
1520	76050	1.0354e-061
1521	76100	1.0354e-061
1522	76150	5.21364e-062
1523	76200	5.21364e-062
1524	76250	5.15665e-062
1525	76300	3.05583e-062
1526	76350	3.05583e-062
1527	76400	3.05583e-062
1528	76450	3.05583e-062
1529	76500	3.05583e-062
1530	76550	3.05583e-062
1531	76600	3.05583e-062
1532	76650	2.62074e-062
1533	76700	2.62074e-062
1534	76750	1.49465e-062
1535	76800	1.49465e-062
1536	76850	1.49465e-062
1537	76900	1.49465e-062
1538	76950	1.49375e-062
1539	77000	9.7931e-063
1540	77050	9.7931e-063
1541	77100	9.7931e-063
1542	77150	9.7931e-063
1543	77200	9.7931e-063
1544	77250	9.7931e-063
1545	77300	9.7931e-063
1546	77350	9.7931e-063
1547	77400	7.93876e-063
1548	77450	7.77259e-063
1549	77500	7.77259e-063
1550	77550	7.77259e-063
1551	77600	7.77259e-063
1552	77650	4.16214e-063
1553	77700	4.16214e-063
1554	77750	4.16214e-063
1555	77800	4.16214e-063
1556	77850	4.16214e-063
1557	77900	4.1537e-063
1558	77950	4.1537e-063
1559	78000	3.37647e-063
1560	78050	3.37647e-063
1561	78100	3.37647e-063
1562	78150	2.99668e-063
1563	78200	2.59062e-063
1564	78250	2.59062e-063
1565	78300	2.30871e-063
1566	78350	2.26629e-063
1567	78400	7.82986e-064
1568	78450	7.82986e-064
1569	78500	7.82986e-064
1570	78550	7.82986e-064
1571	78600	4.95555e-064
1572	78650	4.95555e-064
1573	78700	4.95555e-064
1574	78750	4.41688e-064
1575	78800	4.41688e-064
1576	78850	4.41688e-064
1577	78900	4.41688e-064
1578	78950	4.41688e-064
1579	79000	4.41688e-064
1580	79050	4.41688e-064
1581	79100	2.27259e-064
1582	79150	2.27259e-064
1583	79200	1.97008e-064
1584	79250	1.47258e-064
1585	79300	1.47258e-064
1586	79350	1.47258e-064
1587	79400	1.47258e-064
1588	79450	1.47258e-064
1589	79500	1.47258e-064
1590	79550	1.39326e-064
1591	79600	1.39326e-064
1592	79650	1.39326e-064
1593	79700	9.72013e-065
1594	79750	9.72013e-065
1595	79800	9.72013e-065
1596	79850	9.72013e-065
1597	79900	8.12864e-065
1598	79950	8.12864e-065
1599	80000	8.12864e-065
1600	80050	7.27866e-065
1601	80100	4.93729e-065
1602	80150	4.93729e-065
1603	80200	4.25436e-065
1604	80250	3.77633e-065
1605	80300	3.05507e-065
1606	80350	2.66979e-065
1607	80400	2.65408e-065
1608	80450	2.43624e-065
1609	80500	1.9274e-065
1610	80550	1.52666e-065
1611	80600	1.52666e-065
1612	80650	1.52666e-065
1613	80700	1.52666e-065
1614	80750	1.11811e-065
1615	80800	1.11811e-065
1616	80850	1.09565e-065
1617	80900	1.09565e-065
1618	80950	1.02902e-065
1619	81000	7.13816e-066
1620	81050	6.22213e-066
1621	81100	6.22213e-066
1622	81150	5.83439e-066
1623	81200	5.12174e-066
1624	81250	5.12174e-066
1625	81300	5.12174e-066
1626	81350	5.12174e-066
1627	81400	5.12174e-066
1628	81450	4.70521e-066
1629	81500	3.25408e-066
1630	81550	3.25408e-066
1631	81600	3.2319e-066
1632	81650	2.80482e-066
1633	81700	2.28501e-066
1634	81750	2.28501e-066
1635	81800	1.69347e-066
1636	81850	1.61425e-066
1637	81900	1.08291e-066
1638	81950	1.08291e-066
1639	82000	6.37176e-067
1640	82050	6.37176e-067
1641	82100	6.35378e-067
1642	82150	6.35378e-067
1643	82200	5.13733e-067
1644	82250	5.13733e-067
1645	82300	5.13733e-067
1646	82350	5.13733e-067
1647	82400	1.94408e-067
1648	82450	1.94408e-067
1649	82500	1.94408e-067
1650	82550	1.94408e-067
1651	82600	1.94408e-067
1652	82650	1.94408e-067
1653	82700	1.94408e-067
1654	82750	1.94408e-067
1655	82800	1.70134e-067
1656	82850	1.70134e-067
1657	82900	1.70134e-067
1658	82950	1.70134e-067
1659	83000	1.70134e-067
1660	83050	1.70134e-067
1661	83100	1.56879e-067
1662	83150	1.53789e-067
1663	83200	1.34362e-067
1664	83250	5.58636e-068
1665	83300	5.58636e-068
1666	83350	5.58636e-068
1667	83400	5.58636e-068
1668	83450	5.58636e-068
1669	83500	4.85108e-068
1670	83550	4.7966e-068
1671	83600	4.65138e-068
1672	83650	4.65138e-068
1673	83700	3.79573e-068
1674	83750	3.79573e-068
1675	83800	3.66151e-068
1676	83850	1.31706e-068
1677	83900	1.31706e-068
1678	83950	1.31706e-068
1679	84000	1.31706e-068
1680	84050	1.31706e-068
1681	84100	1.31706e-068
1682	84150	1.31706e-068
1683	84200	1.31706e-068
1684	84250	1.31706e-068
1685	84300	1.31706e-068
1686	84350	1.31706e-068
1687	84400	1.00917e-068
1688	84450	8.75167e-069
1689	84500	8.75167e-069
1690	84550	8.2595e-069
1691	84600	6.55176e-069
1692	84650	6.55176e-069
1693	84700	6.45091e-069
1694	84750	5.41491e-069
1695	84800	4.95063e-069
1696	84850	4.9418e-069
1697	84900	2.37648e-069
1698	84950	1.83741e-069
1699	85000	1.83741e-069
1700	85050	1.83741e-069
1701	85100	1.83741e-069
1702	85150	1.7788e-069
1703	85200	1.7788e-069
1704	85250	1.7788e-069
1705	85300	1.7788e-069
1706	85350	1.7788e-069
1707	85400	1.15042e-069
1708	85450	1.15042e-069
1709	85500	1.15042e-069
1710	85550	1.07564e-069
1711	85600	9.80328e-070
1712	85650	6.20137e-070
1713	85700	6.20137e-070
1714	85750	6.0158e-070
1715	85800	6.0158e-070
1716	85850	6.0158e-070
1717	85900	6.0158e-070
1718	85950	5.5609e-070
1719	86000	5.42585e-070
1720	86050	5.42585e-070
1721	86100	5.30544e-070
1722	86150	5.30544e-070
1723	86200	4.13636e-070
1724	86250	3.64838e-070
1725	86300	3.64838e-070
1726	86350	2.06514e-070
1727	86400	1.45026e-070
1728	86450	1.35522e-070
1729	86500	1.35522e-070
1730	86550	1.35522e-070
1731	86600	1.35522e-070
1732	86650	1.35522e-070
1733	86700	8.64289e-071
1734	86750	8.64289e-071
1735	86800	8.64289e-071
1736	86850	6.06217e-071
1737	86900	6.06217e-071
1738	86950	3.37932e-071
1739	87000	3.37932e-071
1740	87050	3.3138e-071
1741	87100	3.3138e-071
1742	87150	3.3138e-071
1743	87200	3.22576e-071
1744	87250	3.22576e-071
1745	87300	3.22576e-071
1746	87350	3.22576e-071
1747	87400	2.74895e-071
1748	87450	2.02493e-071
1749	87500	2.02493e-071
1750	87550	1.90207e-071
1751	87600	1.90207e-071
1752	87650	1.90207e-071
1753	87700	1.90207e-071
1754	87750	1.90207e-071
1755	87800	1.4117e-071
1756	87850	1.4117e-071
1757	87900	1.1049e-071
1758	87950	1.1049e-071
1759	88000	1.1049e-071
1760	88050	1.08296e-071
1761	88100	1.08296e-071
1762	88150	1.0509e-071
1763	88200	7.56122e-072
1764	88250	6.46795e-072
1765	88300	6.46795e-072
1766	88350	6.46795e-072
1767	88400	6.46795e-072
1768	88450	6.46795e-072
1769	88500	6.0301e-072
1770	88550	2.99344e-072
1771	88600	1.42681e-072
1772	88650	1.25484e-072
1773	88700	1.25484e-072
1774	88750	1.14799e-072
1775	88800	1.14799e-072
1776	88850	1.14799e-072
1777	88900	1.14799e-072
1778	88950	9.84863e-073
1779	89000	9.04144e-073
1780	89050	9.04144e-073
1781	89100	9.04144e-073
1782	89150	8.4716e-073
1783	89200	8.4716e-073
1784	89250	8.26958e-073
1785	89300	7.50133e-073
1786	89350	7.50133e-073
1787	89400	7.50133e-073
1788	89450	7.50133e-073
1789	89500	7.04637e-073
1790	89550	7.04637e-073
1791	89600	3.23814e-073
1792	89650	3.23814e-073
1793	89700	3.23814e-073
1794	89750	3.23814e-073
1795	89800	3.20073e-073
1796	89850	3.16032e-073
1797	89900	2.40244e-073
1798	89950	2.11568e-073
1799	90000	2.11568e-073
1800	90050	1.66743e-073
1801	90100	1.64479e-073
1802	90150	1.64479e-073
1803	90200	1.04354e-073
1804	90250	9.69339e-074
1805	90300	9.69339e-074
1806	90350	9.69339e-074
1807	90400	9.69339e-074
1808	90450	8.48005e-074
1809	90500	8.48005e-074
1810	90550	8.48005e-074
1811	90600	8.34477e-074
1812	90650	6.03791e-074
1813	90700	6.03791e-074
1814	90750	6.03791e-074
1815	90800	4.80936e-074
1816	90850	4.80936e-074
1817	90900	4.80936e-074
1818	90950	4.80936e-074
1819	91000	3.69852e-074
1820	91050	3.69852e-074
1821	91100	3.36481e-074
1822	91150	3.36481e-074
1823	91200	2.58577e-074
1824	91250	2.58577e-074
1825	91300	2.27358e-074
1826	91350	2.23218e-074
1827	91400	1.05714e-074
1828	91450	1.05714e-074
1829	91500	1.05714e-074
1830	91550	1.05714e-074
1831	91600	1.05714e-074
1832	91650	1.05714e-074
1833	91700	1.05714e-074
1834	91750	1.03233e-074
1835	91800	8.89959e-075
1836	91850	8.62468e-075
1837	91900	8.62468e-075
1838	91950	8.62468e-075
1839	92000	8.00816e-075
1840	92050	7.91395e-075
1841	92100	7.91395e-075
1842	92150	7.19666e-075
1843	92200	7.19666e-075
1844	92250	7.19666e-075
1845	92300	7.19666e-075
1846	92350	7.19666e-075
1847	92400	6.955e-075
1848	92450	3.45176e-075
1849	92500	3.45176e-075
1850	92550	3.34362e-075
1851	92600	3.25947e-075
1852	92650	2.90829e-075
1853	92700	2.90829e-075
1854	92750	2.90829e-075
1855	92800	2.05966e-075
1856	92850	2.05966e-075
1857	92900	1.82512e-075
1858	92950	1.55268e-075
1859	93000	1.55268e-075
1860	93050	1.46656e-075
1861	93100	6.98328e-076
1862	93150	6.63057e-076
1863	93200	6.63057e-076
1864	93250	6.63057e-076
1865	93300	6.63057e-076
1866	93350	5.03135e-076
1867	93400	3.75931e-076
1868	93450	3.75931e-076
1869	93500	3.75931e-076
1870	93550	3.75931e-076
1871	93600	3.42022e-076
1872	93650	3.42022e-076
1873	93700	3.42022e-076
1874	93750	3.42022e-076
1875	93800	2.64326e-076
1876	93850	1.79962e-076
1877	93900	1.79962e-076
1878	93950	1.69387e-076
1879	94000	1.52665e-076
1880	94050	1.52665e-076
1881	94100	1.46367e-076
1882	94150	1.42293e-076
1883	94200	1.4077e-076
1884	94250	1.26712e-076
1885	94300	1.24541e-076
1886	94350	5.15471e-077
1887	94400	2.72204e-077
1888	94450	2.72204e-077
1889	94500	2.72204e-077
1890	94550	2.51707e-077
1891	94600	2.51707e-077
1892	94650	2.51707e-077
1893	94700	2.09118e-077
1894	94750	2.09118e-077
1895	94800	2.09118e-077
1896	94850	1.60563e-077
1897	94900	1.47265e-077
1898	94950	1.41539e-077
1899	95000	1.39628e-077
1900	95050	1.39628e-077
1901	95100	1.31645e-077
1902	95150	1.31645e-077
1903	95200	1.31645e-077
1904	95250	1.31645e-077
1905	95300	1.2953e-077
1906	95350	1.15462e-077
1907	95400	9.28614e-078
1908	95450	8.29558e-078
1909	95500	7.89173e-078
1910	95550	3.6229e-078
1911	95600	3.6229e-078
1912	95650	3.62126e-078
1913	95700	3.62126e-078
1914	95750	3.62126e-078
1915	95800	3.50026e-078
1916	95850	3.33028e-078
1917	95900	3.33028e-078
1918	95950	3.33028e-078
1919	96000	3.33028e-078
1920	96050	3.12885e-078
1921	96100	3.12885e-078
1922	96150	2.17097e-078
1923	96200	2.17097e-078
1924	96250	2.17097e-078
1925	96300	2.14754e-078
1926	96350	2.14754e-078
1927	96400	2.10477e-078
1928	96450	2.10477e-078
1929	96500	1.78354e-078
1930	96550	1.43129e-078
1931	96600	1.02042e-078
1932	96650	1.02042e-078
1933	96700	1.02042e-078
1934	96750	1.02042e-078
1935	96800	1.01612e-078
1936	96850	9.7425e-079
1937	96900	6.86007e-079
1938	96950	5.41289e-079
1939	97000	5.41289e-079
1940	97050	5.41289e-079
1941	97100	5.41289e-079
1942	97150	4.5487e-079
1943	97200	4.5487e-079
1944	97250	4.5487e-079
1945	97300	3.91965e-079
1946	97350	3.27816e-079
1947	97400	3.21082e-079
1948	97450	2.09058e-079
1949	97500	2.09058e-079
1950	97550	2.09058e-079
1951	97600	2.09058e-079
1952	97650	1.61419e-079
1953	97700	1.61419e-079
1954	97750	7.96025e-080
1955	97800	7.96025e-080
1956	97850	7.96025e-080
1957	97900	7.96025e-080
1958	97950	7.96025e-080
1959	98000	7.96025e-080
1960	98050	7.96025e-080
1961	98100	7.96025e-080
1962	98150	7.96025e-080
1963	98200	7.8161e-080
1964	98250	4.07777e-080
1965	98300	4.07777e-080
1966	98350	3.39465e-080
1967	98400	3.39465e-080
1968	98450	3.39465e-080
1969	98500	3.39465e-080
1970	98550	2.14073e-080
1971	98600	2.14073e-080
1972	98650	2.14073e-080
1973	98700	2.14073e-080
1974	98750	1.68266e-080
1975	98800	1.68266e-080
1976	98850	1.68266e-080
1977	98900	1.29018e-080
1978	98950	1.29018e-080
1979	99000	8.94563e-081
1980	99050	8.94563e-081
1981	99100	8.94563e-081
1982	99150	7.55055e-081
1983	99200	7.55055e-081
1984	99250	7.55055e-081
1985	99300	7.55055e-081
1986	99350	7.55055e-081
1987	99400	7.55055e-081
1988	99450	7.49464e-081
1989	99500	2.36771e-081
1990	99550	2.36771e-081
1991	99600	2.36771e-081
1992	99650	2.14264e-081
1993	99700	2.14264e-081
1994	99750	2.14264e-081
1995	99800	2.14264e-081
1996	99850	1.70828e-081
1997	99900	1.70828e-081
1998	99950	1.70828e-081
1999	100000	1.70828e-081
2000	100050	1.41996e-081
