1	100	348.434
2	150	348.434
3	200	276.835
4	250	276.835
5	300	276.835
6	350	246.583
7	400	246.583
8	450	246.583
9	500	228.109
10	550	228.109
11	600	171.789
12	650	168.649
13	700	168.649
14	750	168.649
15	800	149.506
16	850	149.506
17	900	149.506
18	950	123.852
19	1000	109.481
20	1050	90.3444
21	1100	90.3444
22	1150	90.3444
23	1200	53.6399
24	1250	49.6298
25	1300	49.6298
26	1350	21.1161
27	1400	21.1161
28	1450	21.1161
29	1500	21.1161
30	1550	21.1161
31	1600	19.898
32	1650	19.898
33	1700	19.898
34	1750	19.898
35	1800	19.898
36	1850	19.898
37	1900	18.8453
38	1950	14.6436
39	2000	14.6436
40	2050	8.28545
41	2100	8.28545
42	2150	8.28545
43	2200	7.96951
44	2250	7.25246
45	2300	6.1813
46	2350	4.58559
47	2400	4.58559
48	2450	4.54779
49	2500	4.54779
50	2550	4.54779
51	2600	4.54779
52	2650	4.54779
53	2700	4.54779
54	2750	4.10113
55	2800	4.10113
56	2850	4.03794
57	2900	3.63126
58	2950	3.12843
59	3000	2.60493
60	3050	1.69693
61	3100	1.69693
62	3150	1.69693
63	3200	1.69693
64	3250	1.37558
65	3300	1.29325
66	3350	0.83449
67	3400	0.795421
68	3450	0.649169
69	3500	0.649169
70	3550	0.649169
71	3600	0.649169
72	3650	0.486256
73	3700	0.486256
74	3750	0.358108
75	3800	0.358108
76	3850	0.358108
77	3900	0.222754
78	3950	0.222754
79	4000	0.222754
80	4050	0.222754
81	4100	0.222754
82	4150	0.222754
83	4200	0.151276
84	4250	0.151276
85	4300	0.144751
86	4350	0.144751
87	4400	0.144751
88	4450	0.144751
89	4500	0.144751
90	4550	0.123497
91	4600	0.118086
92	4650	0.0750105
93	4700	0.0750105
94	4750	0.0750105
95	4800	0.0750105
96	4850	0.0750105
97	4900	0.0650937
98	4950	0.050125
99	5000	0.050125
100	5050	0.0446344
101	5100	0.0446344
102	5150	0.0214929
103	5200	0.0214929
104	5250	0.0214929
105	5300	0.0214929
106	5350	0.0189483
107	5400	0.010309
108	5450	0.00900412
109	5500	0.00900412
110	5550	0.00900412
111	5600	0.0081624
112	5650	0.0081624
113	5700	0.0081624
114	5750	0.00788953
115	5800	0.00758468
116	5850	0.00758468
117	5900	0.00758468
118	5950	0.00608997
119	6000	0.00608997
120	6050	0.00608997
121	6100	0.00250935
122	6150	0.0014128
123	6200	0.0014128
124	6250	0.0014128
125	6300	0.00138643
126	6350	0.00138643
127	6400	0.00135417
128	6450	0.00135417
129	6500	0.00135417
130	6550	0.00135417
131	6600	0.00135417
132	6650	0.00135417
133	6700	0.00105013
134	6750	0.00105013
135	6800	0.00105013
136	6850	0.00105013
137	6900	0.000776816
138	6950	0.000776816
139	7000	0.00060913
140	7050	0.000590712
141	7100	0.000583287
142	7150	0.000583287
143	7200	0.000583287
144	7250	0.000583025
145	7300	0.000299762
146	7350	0.000299762
147	7400	0.000287059
148	7450	0.000287059
149	7500	0.000287059
150	7550	0.000267721
151	7600	0.000267721
152	7650	0.000250603
153	7700	0.000250603
154	7750	0.000250603
155	7800	0.000248019
156	7850	0.000238565
157	7900	0.000238565
158	7950	0.000238565
159	8000	0.000101833
160	8050	0.000101833
161	8100	9.5553e-005
162	8150	7.85645e-005
163	8200	7.85645e-005
164	8250	7.85645e-005
165	8300	7.85645e-005
166	8350	7.85645e-005
167	8400	2.92483e-005
168	8450	2.92483e-005
169	8500	2.92483e-005
170	8550	2.92483e-005
171	8600	2.92483e-005
172	8650	2.92483e-005
173	8700	2.92483e-005
174	8750	2.92483e-005
175	8800	2.39897e-005
176	8850	2.17515e-005
177	8900	2.17515e-005
178	8950	1.04689e-005
179	9000	1.04689e-005
180	9050	1.04689e-005
181	9100	1.04689e-005
182	9150	1.04689e-005
183	9200	1.04689e-005
184	9250	1.04689e-005
185	9300	1.04074e-005
186	9350	9.81018e-006
187	9400	7.2374e-006
188	9450	5.17212e-006
189	9500	5.17212e-006
190	9550	5.17212e-006
191	9600	4.51531e-006
192	9650	3.06559e-006
193	9700	3.06559e-006
194	9750	3.06559e-006
195	9800	3.06559e-006
196	9850	3.06559e-006
197	9900	3.06559e-006
198	9950	3.06559e-006
199	10000	3.06559e-006
200	10050	2.96369e-006
201	10100	1.63448e-006
202	10150	1.63448e-006
203	10200	1.63448e-006
204	10250	1.52324e-006
205	10300	1.52324e-006
206	10350	1.52324e-006
207	10400	1.52324e-006
208	10450	1.19781e-006
209	10500	1.19781e-006
210	10550	1.19781e-006
211	10600	1.03766e-006
212	10650	1.03766e-006
213	10700	1.03766e-006
214	10750	1.03766e-006
215	10800	3.90607e-007
216	10850	3.90607e-007
217	10900	3.90607e-007
218	10950	3.90607e-007
219	11000	2.70035e-007
220	11050	2.70035e-007
221	11100	2.70035e-007
222	11150	2.70035e-007
223	11200	2.70035e-007
224	11250	2.70035e-007
225	11300	6.2809e-008
226	11350	6.2809e-008
227	11400	6.2809e-008
228	11450	6.2809e-008
229	11500	6.2809e-008
230	11550	6.2809e-008
231	11600	6.2809e-008
232	11650	6.2809e-008
233	11700	6.2809e-008
234	11750	6.2809e-008
235	11800	6.2809e-008
236	11850	6.2809e-008
237	11900	6.2809e-008
238	11950	6.2809e-008
239	12000	6.2809e-008
240	12050	2.76097e-008
241	12100	2.76097e-008
242	12150	2.76097e-008
243	12200	2.76097e-008
244	12250	2.76097e-008
245	12300	2.74933e-008
246	12350	2.17327e-008
247	12400	2.17327e-008
248	12450	2.17327e-008
249	12500	2.17327e-008
250	12550	2.09015e-008
251	12600	1.47439e-008
252	12650	8.23334e-009
253	12700	8.23334e-009
254	12750	8.23334e-009
255	12800	8.23334e-009
256	12850	8.23334e-009
257	12900	8.23334e-009
258	12950	8.23334e-009
259	13000	7.85213e-009
260	13050	7.85213e-009
261	13100	4.62694e-009
262	13150	4.62694e-009
263	13200	4.15379e-009
264	13250	4.15379e-009
265	13300	4.15379e-009
266	13350	3.32833e-009
267	13400	1.98366e-009
268	13450	1.98366e-009
269	13500	1.98366e-009
270	13550	1.98366e-009
271	13600	1.98366e-009
272	13650	1.98366e-009
273	13700	1.94973e-009
274	13750	1.80482e-009
275	13800	1.80482e-009
276	13850	1.26473e-009
277	13900	1.26473e-009
278	13950	1.25788e-009
279	14000	1.14118e-009
280	14050	6.98789e-010
281	14100	6.98789e-010
282	14150	6.98789e-010
283	14200	6.98789e-010
284	14250	6.98789e-010
285	14300	4.17947e-010
286	14350	1.50053e-010
287	14400	1.50053e-010
288	14450	1.50053e-010
289	14500	1.50053e-010
290	14550	1.50053e-010
291	14600	1.50053e-010
292	14650	1.50053e-010
293	14700	1.50053e-010
294	14750	1.50053e-010
295	14800	1.50053e-010
296	14850	1.50053e-010
297	14900	1.50053e-010
298	14950	1.1923e-010
299	15000	1.1923e-010
300	15050	1.1923e-010
301	15100	1.1923e-010
302	15150	1.1923e-010
303	15200	8.50843e-011
304	15250	8.21283e-011
305	15300	4.19537e-011
306	15350	4.19537e-011
307	15400	3.68656e-011
308	15450	3.68656e-011
309	15500	2.34222e-011
310	15550	2.14229e-011
311	15600	2.14229e-011
312	15650	2.14229e-011
313	15700	2.12955e-011
314	15750	2.12955e-011
315	15800	2.12955e-011
316	15850	2.12955e-011
317	15900	2.12955e-011
318	15950	2.12955e-011
319	16000	2.12955e-011
320	16050	2.12955e-011
321	16100	1.87456e-011
322	16150	1.20066e-011
323	16200	1.20066e-011
324	16250	1.20066e-011
325	16300	1.17598e-011
326	16350	1.12449e-011
327	16400	1.12449e-011
328	16450	1.10334e-011
329	16500	1.00843e-011
330	16550	8.09917e-012
331	16600	5.60596e-012
332	16650	4.80454e-012
333	16700	4.27135e-012
334	16750	3.22241e-012
335	16800	3.22241e-012
336	16850	3.22241e-012
337	16900	2.89698e-012
338	16950	2.79359e-012
339	17000	2.79359e-012
340	17050	2.79359e-012
341	17100	2.79359e-012
342	17150	2.62512e-012
343	17200	1.75647e-012
344	17250	1.75647e-012
345	17300	1.75647e-012
346	17350	1.4319e-012
347	17400	1.4319e-012
348	17450	9.70337e-013
349	17500	9.70337e-013
350	17550	9.70337e-013
351	17600	9.70337e-013
352	17650	4.37377e-013
353	17700	4.37377e-013
354	17750	4.37377e-013
355	17800	4.37377e-013
356	17850	4.29841e-013
357	17900	4.29841e-013
358	17950	2.93979e-013
359	18000	2.93979e-013
360	18050	1.94503e-013
361	18100	1.94503e-013
362	18150	1.94503e-013
363	18200	1.11736e-013
364	18250	1.11736e-013
365	18300	1.11736e-013
366	18350	1.11736e-013
367	18400	7.10828e-014
368	18450	7.10828e-014
369	18500	7.10828e-014
370	18550	5.76713e-014
371	18600	5.76713e-014
372	18650	5.76713e-014
373	18700	5.76713e-014
374	18750	5.76713e-014
375	18800	5.76713e-014
376	18850	5.23515e-014
377	18900	5.23515e-014
378	18950	5.23515e-014
379	19000	2.9809e-014
380	19050	2.9809e-014
381	19100	2.9809e-014
382	19150	2.9809e-014
383	19200	2.34194e-014
384	19250	2.34194e-014
385	19300	2.34194e-014
386	19350	2.34194e-014
387	19400	2.34194e-014
388	19450	2.34194e-014
389	19500	1.6487e-014
390	19550	1.20515e-014
391	19600	1.17333e-014
392	19650	1.17333e-014
393	19700	5.79008e-015
394	19750	5.79008e-015
395	19800	5.79008e-015
396	19850	5.79008e-015
397	19900	4.59619e-015
398	19950	4.49674e-015
399	20000	4.39163e-015
400	20050	4.39163e-015
401	20100	4.39163e-015
402	20150	4.39163e-015
403	20200	3.76806e-015
404	20250	3.76806e-015
405	20300	3.76806e-015
406	20350	3.76806e-015
407	20400	3.55073e-015
408	20450	3.55073e-015
409	20500	2.74717e-015
410	20550	2.57937e-015
411	20600	2.57937e-015
412	20650	2.22804e-015
413	20700	2.22804e-015
414	20750	2.22804e-015
415	20800	2.22804e-015
416	20850	1.14791e-015
417	20900	7.76053e-016
418	20950	7.76053e-016
419	21000	7.76053e-016
420	21050	7.76053e-016
421	21100	7.76053e-016
422	21150	7.76053e-016
423	21200	7.17686e-016
424	21250	4.83132e-016
425	21300	4.01271e-016
426	21350	4.01271e-016
427	21400	2.49388e-016
428	21450	2.4492e-016
429	21500	2.4492e-016
430	21550	2.2538e-016
431	21600	2.2538e-016
432	21650	1.68317e-016
433	21700	1.68317e-016
434	21750	1.37887e-016
435	21800	1.37887e-016
436	21850	1.37887e-016
437	21900	1.24e-016
438	21950	1.24e-016
439	22000	1.24e-016
440	22050	1.24e-016
441	22100	9.85458e-017
442	22150	4.02345e-017
443	22200	4.02345e-017
444	22250	4.02345e-017
445	22300	3.35832e-017
446	22350	3.35832e-017
447	22400	3.24431e-017
448	22450	3.24431e-017
449	22500	3.24431e-017
450	22550	2.65809e-017
451	22600	2.65809e-017
452	22650	2.65809e-017
453	22700	2.26246e-017
454	22750	2.26246e-017
455	22800	2.1592e-017
456	22850	1.9671e-017
457	22900	1.9671e-017
458	22950	1.67437e-017
459	23000	1.67437e-017
460	23050	1.55769e-017
461	23100	1.55769e-017
462	23150	1.53147e-017
463	23200	8.21089e-018
464	23250	8.21089e-018
465	23300	8.21089e-018
466	23350	8.21089e-018
467	23400	8.21089e-018
468	23450	8.21089e-018
469	23500	7.31875e-018
470	23550	6.97086e-018
471	23600	3.85595e-018
472	23650	3.85595e-018
473	23700	3.58217e-018
474	23750	3.26129e-018
475	23800	3.26129e-018
476	23850	3.15012e-018
477	23900	2.42281e-018
478	23950	2.42281e-018
479	24000	1.46314e-018
480	24050	1.46314e-018
481	24100	1.44027e-018
482	24150	1.34157e-018
483	24200	1.25324e-018
484	24250	1.25324e-018
485	24300	1.25324e-018
486	24350	1.14702e-018
487	24400	7.1374e-019
488	24450	7.1374e-019
489	24500	6.81563e-019
490	24550	6.81563e-019
491	24600	6.81563e-019
492	24650	6.09838e-019
493	24700	6.09838e-019
494	24750	6.08932e-019
495	24800	6.08932e-019
496	24850	6.08932e-019
497	24900	6.08932e-019
498	24950	4.20264e-019
499	25000	3.3366e-019
500	25050	3.3366e-019
501	25100	3.3366e-019
502	25150	3.07519e-019
503	25200	3.07519e-019
504	25250	3.07519e-019
505	25300	2.32768e-019
506	25350	2.32162e-019
507	25400	2.32162e-019
508	25450	2.31237e-019
509	25500	1.96375e-019
510	25550	1.96375e-019
511	25600	1.52489e-019
512	25650	1.46961e-019
513	25700	1.46961e-019
514	25750	1.20909e-019
515	25800	1.20909e-019
516	25850	1.20909e-019
517	25900	1.0559e-019
518	25950	2.59521e-020
519	26000	2.59521e-020
520	26050	2.59521e-020
521	26100	2.59521e-020
522	26150	2.59521e-020
523	26200	1.91233e-020
524	26250	1.32693e-020
525	26300	1.32693e-020
526	26350	1.32693e-020
527	26400	1.32693e-020
528	26450	1.32693e-020
529	26500	1.32693e-020
530	26550	1.32693e-020
531	26600	1.32693e-020
532	26650	9.69481e-021
533	26700	9.69481e-021
534	26750	9.69481e-021
535	26800	9.65475e-021
536	26850	9.65475e-021
537	26900	9.65475e-021
538	26950	9.65475e-021
539	27000	8.47791e-021
540	27050	8.47791e-021
541	27100	8.47791e-021
542	27150	8.47791e-021
543	27200	2.50191e-021
544	27250	2.50191e-021
545	27300	2.50191e-021
546	27350	2.21573e-021
547	27400	2.21573e-021
548	27450	2.21573e-021
549	27500	2.21573e-021
550	27550	2.21573e-021
551	27600	2.21573e-021
552	27650	2.21573e-021
553	27700	1.90257e-021
554	27750	1.90257e-021
555	27800	1.6239e-021
556	27850	1.6239e-021
557	27900	1.6239e-021
558	27950	1.6239e-021
559	28000	1.6239e-021
560	28050	1.6239e-021
561	28100	1.03272e-021
562	28150	1.03272e-021
563	28200	1.03272e-021
564	28250	1.03272e-021
565	28300	1.03104e-021
566	28350	7.63257e-022
567	28400	7.63257e-022
568	28450	7.63257e-022
569	28500	4.09554e-022
570	28550	4.09554e-022
571	28600	3.08006e-022
572	28650	3.08006e-022
573	28700	3.05705e-022
574	28750	1.97554e-022
575	28800	1.97554e-022
576	28850	1.97554e-022
577	28900	1.97554e-022
578	28950	1.97554e-022
579	29000	1.97554e-022
580	29050	1.75566e-022
581	29100	1.75566e-022
582	29150	1.7119e-022
583	29200	1.7119e-022
584	29250	1.53047e-022
585	29300	1.35292e-022
586	29350	8.92845e-023
587	29400	7.95951e-023
588	29450	7.95951e-023
589	29500	7.95951e-023
590	29550	7.95951e-023
591	29600	7.95951e-023
592	29650	4.82804e-023
593	29700	4.82804e-023
594	29750	4.82804e-023
595	29800	4.82804e-023
596	29850	4.82804e-023
597	29900	4.09905e-023
598	29950	2.57934e-023
599	30000	2.22699e-023
600	30050	2.22699e-023
601	30100	2.08216e-023
602	30150	2.08216e-023
603	30200	1.90648e-023
604	30250	9.17944e-024
605	30300	5.30399e-024
606	30350	2.83622e-024
607	30400	2.83622e-024
608	30450	2.83622e-024
609	30500	2.83622e-024
610	30550	2.83622e-024
611	30600	2.83622e-024
612	30650	2.83622e-024
613	30700	2.83622e-024
614	30750	2.83622e-024
615	30800	2.83622e-024
616	30850	1.96266e-024
617	30900	1.96266e-024
618	30950	1.96266e-024
619	31000	1.96266e-024
620	31050	1.96266e-024
621	31100	1.96266e-024
622	31150	1.96266e-024
623	31200	1.96266e-024
624	31250	1.96266e-024
625	31300	1.90558e-024
626	31350	1.90558e-024
627	31400	1.005e-024
628	31450	1.005e-024
629	31500	1.005e-024
630	31550	1.005e-024
631	31600	1.005e-024
632	31650	1.005e-024
633	31700	1.005e-024
634	31750	9.47592e-025
635	31800	9.47592e-025
636	31850	9.47592e-025
637	31900	8.59858e-025
638	31950	8.59858e-025
639	32000	8.59858e-025
640	32050	6.36265e-025
641	32100	6.36265e-025
642	32150	6.01487e-025
643	32200	6.01487e-025
644	32250	5.07705e-025
645	32300	5.07705e-025
646	32350	4.63014e-025
647	32400	4.63014e-025
648	32450	4.33413e-025
649	32500	1.50413e-025
650	32550	1.50413e-025
651	32600	1.50413e-025
652	32650	1.50413e-025
653	32700	1.50413e-025
654	32750	1.50413e-025
655	32800	1.50413e-025
656	32850	1.50413e-025
657	32900	1.37246e-025
658	32950	1.34614e-025
659	33000	1.05355e-025
660	33050	1.05355e-025
661	33100	1.05355e-025
662	33150	1.05355e-025
663	33200	6.51048e-026
664	33250	4.74923e-026
665	33300	4.74923e-026
666	33350	4.74923e-026
667	33400	4.74923e-026
668	33450	4.71337e-026
669	33500	4.71337e-026
670	33550	2.92736e-026
671	33600	1.1059e-026
672	33650	1.1059e-026
673	33700	1.1059e-026
674	33750	1.1059e-026
675	33800	1.1059e-026
676	33850	9.90025e-027
677	33900	9.90025e-027
678	33950	9.90025e-027
679	34000	9.90025e-027
680	34050	9.90025e-027
681	34100	6.10324e-027
682	34150	5.93467e-027
683	34200	5.29535e-027
684	34250	5.29535e-027
685	34300	2.69279e-027
686	34350	2.69279e-027
687	34400	2.69279e-027
688	34450	2.69279e-027
689	34500	2.69279e-027
690	34550	2.69279e-027
691	34600	2.69279e-027
692	34650	2.61717e-027
693	34700	2.61717e-027
694	34750	2.25585e-027
695	34800	2.21796e-027
696	34850	2.20701e-027
697	34900	8.43645e-028
698	34950	8.43645e-028
699	35000	8.43645e-028
700	35050	8.43645e-028
701	35100	8.43645e-028
702	35150	8.43645e-028
703	35200	8.43645e-028
704	35250	8.43645e-028
705	35300	8.43645e-028
706	35350	7.15533e-028
707	35400	7.15533e-028
708	35450	7.15533e-028
709	35500	7.15533e-028
710	35550	2.65618e-028
711	35600	2.65618e-028
712	35650	2.65618e-028
713	35700	2.65618e-028
714	35750	2.65618e-028
715	35800	2.52228e-028
716	35850	2.52228e-028
717	35900	2.52228e-028
718	35950	2.52228e-028
719	36000	2.52228e-028
720	36050	1.97777e-028
721	36100	1.48747e-028
722	36150	1.43219e-028
723	36200	1.43219e-028
724	36250	9.71977e-029
725	36300	9.71977e-029
726	36350	9.71977e-029
727	36400	9.04715e-029
728	36450	8.74173e-029
729	36500	8.74173e-029
730	36550	8.74173e-029
731	36600	6.72459e-029
732	36650	6.72459e-029
733	36700	5.97568e-029
734	36750	5.97568e-029
735	36800	3.37913e-029
736	36850	3.37913e-029
737	36900	3.13522e-029
738	36950	3.13522e-029
739	37000	3.13522e-029
740	37050	2.9322e-029
741	37100	2.56852e-029
742	37150	2.48957e-029
743	37200	2.40871e-029
744	37250	6.01175e-030
745	37300	6.01175e-030
746	37350	6.01175e-030
747	37400	6.01175e-030
748	37450	6.01175e-030
749	37500	5.67261e-030
750	37550	5.04163e-030
751	37600	5.04163e-030
752	37650	3.92117e-030
753	37700	3.92117e-030
754	37750	3.31432e-030
755	37800	3.31432e-030
756	37850	3.31432e-030
757	37900	3.31432e-030
758	37950	3.31432e-030
759	38000	3.03614e-030
760	38050	3.03614e-030
761	38100	3.03614e-030
762	38150	3.03614e-030
763	38200	1.73131e-030
764	38250	1.73131e-030
765	38300	1.73131e-030
766	38350	1.73131e-030
767	38400	1.59156e-030
768	38450	1.58466e-030
769	38500	1.1212e-030
770	38550	1.1212e-030
771	38600	7.7524e-031
772	38650	5.02419e-031
773	38700	5.02419e-031
774	38750	5.02419e-031
775	38800	5.02419e-031
776	38850	5.02419e-031
777	38900	5.02419e-031
778	38950	5.02419e-031
779	39000	5.02419e-031
780	39050	3.97847e-031
781	39100	3.97847e-031
782	39150	3.97847e-031
783	39200	3.97847e-031
784	39250	3.97847e-031
785	39300	3.97847e-031
786	39350	3.97847e-031
787	39400	3.14874e-031
788	39450	2.74824e-031
789	39500	2.52287e-031
790	39550	1.92667e-031
791	39600	1.92667e-031
792	39650	9.82066e-032
793	39700	9.68366e-032
794	39750	8.3544e-032
795	39800	8.3544e-032
796	39850	6.54745e-032
797	39900	6.54745e-032
798	39950	6.54745e-032
799	40000	6.47485e-032
800	40050	6.28222e-032
801	40100	6.28222e-032
802	40150	6.03358e-032
803	40200	6.03358e-032
804	40250	6.03358e-032
805	40300	2.86201e-032
806	40350	5.68378e-033
807	40400	5.68378e-033
808	40450	5.68378e-033
809	40500	5.68378e-033
810	40550	5.68378e-033
811	40600	5.68378e-033
812	40650	5.68378e-033
813	40700	5.5744e-033
814	40750	5.5744e-033
815	40800	5.5744e-033
816	40850	5.5744e-033
817	40900	5.5744e-033
818	40950	5.5744e-033
819	41000	5.5744e-033
820	41050	5.5744e-033
821	41100	4.43974e-033
822	41150	4.38702e-033
823	41200	4.38702e-033
824	41250	2.79623e-033
825	41300	2.79623e-033
826	41350	2.79623e-033
827	41400	2.79623e-033
828	41450	2.79623e-033
829	41500	2.5839e-033
830	41550	2.5839e-033
831	41600	2.31212e-033
832	41650	1.93382e-033
833	41700	1.93382e-033
834	41750	1.72455e-033
835	41800	1.72455e-033
836	41850	1.72455e-033
837	41900	1.72455e-033
838	41950	1.72455e-033
839	42000	1.32714e-033
840	42050	1.32714e-033
841	42100	1.32714e-033
842	42150	1.32714e-033
843	42200	1.18181e-033
844	42250	8.35473e-034
845	42300	5.83051e-034
846	42350	4.96436e-034
847	42400	4.96436e-034
848	42450	4.84824e-034
849	42500	4.84824e-034
850	42550	4.84824e-034
851	42600	2.54332e-034
852	42650	2.54332e-034
853	42700	2.54332e-034
854	42750	2.36447e-034
855	42800	2.36447e-034
856	42850	2.36447e-034
857	42900	2.34447e-034
858	42950	2.34447e-034
859	43000	2.34447e-034
860	43050	2.34447e-034
861	43100	2.18711e-034
862	43150	1.99115e-034
863	43200	1.03264e-034
864	43250	1.03264e-034
865	43300	1.03264e-034
866	43350	1.03264e-034
867	43400	1.03264e-034
868	43450	1.03264e-034
869	43500	7.1612e-035
870	43550	7.1612e-035
871	43600	7.01692e-035
872	43650	7.01692e-035
873	43700	7.01692e-035
874	43750	7.01692e-035
875	43800	2.38875e-035
876	43850	2.38875e-035
877	43900	1.5097e-035
878	43950	1.5097e-035
879	44000	1.5097e-035
880	44050	1.5097e-035
881	44100	1.5097e-035
882	44150	1.5097e-035
883	44200	1.5097e-035
884	44250	1.5097e-035
885	44300	1.50903e-035
886	44350	1.22136e-035
887	44400	1.22136e-035
888	44450	1.22136e-035
889	44500	1.22136e-035
890	44550	1.14987e-035
891	44600	1.14987e-035
892	44650	9.02826e-036
893	44700	8.76243e-036
894	44750	8.75029e-036
895	44800	5.36487e-036
896	44850	5.36487e-036
897	44900	4.89111e-036
898	44950	4.89111e-036
899	45000	4.89111e-036
900	45050	4.875e-036
901	45100	4.875e-036
902	45150	1.99177e-036
903	45200	1.99177e-036
904	45250	1.99177e-036
905	45300	1.99177e-036
906	45350	1.99177e-036
907	45400	1.85053e-036
908	45450	1.85053e-036
909	45500	1.85053e-036
910	45550	1.63279e-036
911	45600	1.63279e-036
912	45650	1.50759e-036
913	45700	1.50759e-036
914	45750	1.34824e-036
915	45800	9.79743e-037
916	45850	5.50438e-037
917	45900	3.59764e-037
918	45950	3.59764e-037
919	46000	3.59764e-037
920	46050	3.59764e-037
921	46100	3.15013e-037
922	46150	3.15013e-037
923	46200	2.43456e-037
924	46250	2.43456e-037
925	46300	2.43456e-037
926	46350	2.17079e-037
927	46400	1.94376e-037
928	46450	1.94376e-037
929	46500	1.69232e-037
930	46550	1.69232e-037
931	46600	1.69232e-037
932	46650	1.37326e-037
933	46700	1.37326e-037
934	46750	1.37326e-037
935	46800	1.37326e-037
936	46850	1.37326e-037
937	46900	1.37326e-037
938	46950	1.17817e-037
939	47000	7.05854e-038
940	47050	7.05854e-038
941	47100	7.05854e-038
942	47150	6.24335e-038
943	47200	6.24335e-038
944	47250	6.24335e-038
945	47300	4.99792e-038
946	47350	2.7538e-038
947	47400	2.7538e-038
948	47450	2.7538e-038
949	47500	2.7538e-038
950	47550	2.33542e-038
951	47600	1.24635e-038
952	47650	1.24635e-038
953	47700	1.24635e-038
954	47750	1.06624e-038
955	47800	1.06624e-038
956	47850	1.06624e-038
957	47900	1.06624e-038
958	47950	1.06624e-038
959	48000	1.06624e-038
960	48050	1.06624e-038
961	48100	1.06624e-038
962	48150	5.34943e-039
963	48200	5.34943e-039
964	48250	5.34943e-039
965	48300	5.34943e-039
966	48350	5.34943e-039
967	48400	5.34943e-039
968	48450	5.34943e-039
969	48500	5.34943e-039
970	48550	5.34943e-039
971	48600	5.34943e-039
972	48650	5.15559e-039
973	48700	5.15559e-039
974	48750	5.05019e-039
975	48800	3.30813e-039
976	48850	3.30813e-039
977	48900	3.30813e-039
978	48950	2.50194e-039
979	49000	1.90565e-039
980	49050	1.82475e-039
981	49100	1.37797e-039
982	49150	1.37797e-039
983	49200	1.28419e-039
984	49250	1.28419e-039
985	49300	9.67937e-040
986	49350	9.67937e-040
987	49400	7.31878e-040
988	49450	7.31878e-040
989	49500	7.31878e-040
990	49550	7.31878e-040
991	49600	7.31878e-040
992	49650	7.16939e-040
993	49700	7.16939e-040
994	49750	7.16939e-040
995	49800	5.48459e-040
996	49850	5.48459e-040
997	49900	3.19874e-040
998	49950	3.19874e-040
999	50000	2.63223e-040
1000	50050	2.27162e-040
1001	50100	2.08691e-040
1002	50150	2.08691e-040
1003	50200	1.51403e-040
1004	50250	1.51403e-040
1005	50300	1.02152e-040
1006	50350	1.02152e-040
1007	50400	1.02152e-040
1008	50450	1.02152e-040
1009	50500	8.76995e-041
1010	50550	8.76995e-041
1011	50600	8.76995e-041
1012	50650	8.76995e-041
1013	50700	8.76995e-041
1014	50750	8.76995e-041
1015	50800	3.60504e-041
1016	50850	3.60504e-041
1017	50900	3.60504e-041
1018	50950	3.42882e-041
1019	51000	3.42882e-041
1020	51050	3.42882e-041
1021	51100	3.42882e-041
1022	51150	2.93498e-041
1023	51200	2.22083e-041
1024	51250	2.22083e-041
1025	51300	1.50691e-041
1026	51350	1.25361e-041
1027	51400	9.26487e-042
1028	51450	9.26487e-042
1029	51500	9.26487e-042
1030	51550	9.26487e-042
1031	51600	8.63017e-042
1032	51650	8.63017e-042
1033	51700	8.63017e-042
1034	51750	8.63017e-042
1035	51800	8.63017e-042
1036	51850	8.63017e-042
1037	51900	8.33575e-042
1038	51950	8.33575e-042
1039	52000	8.33575e-042
1040	52050	8.18309e-042
1041	52100	4.7525e-042
1042	52150	3.14158e-042
1043	52200	3.14158e-042
1044	52250	2.27147e-042
1045	52300	2.21637e-042
1046	52350	2.21637e-042
1047	52400	2.21637e-042
1048	52450	2.21637e-042
1049	52500	2.21637e-042
1050	52550	2.21329e-042
1051	52600	1.689e-042
1052	52650	1.689e-042
1053	52700	1.689e-042
1054	52750	1.689e-042
1055	52800	1.689e-042
1056	52850	1.689e-042
1057	52900	1.08303e-042
1058	52950	9.78731e-043
1059	53000	9.44567e-043
1060	53050	9.44567e-043
1061	53100	8.82402e-043
1062	53150	8.82402e-043
1063	53200	8.82402e-043
1064	53250	5.99104e-043
1065	53300	5.99104e-043
1066	53350	5.99104e-043
1067	53400	3.20541e-043
1068	53450	3.20541e-043
1069	53500	2.66963e-043
1070	53550	2.66963e-043
1071	53600	2.66963e-043
1072	53650	2.56156e-043
1073	53700	2.56156e-043
1074	53750	2.56156e-043
1075	53800	2.52216e-043
1076	53850	2.43708e-043
1077	53900	1.14864e-043
1078	53950	1.14864e-043
1079	54000	1.14864e-043
1080	54050	1.14864e-043
1081	54100	1.10107e-043
1082	54150	1.10107e-043
1083	54200	1.10107e-043
1084	54250	9.88177e-044
1085	54300	9.13462e-044
1086	54350	9.13462e-044
1087	54400	8.89349e-044
1088	54450	7.85755e-044
1089	54500	4.64648e-044
1090	54550	4.64648e-044
1091	54600	4.64648e-044
1092	54650	4.64648e-044
1093	54700	4.64648e-044
1094	54750	4.64648e-044
1095	54800	4.3979e-044
1096	54850	4.3979e-044
1097	54900	3.17602e-044
1098	54950	3.17602e-044
1099	55000	3.17602e-044
1100	55050	3.11683e-044
1101	55100	1.72419e-044
1102	55150	1.72419e-044
1103	55200	1.72419e-044
1104	55250	1.72419e-044
1105	55300	1.11277e-044
1106	55350	1.11277e-044
1107	55400	1.11277e-044
1108	55450	1.11277e-044
1109	55500	1.11277e-044
1110	55550	1.11277e-044
1111	55600	1.11277e-044
1112	55650	1.02621e-044
1113	55700	9.92819e-045
1114	55750	6.92904e-045
1115	55800	6.24957e-045
1116	55850	5.66653e-045
1117	55900	4.91234e-045
1118	55950	4.89083e-045
1119	56000	4.08024e-045
1120	56050	4.08024e-045
1121	56100	4.08024e-045
1122	56150	3.66141e-045
1123	56200	2.7039e-045
1124	56250	2.7039e-045
1125	56300	2.7039e-045
1126	56350	1.38175e-045
1127	56400	8.60466e-046
1128	56450	8.60466e-046
1129	56500	8.60466e-046
1130	56550	8.60466e-046
1131	56600	8.60466e-046
1132	56650	8.60466e-046
1133	56700	8.60466e-046
1134	56750	7.50723e-046
1135	56800	7.50723e-046
1136	56850	7.50723e-046
1137	56900	7.50723e-046
1138	56950	7.50723e-046
1139	57000	7.0351e-046
1140	57050	6.66732e-046
1141	57100	6.66732e-046
1142	57150	6.53332e-046
1143	57200	5.56948e-046
1144	57250	5.56948e-046
1145	57300	5.56948e-046
1146	57350	5.56948e-046
1147	57400	2.73575e-046
1148	57450	2.73575e-046
1149	57500	2.73575e-046
1150	57550	2.73575e-046
1151	57600	2.73575e-046
1152	57650	2.09296e-046
1153	57700	1.99231e-046
1154	57750	1.86465e-046
1155	57800	1.25302e-046
1156	57850	1.25302e-046
1157	57900	1.18483e-046
1158	57950	1.18483e-046
1159	58000	1.18483e-046
1160	58050	8.73103e-047
1161	58100	8.04338e-047
1162	58150	8.04338e-047
1163	58200	4.17942e-047
1164	58250	4.17942e-047
1165	58300	4.17942e-047
1166	58350	4.17942e-047
1167	58400	4.17942e-047
1168	58450	4.17942e-047
1169	58500	4.01565e-047
1170	58550	1.44428e-047
1171	58600	1.44428e-047
1172	58650	1.44428e-047
1173	58700	1.44428e-047
1174	58750	1.44428e-047
1175	58800	1.41245e-047
1176	58850	1.41245e-047
1177	58900	1.03644e-047
1178	58950	1.03644e-047
1179	59000	1.03644e-047
1180	59050	9.82651e-048
1181	59100	9.82651e-048
1182	59150	9.5147e-048
1183	59200	9.05177e-048
1184	59250	6.62088e-048
1185	59300	6.62088e-048
1186	59350	6.61435e-048
1187	59400	6.61435e-048
1188	59450	6.06336e-048
1189	59500	6.06336e-048
1190	59550	6.06336e-048
1191	59600	4.68446e-048
1192	59650	3.44669e-048
1193	59700	3.44669e-048
1194	59750	3.00726e-048
1195	59800	3.00726e-048
1196	59850	3.00726e-048
1197	59900	2.57355e-048
1198	59950	2.57355e-048
1199	60000	1.68078e-048
1200	60050	1.25622e-048
1201	60100	1.10666e-048
1202	60150	1.10666e-048
1203	60200	7.28441e-049
1204	60250	7.28441e-049
1205	60300	7.28441e-049
1206	60350	7.28441e-049
1207	60400	7.28441e-049
1208	60450	6.60759e-049
1209	60500	6.60759e-049
1210	60550	6.60759e-049
1211	60600	6.60759e-049
1212	60650	6.3596e-049
1213	60700	6.3596e-049
1214	60750	6.3596e-049
1215	60800	4.64408e-049
1216	60850	4.64408e-049
1217	60900	3.60028e-049
1218	60950	3.60028e-049
1219	61000	3.60028e-049
1220	61050	2.86446e-049
1221	61100	2.85839e-049
1222	61150	2.43136e-049
1223	61200	2.43136e-049
1224	61250	2.43136e-049
1225	61300	2.43136e-049
1226	61350	2.35799e-049
1227	61400	1.14468e-049
1228	61450	1.14468e-049
1229	61500	1.13902e-049
1230	61550	1.11424e-049
1231	61600	8.91092e-050
1232	61650	8.91092e-050
1233	61700	8.91092e-050
1234	61750	8.78566e-050
1235	61800	8.78566e-050
1236	61850	5.18612e-050
1237	61900	5.18612e-050
1238	61950	3.43221e-050
1239	62000	2.63312e-050
1240	62050	2.63312e-050
1241	62100	2.63312e-050
1242	62150	2.63312e-050
1243	62200	1.49144e-050
1244	62250	1.49144e-050
1245	62300	1.49144e-050
1246	62350	1.49144e-050
1247	62400	1.49144e-050
1248	62450	1.49144e-050
1249	62500	1.41664e-050
1250	62550	1.41664e-050
1251	62600	1.41664e-050
1252	62650	1.41664e-050
1253	62700	1.41664e-050
1254	62750	1.41664e-050
1255	62800	8.77465e-051
1256	62850	6.40661e-051
1257	62900	4.48468e-051
1258	62950	4.48468e-051
1259	63000	4.05266e-051
1260	63050	4.05266e-051
1261	63100	3.95479e-051
1262	63150	3.95479e-051
1263	63200	3.95479e-051
1264	63250	2.71783e-051
1265	63300	2.71783e-051
1266	63350	2.71783e-051
1267	63400	2.22558e-051
1268	63450	2.03264e-051
1269	63500	2.03264e-051
1270	63550	1.51891e-051
1271	63600	1.42877e-051
1272	63650	1.42877e-051
1273	63700	1.42877e-051
1274	63750	1.42877e-051
1275	63800	1.00714e-051
1276	63850	1.00714e-051
1277	63900	7.89225e-052
1278	63950	7.89225e-052
1279	64000	7.89225e-052
1280	64050	7.89225e-052
1281	64100	7.14088e-052
1282	64150	7.14088e-052
1283	64200	7.14088e-052
1284	64250	5.62055e-052
1285	64300	5.62055e-052
1286	64350	5.62055e-052
1287	64400	2.72017e-052
1288	64450	2.72017e-052
1289	64500	2.29241e-052
1290	64550	1.99398e-052
1291	64600	1.98579e-052
1292	64650	1.98579e-052
1293	64700	8.60345e-053
1294	64750	8.60345e-053
1295	64800	8.60345e-053
1296	64850	8.60345e-053
1297	64900	8.60345e-053
1298	64950	8.04968e-053
1299	65000	8.04968e-053
1300	65050	7.35271e-053
1301	65100	7.35271e-053
1302	65150	7.35271e-053
1303	65200	7.35271e-053
1304	65250	7.35271e-053
1305	65300	2.68702e-053
1306	65350	2.60468e-053
1307	65400	2.60468e-053
1308	65450	2.60468e-053
1309	65500	2.60468e-053
1310	65550	2.60468e-053
1311	65600	2.60468e-053
1312	65650	2.60468e-053
1313	65700	2.60468e-053
1314	65750	2.26852e-053
1315	65800	2.26852e-053
1316	65850	1.79671e-053
1317	65900	1.79671e-053
1318	65950	1.79671e-053
1319	66000	9.84266e-054
1320	66050	9.84266e-054
1321	66100	9.59838e-054
1322	66150	9.59838e-054
1323	66200	9.59838e-054
1324	66250	9.59838e-054
1325	66300	6.43994e-054
1326	66350	6.43994e-054
1327	66400	5.54678e-054
1328	66450	5.54678e-054
1329	66500	5.48531e-054
1330	66550	4.41678e-054
1331	66600	3.763e-054
1332	66650	3.763e-054
1333	66700	3.763e-054
1334	66750	3.763e-054
1335	66800	2.62213e-054
1336	66850	1.37678e-054
1337	66900	1.37678e-054
1338	66950	1.03628e-054
1339	67000	9.01843e-055
1340	67050	9.01843e-055
1341	67100	9.01843e-055
1342	67150	9.01843e-055
1343	67200	9.01843e-055
1344	67250	8.67497e-055
1345	67300	8.67497e-055
1346	67350	8.67497e-055
1347	67400	7.68299e-055
1348	67450	7.68299e-055
1349	67500	7.68299e-055
1350	67550	7.68299e-055
1351	67600	6.78481e-055
1352	67650	1.99913e-055
1353	67700	1.99913e-055
1354	67750	1.63129e-055
1355	67800	1.63129e-055
1356	67850	1.63129e-055
1357	67900	1.63129e-055
1358	67950	1.63129e-055
1359	68000	1.63129e-055
1360	68050	1.3537e-055
1361	68100	1.3537e-055
1362	68150	1.3537e-055
1363	68200	1.3537e-055
1364	68250	1.3537e-055
1365	68300	1.35005e-055
1366	68350	1.35005e-055
1367	68400	1.19764e-055
1368	68450	1.19764e-055
1369	68500	9.00899e-056
1370	68550	9.00899e-056
1371	68600	9.00899e-056
1372	68650	8.96443e-056
1373	68700	8.77343e-056
1374	68750	8.77343e-056
1375	68800	8.77343e-056
1376	68850	8.77343e-056
1377	68900	5.11073e-056
1378	68950	5.11073e-056
1379	69000	5.11073e-056
1380	69050	5.11073e-056
1381	69100	4.94027e-056
1382	69150	3.53998e-056
1383	69200	3.53998e-056
1384	69250	3.47513e-056
1385	69300	2.63393e-056
1386	69350	2.33062e-056
1387	69400	2.33062e-056
1388	69450	2.33062e-056
1389	69500	1.27821e-056
1390	69550	1.27821e-056
1391	69600	1.27821e-056
1392	69650	1.27821e-056
1393	69700	1.20137e-056
1394	69750	1.13038e-056
1395	69800	1.13038e-056
1396	69850	1.13038e-056
1397	69900	1.0007e-056
1398	69950	8.53139e-057
1399	70000	8.47925e-057
1400	70050	8.47925e-057
1401	70100	7.60923e-057
1402	70150	7.60923e-057
1403	70200	5.65946e-057
1404	70250	4.5963e-057
1405	70300	4.5963e-057
1406	70350	4.5963e-057
1407	70400	4.5963e-057
1408	70450	3.87748e-057
1409	70500	3.66243e-057
1410	70550	3.66243e-057
1411	70600	3.52563e-057
1412	70650	3.23526e-057
1413	70700	1.6155e-057
1414	70750	1.44081e-057
1415	70800	1.44081e-057
1416	70850	1.44081e-057
1417	70900	1.31202e-057
1418	70950	7.91973e-058
1419	71000	7.91973e-058
1420	71050	7.91973e-058
1421	71100	6.52253e-058
1422	71150	6.52253e-058
1423	71200	6.52253e-058
1424	71250	6.52253e-058
1425	71300	6.52253e-058
1426	71350	4.7697e-058
1427	71400	4.7697e-058
1428	71450	4.7697e-058
1429	71500	4.63663e-058
1430	71550	4.32817e-058
1431	71600	4.32817e-058
1432	71650	3.10906e-058
1433	71700	3.10906e-058
1434	71750	3.10906e-058
1435	71800	3.10906e-058
1436	71850	3.10906e-058
1437	71900	1.89908e-058
1438	71950	1.89908e-058
1439	72000	1.89908e-058
1440	72050	1.89908e-058
1441	72100	1.8982e-058
1442	72150	1.8982e-058
1443	72200	1.65677e-058
1444	72250	1.50878e-058
1445	72300	1.50878e-058
1446	72350	1.50878e-058
1447	72400	1.50878e-058
1448	72450	8.61409e-059
1449	72500	8.61409e-059
1450	72550	8.61409e-059
1451	72600	6.57338e-059
1452	72650	2.88861e-059
1453	72700	2.88861e-059
1454	72750	2.83522e-059
1455	72800	2.83522e-059
1456	72850	2.83522e-059
1457	72900	2.83522e-059
1458	72950	2.83522e-059
1459	73000	2.83522e-059
1460	73050	2.83522e-059
1461	73100	2.83522e-059
1462	73150	1.89968e-059
1463	73200	1.83529e-059
1464	73250	1.83529e-059
1465	73300	1.83529e-059
1466	73350	5.35935e-060
1467	73400	5.35935e-060
1468	73450	4.68224e-060
1469	73500	4.68224e-060
1470	73550	4.68224e-060
1471	73600	4.68224e-060
1472	73650	4.68224e-060
1473	73700	4.68224e-060
1474	73750	4.68224e-060
1475	73800	4.68224e-060
1476	73850	4.68224e-060
1477	73900	4.68224e-060
1478	73950	3.26751e-060
1479	74000	2.93117e-060
1480	74050	2.93117e-060
1481	74100	2.93117e-060
1482	74150	2.93117e-060
1483	74200	1.67544e-060
1484	74250	1.67544e-060
1485	74300	1.67544e-060
1486	74350	1.65487e-060
1487	74400	1.65487e-060
1488	74450	1.65487e-060
1489	74500	1.54681e-060
1490	74550	1.51283e-060
1491	74600	1.49994e-060
1492	74650	1.49994e-060
1493	74700	1.34399e-060
1494	74750	1.34399e-060
1495	74800	1.34399e-060
1496	74850	1.28055e-060
1497	74900	1.28055e-060
1498	74950	6.81539e-061
1499	75000	6.81539e-061
1500	75050	4.72775e-061
1501	75100	4.72775e-061
1502	75150	4.4435e-061
1503	75200	4.02741e-061
1504	75250	4.02741e-061
1505	75300	4.02741e-061
1506	75350	4.02741e-061
1507	75400	3.66254e-061
1508	75450	2.24564e-061
1509	75500	1.91212e-061
1510	75550	1.91212e-061
1511	75600	1.68161e-061
1512	75650	1.36409e-061
1513	75700	1.33402e-061
1514	75750	1.33402e-061
1515	75800	1.00503e-061
1516	75850	9.97074e-062
1517	75900	9.97074e-062
1518	75950	9.97074e-062
1519	76000	9.97074e-062
1520	76050	7.98199e-062
1521	76100	7.98199e-062
1522	76150	7.98199e-062
1523	76200	7.98199e-062
1524	76250	6.10302e-062
1525	76300	6.10302e-062
1526	76350	6.10302e-062
1527	76400	4.05546e-062
1528	76450	3.31338e-062
1529	76500	3.31338e-062
1530	76550	3.31338e-062
1531	76600	3.31338e-062
1532	76650	3.31338e-062
1533	76700	3.31338e-062
1534	76750	3.102e-062
1535	76800	2.43934e-062
1536	76850	2.43934e-062
1537	76900	2.43934e-062
1538	76950	2.38619e-062
1539	77000	2.38566e-062
1540	77050	1.78493e-062
1541	77100	1.2232e-062
1542	77150	1.07475e-062
1543	77200	9.97574e-063
1544	77250	9.97574e-063
1545	77300	9.97574e-063
1546	77350	9.97574e-063
1547	77400	9.97574e-063
1548	77450	7.36527e-063
1549	77500	6.46856e-063
1550	77550	6.46856e-063
1551	77600	6.21878e-063
1552	77650	6.21878e-063
1553	77700	5.8296e-063
1554	77750	5.1138e-063
1555	77800	5.1138e-063
1556	77850	5.1138e-063
1557	77900	2.77162e-063
1558	77950	2.77162e-063
1559	78000	2.77162e-063
1560	78050	2.35305e-063
1561	78100	2.35305e-063
1562	78150	2.35305e-063
1563	78200	2.35305e-063
1564	78250	1.57376e-063
1565	78300	1.57376e-063
1566	78350	1.57376e-063
1567	78400	1.57376e-063
1568	78450	1.54388e-063
1569	78500	1.34769e-063
1570	78550	1.08944e-063
1571	78600	9.65416e-064
1572	78650	8.33352e-064
1573	78700	8.33352e-064
1574	78750	8.33352e-064
1575	78800	6.82588e-064
1576	78850	4.59558e-064
1577	78900	4.59558e-064
1578	78950	4.59558e-064
1579	79000	4.39691e-064
1580	79050	4.3283e-064
1581	79100	4.05348e-064
1582	79150	1.85786e-064
1583	79200	1.85786e-064
1584	79250	1.30953e-064
1585	79300	1.30953e-064
1586	79350	1.30953e-064
1587	79400	7.75271e-065
1588	79450	7.75271e-065
1589	79500	7.75271e-065
1590	79550	7.40471e-065
1591	79600	7.40471e-065
1592	79650	7.40471e-065
1593	79700	6.10052e-065
1594	79750	6.10052e-065
1595	79800	6.10052e-065
1596	79850	6.10052e-065
1597	79900	6.10052e-065
1598	79950	4.63752e-065
1599	80000	3.75725e-065
1600	80050	3.75725e-065
1601	80100	3.68711e-065
1602	80150	2.71304e-065
1603	80200	2.71304e-065
1604	80250	2.71304e-065
1605	80300	2.62068e-065
1606	80350	2.62068e-065
1607	80400	1.71122e-065
1608	80450	1.59648e-065
1609	80500	1.59648e-065
1610	80550	1.59648e-065
1611	80600	1.59648e-065
1612	80650	1.39398e-065
1613	80700	1.31075e-065
1614	80750	9.74295e-066
1615	80800	9.74295e-066
1616	80850	9.74295e-066
1617	80900	6.51202e-066
1618	80950	5.95554e-066
1619	81000	5.95554e-066
1620	81050	5.95554e-066
1621	81100	5.95554e-066
1622	81150	3.5267e-066
1623	81200	3.5267e-066
1624	81250	3.5267e-066
1625	81300	3.5267e-066
1626	81350	3.5267e-066
1627	81400	3.5267e-066
1628	81450	2.53057e-066
1629	81500	2.53057e-066
1630	81550	2.53057e-066
1631	81600	2.43088e-066
1632	81650	2.43088e-066
1633	81700	2.31855e-066
1634	81750	2.31855e-066
1635	81800	2.25707e-066
1636	81850	2.25707e-066
1637	81900	2.05116e-066
1638	81950	1.69472e-066
1639	82000	1.68411e-066
1640	82050	9.26265e-067
1641	82100	8.34113e-067
1642	82150	8.34113e-067
1643	82200	6.54272e-067
1644	82250	6.54272e-067
1645	82300	6.49661e-067
1646	82350	6.49661e-067
1647	82400	6.49661e-067
1648	82450	5.44983e-067
1649	82500	4.41047e-067
1650	82550	4.41047e-067
1651	82600	4.41047e-067
1652	82650	4.30007e-067
1653	82700	4.30007e-067
1654	82750	3.79474e-067
1655	82800	3.79474e-067
1656	82850	3.20024e-067
1657	82900	2.99375e-067
1658	82950	2.99375e-067
1659	83000	2.17205e-067
1660	83050	1.88382e-067
1661	83100	1.88382e-067
1662	83150	1.88382e-067
1663	83200	1.36249e-067
1664	83250	1.36249e-067
1665	83300	1.3231e-067
1666	83350	1.3231e-067
1667	83400	1.3231e-067
1668	83450	1.10032e-067
1669	83500	1.10032e-067
1670	83550	6.16686e-068
1671	83600	6.16686e-068
1672	83650	6.16686e-068
1673	83700	5.13584e-068
1674	83750	5.13584e-068
1675	83800	4.94987e-068
1676	83850	4.47565e-068
1677	83900	4.47565e-068
1678	83950	4.47565e-068
1679	84000	4.47565e-068
1680	84050	3.85429e-068
1681	84100	2.79374e-068
1682	84150	2.70807e-068
1683	84200	2.70807e-068
1684	84250	2.70807e-068
1685	84300	2.70807e-068
1686	84350	2.01635e-068
1687	84400	1.88461e-068
1688	84450	1.30455e-068
1689	84500	1.29489e-068
1690	84550	1.27688e-068
1691	84600	1.24156e-068
1692	84650	5.09198e-069
1693	84700	4.92522e-069
1694	84750	4.92522e-069
1695	84800	4.89354e-069
1696	84850	4.34282e-069
1697	84900	3.64005e-069
1698	84950	3.64005e-069
1699	85000	3.64005e-069
1700	85050	3.64005e-069
1701	85100	3.64005e-069
1702	85150	1.4565e-069
1703	85200	1.4565e-069
1704	85250	1.4565e-069
1705	85300	1.4565e-069
1706	85350	1.34623e-069
1707	85400	1.34623e-069
1708	85450	1.34623e-069
1709	85500	1.34623e-069
1710	85550	1.28475e-069
1711	85600	1.28475e-069
1712	85650	9.63482e-070
1713	85700	6.15813e-070
1714	85750	4.80284e-070
1715	85800	4.80284e-070
1716	85850	4.80284e-070
1717	85900	4.80284e-070
1718	85950	4.72811e-070
1719	86000	4.72811e-070
1720	86050	4.72811e-070
1721	86100	4.72811e-070
1722	86150	2.25736e-070
1723	86200	2.25736e-070
1724	86250	2.25736e-070
1725	86300	1.00065e-070
1726	86350	1.00065e-070
1727	86400	1.00065e-070
1728	86450	1.00065e-070
1729	86500	1.00065e-070
1730	86550	1.00065e-070
1731	86600	1.00065e-070
1732	86650	1.00065e-070
1733	86700	1.00065e-070
1734	86750	1.00065e-070
1735	86800	1.00065e-070
1736	86850	1.00065e-070
1737	86900	1.00065e-070
1738	86950	8.72751e-071
1739	87000	6.57085e-071
1740	87050	6.21984e-071
1741	87100	5.70361e-071
1742	87150	5.70361e-071
1743	87200	5.70361e-071
1744	87250	4.25187e-071
1745	87300	4.25187e-071
1746	87350	3.87125e-071
1747	87400	3.87125e-071
1748	87450	3.4796e-071
1749	87500	3.4796e-071
1750	87550	3.4796e-071
1751	87600	3.4796e-071
1752	87650	3.4796e-071
1753	87700	2.3537e-071
1754	87750	2.3537e-071
1755	87800	2.3377e-071
1756	87850	2.27921e-071
1757	87900	2.27921e-071
1758	87950	2.1325e-071
1759	88000	2.1325e-071
1760	88050	2.02849e-071
1761	88100	1.99526e-071
1762	88150	1.99145e-071
1763	88200	1.84182e-071
1764	88250	1.54974e-071
1765	88300	8.25613e-072
1766	88350	8.25613e-072
1767	88400	8.25613e-072
1768	88450	8.2331e-072
1769	88500	8.2331e-072
1770	88550	8.17503e-072
1771	88600	3.65717e-072
1772	88650	3.65717e-072
1773	88700	3.65717e-072
1774	88750	3.65717e-072
1775	88800	3.65717e-072
1776	88850	3.46175e-072
1777	88900	3.46175e-072
1778	88950	3.41457e-072
1779	89000	3.41457e-072
1780	89050	2.37925e-072
1781	89100	2.37925e-072
1782	89150	2.32307e-072
1783	89200	2.32307e-072
1784	89250	2.23863e-072
1785	89300	2.23863e-072
1786	89350	2.23479e-072
1787	89400	2.13941e-072
1788	89450	1.69308e-072
1789	89500	1.58532e-072
1790	89550	6.92475e-073
1791	89600	6.92475e-073
1792	89650	6.26622e-073
1793	89700	6.26622e-073
1794	89750	6.26622e-073
1795	89800	5.71961e-073
1796	89850	5.71961e-073
1797	89900	5.71961e-073
1798	89950	5.71961e-073
1799	90000	1.93673e-073
1800	90050	1.93673e-073
1801	90100	1.52373e-073
1802	90150	1.52373e-073
1803	90200	1.52373e-073
1804	90250	1.52373e-073
1805	90300	1.49293e-073
1806	90350	1.49293e-073
1807	90400	8.35228e-074
1808	90450	8.35228e-074
1809	90500	8.35228e-074
1810	90550	8.35228e-074
1811	90600	8.35228e-074
1812	90650	8.35228e-074
1813	90700	8.35228e-074
1814	90750	8.35228e-074
1815	90800	6.77325e-074
1816	90850	6.77325e-074
1817	90900	5.67239e-074
1818	90950	5.19956e-074
1819	91000	5.19956e-074
1820	91050	5.19956e-074
1821	91100	5.11139e-074
1822	91150	3.84658e-074
1823	91200	3.84658e-074
1824	91250	3.84658e-074
1825	91300	2.44719e-074
1826	91350	2.44719e-074
1827	91400	1.35103e-074
1828	91450	1.35103e-074
1829	91500	1.35103e-074
1830	91550	1.35103e-074
1831	91600	1.35103e-074
1832	91650	1.35103e-074
1833	91700	1.35103e-074
1834	91750	1.35103e-074
1835	91800	1.35103e-074
1836	91850	1.24367e-074
1837	91900	1.24367e-074
1838	91950	1.1181e-074
1839	92000	8.3108e-075
1840	92050	7.57969e-075
1841	92100	7.57969e-075
1842	92150	7.48215e-075
1843	92200	5.83409e-075
1844	92250	5.24419e-075
1845	92300	5.24419e-075
1846	92350	5.24419e-075
1847	92400	4.61391e-075
1848	92450	4.61391e-075
1849	92500	3.54244e-075
1850	92550	3.52643e-075
1851	92600	3.52643e-075
1852	92650	2.73289e-075
1853	92700	2.73289e-075
1854	92750	4.97736e-076
1855	92800	4.97736e-076
1856	92850	4.97736e-076
1857	92900	4.88734e-076
1858	92950	4.88734e-076
1859	93000	4.88734e-076
1860	93050	4.88734e-076
1861	93100	4.88734e-076
1862	93150	4.88734e-076
1863	93200	4.88734e-076
1864	93250	4.12885e-076
1865	93300	4.12885e-076
1866	93350	4.12885e-076
1867	93400	3.70198e-076
1868	93450	3.70198e-076
1869	93500	3.70198e-076
1870	93550	3.34308e-076
1871	93600	3.29425e-076
1872	93650	3.11418e-076
1873	93700	3.11418e-076
1874	93750	2.29868e-076
1875	93800	2.29868e-076
1876	93850	2.29868e-076
1877	93900	2.29868e-076
1878	93950	2.12724e-076
1879	94000	2.12724e-076
1880	94050	2.12724e-076
1881	94100	1.72439e-076
1882	94150	1.72439e-076
1883	94200	1.17259e-076
1884	94250	1.08959e-076
1885	94300	7.75741e-077
1886	94350	7.75741e-077
1887	94400	7.63894e-077
1888	94450	5.01815e-077
1889	94500	5.01815e-077
1890	94550	5.01815e-077
1891	94600	4.8134e-077
1892	94650	4.8134e-077
1893	94700	4.8134e-077
1894	94750	4.8134e-077
1895	94800	4.8134e-077
1896	94850	4.8134e-077
1897	94900	3.4034e-077
1898	94950	3.4034e-077
1899	95000	3.4034e-077
1900	95050	3.4034e-077
1901	95100	2.66102e-077
1902	95150	2.47568e-077
1903	95200	2.08992e-077
1904	95250	2.08992e-077
1905	95300	2.08992e-077
1906	95350	1.65143e-077
1907	95400	7.12801e-078
1908	95450	7.12801e-078
1909	95500	7.12801e-078
1910	95550	7.12801e-078
1911	95600	7.12801e-078
1912	95650	6.48206e-078
1913	95700	6.48206e-078
1914	95750	6.48206e-078
1915	95800	6.48206e-078
1916	95850	6.48206e-078
1917	95900	6.48206e-078
1918	95950	4.65891e-078
1919	96000	3.11665e-078
1920	96050	3.11665e-078
1921	96100	3.11665e-078
1922	96150	3.11665e-078
1923	96200	2.86274e-078
1924	96250	2.86274e-078
1925	96300	2.86274e-078
1926	96350	1.90061e-078
1927	96400	1.81723e-078
1928	96450	1.48166e-078
1929	96500	1.48166e-078
1930	96550	1.33764e-078
1931	96600	1.10891e-078
1932	96650	1.10891e-078
1933	96700	9.3032e-079
1934	96750	6.07622e-079
1935	96800	6.07622e-079
1936	96850	5.87851e-079
1937	96900	5.87851e-079
1938	96950	3.0473e-079
1939	97000	3.0473e-079
1940	97050	2.29864e-079
1941	97100	2.29864e-079
1942	97150	1.49202e-079
1943	97200	1.49202e-079
1944	97250	1.49202e-079
1945	97300	1.42678e-079
1946	97350	1.33427e-079
1947	97400	1.33427e-079
1948	97450	1.33427e-079
1949	97500	1.22634e-079
1950	97550	1.22634e-079
1951	97600	1.22634e-079
1952	97650	1.22634e-079
1953	97700	1.22634e-079
1954	97750	1.22634e-079
1955	97800	1.22634e-079
1956	97850	8.97404e-080
1957	97900	8.97404e-080
1958	97950	8.97404e-080
1959	98000	8.78613e-080
1960	98050	2.2419e-080
1961	98100	2.2419e-080
1962	98150	2.2419e-080
1963	98200	2.2419e-080
1964	98250	2.2419e-080
1965	98300	2.2419e-080
1966	98350	2.2419e-080
1967	98400	2.2419e-080
1968	98450	2.2419e-080
1969	98500	2.16964e-080
1970	98550	2.02748e-080
1971	98600	2.02748e-080
1972	98650	2.02748e-080
1973	98700	2.02748e-080
1974	98750	1.62565e-080
1975	98800	1.2578e-080
1976	98850	1.24795e-080
1977	98900	1.20604e-080
1978	98950	1.20604e-080
1979	99000	1.20604e-080
1980	99050	1.20604e-080
1981	99100	1.01046e-080
1982	99150	8.83766e-081
1983	99200	8.08398e-081
1984	99250	7.57147e-081
1985	99300	7.57147e-081
1986	99350	7.57147e-081
1987	99400	5.0307e-081
1988	99450	3.84458e-081
1989	99500	3.62698e-081
1990	99550	2.79769e-081
1991	99600	2.68906e-081
1992	99650	2.30415e-081
1993	99700	2.30415e-081
1994	99750	2.30415e-081
1995	99800	2.30415e-081
1996	99850	1.9231e-081
1997	99900	1.9231e-081
1998	99950	1.27914e-081
1999	100000	1.27914e-081
2000	100050	1.00453e-081
