1	100	751.009
2	150	725.484
3	200	587.987
4	250	466.811
5	300	216.234
6	350	216.234
7	400	210.915
8	450	210.915
9	500	210.915
10	550	210.915
11	600	164.013
12	650	164.013
13	700	164.013
14	750	164.013
15	800	164.013
16	850	134.373
17	900	134.373
18	950	134.373
19	1000	133.118
20	1050	85.9449
21	1100	85.9449
22	1150	85.9449
23	1200	84.7892
24	1250	80.7688
25	1300	75.1303
26	1350	75.1303
27	1400	59.6726
28	1450	59.6726
29	1500	59.6726
30	1550	25.4494
31	1600	25.4494
32	1650	25.4494
33	1700	25.4494
34	1750	25.4494
35	1800	24.5769
36	1850	10.1329
37	1900	10.1329
38	1950	10.1329
39	2000	10.1329
40	2050	10.1329
41	2100	10.1329
42	2150	10.1214
43	2200	10.1214
44	2250	8.36182
45	2300	8.36182
46	2350	5.3855
47	2400	5.3855
48	2450	5.3855
49	2500	5.3855
50	2550	5.3855
51	2600	4.01129
52	2650	4.01129
53	2700	4.01129
54	2750	4.01129
55	2800	3.12241
56	2850	2.85018
57	2900	2.85018
58	2950	2.37773
59	3000	2.37773
60	3050	2.37773
61	3100	1.88937
62	3150	1.66743
63	3200	1.6479
64	3250	1.6479
65	3300	1.33985
66	3350	1.20654
67	3400	1.20654
68	3450	1.20654
69	3500	1.20654
70	3550	1.20654
71	3600	1.16563
72	3650	0.784305
73	3700	0.784305
74	3750	0.484313
75	3800	0.484313
76	3850	0.484313
77	3900	0.453547
78	3950	0.453547
79	4000	0.453547
80	4050	0.450883
81	4100	0.355929
82	4150	0.287112
83	4200	0.287112
84	4250	0.287112
85	4300	0.287112
86	4350	0.286813
87	4400	0.286813
88	4450	0.197716
89	4500	0.0824704
90	4550	0.058668
91	4600	0.058668
92	4650	0.058668
93	4700	0.0538853
94	4750	0.0300635
95	4800	0.0300635
96	4850	0.0300635
97	4900	0.0300635
98	4950	0.0300635
99	5000	0.0300635
100	5050	0.0240053
101	5100	0.0240053
102	5150	0.0240053
103	5200	0.0240053
104	5250	0.0240053
105	5300	0.0240053
106	5350	0.0240053
107	5400	0.0240053
108	5450	0.0240053
109	5500	0.0240053
110	5550	0.0240053
111	5600	0.012929
112	5650	0.012929
113	5700	0.012929
114	5750	0.0090684
115	5800	0.00853001
116	5850	0.00853001
117	5900	0.00853001
118	5950	0.00670003
119	6000	0.00670003
120	6050	0.00670003
121	6100	0.00670003
122	6150	0.0057313
123	6200	0.00445074
124	6250	0.00445074
125	6300	0.00445074
126	6350	0.00445074
127	6400	0.00445074
128	6450	0.00238981
129	6500	0.00238981
130	6550	0.00191904
131	6600	0.00169058
132	6650	0.00102379
133	6700	0.000980675
134	6750	0.000980675
135	6800	0.000980675
136	6850	0.000980675
137	6900	0.000980675
138	6950	0.000980675
139	7000	0.000900552
140	7050	0.000836087
141	7100	0.000836087
142	7150	0.000814134
143	7200	0.000727626
144	7250	0.000727626
145	7300	0.000710224
146	7350	0.000595819
147	7400	0.000595819
148	7450	0.000595819
149	7500	0.000595819
150	7550	0.000595819
151	7600	0.000595819
152	7650	0.000421331
153	7700	0.000363133
154	7750	0.000363133
155	7800	0.000362516
156	7850	0.000362516
157	7900	0.000362516
158	7950	0.000237837
159	8000	0.000133468
160	8050	0.000133468
161	8100	0.000133468
162	8150	0.000133468
163	8200	0.000133468
164	8250	0.000133468
165	8300	0.000109883
166	8350	0.000109883
167	8400	9.00043e-005
168	8450	8.71565e-005
169	8500	4.51743e-005
170	8550	4.51743e-005
171	8600	2.74215e-005
172	8650	2.74215e-005
173	8700	2.74215e-005
174	8750	2.74215e-005
175	8800	2.74215e-005
176	8850	2.70023e-005
177	8900	2.70023e-005
178	8950	2.70023e-005
179	9000	2.70023e-005
180	9050	2.32535e-005
181	9100	2.32535e-005
182	9150	2.32535e-005
183	9200	2.32535e-005
184	9250	2.32535e-005
185	9300	2.07102e-005
186	9350	1.63414e-005
187	9400	1.63414e-005
188	9450	1.30813e-005
189	9500	5.99527e-006
190	9550	5.68002e-006
191	9600	5.68002e-006
192	9650	5.68002e-006
193	9700	5.68002e-006
194	9750	5.68002e-006
195	9800	5.68002e-006
196	9850	5.68002e-006
197	9900	4.73875e-006
198	9950	3.90867e-006
199	10000	3.61753e-006
200	10050	3.01903e-006
201	10100	2.93795e-006
202	10150	2.93795e-006
203	10200	2.93795e-006
204	10250	2.93795e-006
205	10300	1.41404e-006
206	10350	1.41404e-006
207	10400	1.41404e-006
208	10450	1.37708e-006
209	10500	1.37708e-006
210	10550	1.32041e-006
211	10600	1.02557e-006
212	10650	1.02557e-006
213	10700	1.02557e-006
214	10750	1.02557e-006
215	10800	1.02557e-006
216	10850	1.02557e-006
217	10900	1.02557e-006
218	10950	8.85858e-007
219	11000	7.42427e-007
220	11050	7.12623e-007
221	11100	6.7768e-007
222	11150	5.72935e-007
223	11200	5.72935e-007
224	11250	3.71442e-007
225	11300	3.71442e-007
226	11350	1.6518e-007
227	11400	1.6518e-007
228	11450	1.47911e-007
229	11500	1.42336e-007
230	11550	1.16805e-007
231	11600	1.16805e-007
232	11650	1.16805e-007
233	11700	1.01038e-007
234	11750	1.01038e-007
235	11800	7.49529e-008
236	11850	7.49529e-008
237	11900	6.00611e-008
238	11950	6.00611e-008
239	12000	6.00611e-008
240	12050	6.00611e-008
241	12100	6.00611e-008
242	12150	6.00611e-008
243	12200	6.00611e-008
244	12250	5.56186e-008
245	12300	5.56186e-008
246	12350	5.21255e-008
247	12400	4.63436e-008
248	12450	1.49841e-008
249	12500	1.49841e-008
250	12550	1.41467e-008
251	12600	1.41467e-008
252	12650	1.41467e-008
253	12700	5.16843e-009
254	12750	5.16843e-009
255	12800	5.16843e-009
256	12850	5.16843e-009
257	12900	4.67829e-009
258	12950	4.67829e-009
259	13000	4.67829e-009
260	13050	4.67829e-009
261	13100	4.67829e-009
262	13150	4.67829e-009
263	13200	4.67829e-009
264	13250	4.67829e-009
265	13300	4.67829e-009
266	13350	3.40692e-009
267	13400	3.40692e-009
268	13450	3.21627e-009
269	13500	2.90674e-009
270	13550	2.90674e-009
271	13600	2.90674e-009
272	13650	1.90173e-009
273	13700	1.90173e-009
274	13750	1.90173e-009
275	13800	1.90173e-009
276	13850	1.90173e-009
277	13900	1.90173e-009
278	13950	1.90173e-009
279	14000	1.05413e-009
280	14050	1.05413e-009
281	14100	1.01224e-009
282	14150	1.01224e-009
283	14200	1.01224e-009
284	14250	9.7407e-010
285	14300	9.7407e-010
286	14350	9.36257e-010
287	14400	8.02134e-010
288	14450	8.02134e-010
289	14500	4.847e-010
290	14550	4.847e-010
291	14600	4.847e-010
292	14650	4.847e-010
293	14700	4.847e-010
294	14750	4.847e-010
295	14800	2.83374e-010
296	14850	2.83374e-010
297	14900	2.7533e-010
298	14950	2.7533e-010
299	15000	1.86362e-010
300	15050	1.86362e-010
301	15100	1.81757e-010
302	15150	1.43612e-010
303	15200	1.23822e-010
304	15250	1.23822e-010
305	15300	1.23822e-010
306	15350	1.23822e-010
307	15400	1.23822e-010
308	15450	1.23822e-010
309	15500	1.21656e-010
310	15550	1.21656e-010
311	15600	1.17015e-010
312	15650	1.05129e-010
313	15700	1.04985e-010
314	15750	9.76267e-011
315	15800	9.76267e-011
316	15850	9.76267e-011
317	15900	7.3965e-011
318	15950	4.52771e-011
319	16000	4.52771e-011
320	16050	4.0463e-011
321	16100	3.94826e-011
322	16150	3.94826e-011
323	16200	2.59197e-011
324	16250	2.59197e-011
325	16300	2.36508e-011
326	16350	1.86174e-011
327	16400	1.86174e-011
328	16450	1.86174e-011
329	16500	1.64677e-011
330	16550	1.53804e-011
331	16600	1.03228e-011
332	16650	9.17865e-012
333	16700	9.17865e-012
334	16750	9.17865e-012
335	16800	8.24053e-012
336	16850	8.24053e-012
337	16900	8.24053e-012
338	16950	4.19499e-012
339	17000	4.04276e-012
340	17050	3.16177e-012
341	17100	2.39432e-012
342	17150	2.39432e-012
343	17200	2.39432e-012
344	17250	2.39432e-012
345	17300	2.39432e-012
346	17350	1.8323e-012
347	17400	1.8323e-012
348	17450	1.8323e-012
349	17500	1.8323e-012
350	17550	1.6899e-012
351	17600	1.58638e-012
352	17650	1.4902e-012
353	17700	7.96251e-013
354	17750	7.96251e-013
355	17800	4.2298e-013
356	17850	4.2298e-013
357	17900	4.2298e-013
358	17950	3.37025e-013
359	18000	3.37025e-013
360	18050	3.30733e-013
361	18100	3.30733e-013
362	18150	3.30733e-013
363	18200	3.30733e-013
364	18250	3.30733e-013
365	18300	3.30733e-013
366	18350	3.30733e-013
367	18400	3.30733e-013
368	18450	3.30733e-013
369	18500	2.95942e-013
370	18550	2.55667e-013
371	18600	2.55667e-013
372	18650	2.55667e-013
373	18700	2.55667e-013
374	18750	1.73996e-013
375	18800	1.73996e-013
376	18850	1.73996e-013
377	18900	1.73996e-013
378	18950	1.40293e-013
379	19000	1.03928e-013
380	19050	6.74768e-014
381	19100	6.74768e-014
382	19150	6.74768e-014
383	19200	4.25035e-014
384	19250	4.25035e-014
385	19300	3.17294e-014
386	19350	3.17294e-014
387	19400	3.08461e-014
388	19450	2.9342e-014
389	19500	2.9342e-014
390	19550	2.53813e-014
391	19600	2.53813e-014
392	19650	2.53813e-014
393	19700	2.53813e-014
394	19750	2.27691e-014
395	19800	1.55866e-014
396	19850	1.36709e-014
397	19900	1.36709e-014
398	19950	1.36709e-014
399	20000	1.3618e-014
400	20050	1.31112e-014
401	20100	1.31112e-014
402	20150	1.11317e-014
403	20200	1.11317e-014
404	20250	1.08678e-014
405	20300	1.08678e-014
406	20350	4.70916e-015
407	20400	3.04853e-015
408	20450	3.04853e-015
409	20500	3.04853e-015
410	20550	3.04853e-015
411	20600	3.04853e-015
412	20650	3.04853e-015
413	20700	2.46079e-015
414	20750	2.46079e-015
415	20800	2.46079e-015
416	20850	2.46079e-015
417	20900	2.24206e-015
418	20950	2.24206e-015
419	21000	2.24206e-015
420	21050	8.94175e-016
421	21100	6.3187e-016
422	21150	6.3187e-016
423	21200	6.3187e-016
424	21250	6.3187e-016
425	21300	6.3187e-016
426	21350	6.3187e-016
427	21400	6.3187e-016
428	21450	6.3187e-016
429	21500	6.3187e-016
430	21550	6.3187e-016
431	21600	6.3187e-016
432	21650	6.3187e-016
433	21700	6.3187e-016
434	21750	6.3187e-016
435	21800	6.3187e-016
436	21850	5.80574e-016
437	21900	5.80574e-016
438	21950	5.80574e-016
439	22000	4.20546e-016
440	22050	4.20546e-016
441	22100	4.20546e-016
442	22150	4.20546e-016
443	22200	2.87361e-016
444	22250	2.87361e-016
445	22300	2.87361e-016
446	22350	2.60207e-016
447	22400	2.60207e-016
448	22450	2.60207e-016
449	22500	2.26803e-016
450	22550	1.24379e-016
451	22600	9.7482e-017
452	22650	9.7482e-017
453	22700	9.7482e-017
454	22750	9.7482e-017
455	22800	9.06264e-017
456	22850	3.6733e-017
457	22900	3.55602e-017
458	22950	3.55602e-017
459	23000	3.07225e-017
460	23050	3.07225e-017
461	23100	3.07225e-017
462	23150	3.07225e-017
463	23200	3.04853e-017
464	23250	3.04853e-017
465	23300	2.76249e-017
466	23350	2.54658e-017
467	23400	2.54658e-017
468	23450	1.92968e-017
469	23500	1.92968e-017
470	23550	1.92968e-017
471	23600	1.92968e-017
472	23650	1.58152e-017
473	23700	1.58152e-017
474	23750	1.35026e-017
475	23800	1.3197e-017
476	23850	1.18429e-017
477	23900	1.18429e-017
478	23950	1.0603e-017
479	24000	1.0603e-017
480	24050	9.23183e-018
481	24100	6.72727e-018
482	24150	6.72727e-018
483	24200	6.72727e-018
484	24250	4.31609e-018
485	24300	4.30448e-018
486	24350	4.30448e-018
487	24400	4.30448e-018
488	24450	2.25212e-018
489	24500	1.39942e-018
490	24550	1.39942e-018
491	24600	1.39942e-018
492	24650	1.39942e-018
493	24700	1.37719e-018
494	24750	1.37719e-018
495	24800	1.37719e-018
496	24850	8.44535e-019
497	24900	8.44535e-019
498	24950	8.44535e-019
499	25000	8.44535e-019
500	25050	8.44535e-019
501	25100	8.44535e-019
502	25150	8.44535e-019
503	25200	5.04151e-019
504	25250	5.04151e-019
505	25300	4.54405e-019
506	25350	4.54405e-019
507	25400	4.22501e-019
508	25450	4.22501e-019
509	25500	4.22501e-019
510	25550	4.22501e-019
511	25600	4.22501e-019
512	25650	4.21691e-019
513	25700	3.69955e-019
514	25750	6.73271e-020
515	25800	6.73271e-020
516	25850	6.73271e-020
517	25900	6.73271e-020
518	25950	6.73271e-020
519	26000	6.73271e-020
520	26050	6.45026e-020
521	26100	6.45026e-020
522	26150	6.45026e-020
523	26200	6.45026e-020
524	26250	6.45026e-020
525	26300	6.45026e-020
526	26350	6.45026e-020
527	26400	6.45026e-020
528	26450	6.45026e-020
529	26500	6.45026e-020
530	26550	6.45026e-020
531	26600	5.84328e-020
532	26650	5.84328e-020
533	26700	5.32633e-020
534	26750	5.27459e-020
535	26800	5.27459e-020
536	26850	2.95273e-020
537	26900	2.95273e-020
538	26950	2.70838e-020
539	27000	2.70421e-020
540	27050	2.53362e-020
541	27100	2.53362e-020
542	27150	1.59089e-020
543	27200	1.59089e-020
544	27250	1.59089e-020
545	27300	1.59089e-020
546	27350	1.39494e-020
547	27400	1.04915e-020
548	27450	1.02209e-020
549	27500	8.43811e-021
550	27550	4.49807e-021
551	27600	4.49807e-021
552	27650	4.49807e-021
553	27700	4.49807e-021
554	27750	4.49807e-021
555	27800	4.49807e-021
556	27850	4.3559e-021
557	27900	4.3559e-021
558	27950	4.3559e-021
559	28000	4.3559e-021
560	28050	4.26274e-021
561	28100	4.26274e-021
562	28150	4.26274e-021
563	28200	2.17435e-021
564	28250	2.17435e-021
565	28300	2.17435e-021
566	28350	2.02717e-021
567	28400	2.02717e-021
568	28450	7.72028e-022
569	28500	7.72028e-022
570	28550	7.72028e-022
571	28600	7.72028e-022
572	28650	7.72028e-022
573	28700	7.72028e-022
574	28750	7.72028e-022
575	28800	7.67279e-022
576	28850	7.67279e-022
577	28900	7.23889e-022
578	28950	6.71574e-022
579	29000	4.36218e-022
580	29050	4.36218e-022
581	29100	3.99966e-022
582	29150	3.99966e-022
583	29200	3.99966e-022
584	29250	3.781e-022
585	29300	3.781e-022
586	29350	1.76991e-022
587	29400	1.76991e-022
588	29450	1.76991e-022
589	29500	1.76991e-022
590	29550	1.76991e-022
591	29600	1.76991e-022
592	29650	1.76991e-022
593	29700	1.76991e-022
594	29750	1.41762e-022
595	29800	1.41762e-022
596	29850	1.37213e-022
597	29900	1.37213e-022
598	29950	1.00915e-022
599	30000	1.00915e-022
600	30050	8.98327e-023
601	30100	3.95274e-023
602	30150	3.26862e-023
603	30200	3.26862e-023
604	30250	3.26862e-023
605	30300	3.14697e-023
606	30350	3.14697e-023
607	30400	3.14697e-023
608	30450	3.14697e-023
609	30500	3.14697e-023
610	30550	3.14697e-023
611	30600	3.14697e-023
612	30650	2.48602e-023
613	30700	2.27359e-023
614	30750	2.27359e-023
615	30800	2.27359e-023
616	30850	1.67758e-023
617	30900	1.67758e-023
618	30950	1.67758e-023
619	31000	1.47155e-023
620	31050	1.47155e-023
621	31100	1.32058e-023
622	31150	7.71566e-024
623	31200	7.71566e-024
624	31250	7.71566e-024
625	31300	7.71566e-024
626	31350	5.44134e-024
627	31400	3.51084e-024
628	31450	2.80488e-024
629	31500	2.80488e-024
630	31550	2.55016e-024
631	31600	2.55016e-024
632	31650	2.55016e-024
633	31700	2.55016e-024
634	31750	2.55016e-024
635	31800	2.28125e-024
636	31850	2.28125e-024
637	31900	2.04211e-024
638	31950	2.04211e-024
639	32000	2.04211e-024
640	32050	2.00267e-024
641	32100	1.59013e-024
642	32150	6.8871e-025
643	32200	6.8871e-025
644	32250	6.8871e-025
645	32300	6.8871e-025
646	32350	4.50395e-025
647	32400	4.50395e-025
648	32450	4.50395e-025
649	32500	4.50395e-025
650	32550	4.50395e-025
651	32600	4.20176e-025
652	32650	4.20176e-025
653	32700	4.20176e-025
654	32750	2.69713e-025
655	32800	2.69713e-025
656	32850	2.69713e-025
657	32900	2.69713e-025
658	32950	2.69713e-025
659	33000	8.50122e-026
660	33050	8.50122e-026
661	33100	8.50122e-026
662	33150	8.50122e-026
663	33200	8.50122e-026
664	33250	8.50122e-026
665	33300	8.50122e-026
666	33350	8.14782e-026
667	33400	8.076e-026
668	33450	8.076e-026
669	33500	8.076e-026
670	33550	8.076e-026
671	33600	8.076e-026
672	33650	5.67162e-026
673	33700	5.67162e-026
674	33750	2.92454e-026
675	33800	2.92454e-026
676	33850	2.91602e-026
677	33900	2.43074e-026
678	33950	2.43074e-026
679	34000	2.43074e-026
680	34050	2.43074e-026
681	34100	1.66259e-026
682	34150	1.61121e-026
683	34200	1.61121e-026
684	34250	1.45144e-026
685	34300	1.36683e-026
686	34350	1.36683e-026
687	34400	1.28576e-026
688	34450	1.01158e-026
689	34500	9.13506e-027
690	34550	9.13506e-027
691	34600	9.13506e-027
692	34650	9.13506e-027
693	34700	8.62208e-027
694	34750	8.62208e-027
695	34800	7.54123e-027
696	34850	7.54123e-027
697	34900	7.54123e-027
698	34950	7.54123e-027
699	35000	5.40576e-027
700	35050	5.40576e-027
701	35100	4.75317e-027
702	35150	4.75317e-027
703	35200	4.75317e-027
704	35250	4.75317e-027
705	35300	2.06537e-027
706	35350	2.06537e-027
707	35400	2.06537e-027
708	35450	2.06537e-027
709	35500	2.06537e-027
710	35550	2.06537e-027
711	35600	2.03692e-027
712	35650	2.03692e-027
713	35700	2.03692e-027
714	35750	1.25395e-027
715	35800	1.25395e-027
716	35850	9.17764e-028
717	35900	8.10782e-028
718	35950	7.45997e-028
719	36000	7.45997e-028
720	36050	4.46283e-028
721	36100	4.1338e-028
722	36150	4.1338e-028
723	36200	4.1338e-028
724	36250	4.1338e-028
725	36300	4.1338e-028
726	36350	4.11631e-028
727	36400	1.78876e-028
728	36450	1.78876e-028
729	36500	1.78876e-028
730	36550	1.78876e-028
731	36600	1.78876e-028
732	36650	1.78876e-028
733	36700	1.78876e-028
734	36750	1.78876e-028
735	36800	1.78876e-028
736	36850	1.78876e-028
737	36900	1.77783e-028
738	36950	1.5402e-028
739	37000	1.5402e-028
740	37050	1.5402e-028
741	37100	1.48776e-028
742	37150	1.4804e-028
743	37200	1.06911e-028
744	37250	1.06911e-028
745	37300	9.72635e-029
746	37350	9.72635e-029
747	37400	8.99958e-029
748	37450	8.06251e-029
749	37500	8.06251e-029
750	37550	5.33376e-029
751	37600	5.33376e-029
752	37650	5.33376e-029
753	37700	4.7553e-029
754	37750	3.43195e-029
755	37800	3.43195e-029
756	37850	2.35075e-029
757	37900	2.35075e-029
758	37950	2.35075e-029
759	38000	2.35075e-029
760	38050	1.81531e-029
761	38100	1.81531e-029
762	38150	1.78678e-029
763	38200	1.42451e-029
764	38250	1.42451e-029
765	38300	1.42451e-029
766	38350	1.32952e-029
767	38400	1.32952e-029
768	38450	1.32952e-029
769	38500	1.10163e-029
770	38550	9.5788e-030
771	38600	7.40701e-030
772	38650	5.48019e-030
773	38700	5.1889e-030
774	38750	5.1889e-030
775	38800	5.1889e-030
776	38850	5.1889e-030
777	38900	3.52712e-030
778	38950	3.52712e-030
779	39000	3.52712e-030
780	39050	3.33201e-030
781	39100	3.33201e-030
782	39150	3.33201e-030
783	39200	3.33201e-030
784	39250	3.33201e-030
785	39300	3.25447e-030
786	39350	3.19372e-030
787	39400	2.45152e-030
788	39450	1.55059e-030
789	39500	1.55059e-030
790	39550	1.47597e-030
791	39600	1.47597e-030
792	39650	1.47597e-030
793	39700	1.47597e-030
794	39750	1.47597e-030
795	39800	8.2407e-031
796	39850	8.2407e-031
797	39900	8.2407e-031
798	39950	8.2407e-031
799	40000	8.2407e-031
800	40050	5.74474e-031
801	40100	4.11618e-031
802	40150	3.89817e-031
803	40200	3.89817e-031
804	40250	3.89817e-031
805	40300	2.74539e-031
806	40350	2.46667e-031
807	40400	2.46667e-031
808	40450	1.29558e-031
809	40500	1.29558e-031
810	40550	1.29558e-031
811	40600	1.29558e-031
812	40650	1.29558e-031
813	40700	9.70835e-032
814	40750	9.70835e-032
815	40800	8.58761e-032
816	40850	6.80146e-032
817	40900	6.80146e-032
818	40950	6.80146e-032
819	41000	4.32542e-032
820	41050	4.32542e-032
821	41100	4.32542e-032
822	41150	4.32542e-032
823	41200	4.32542e-032
824	41250	3.9239e-032
825	41300	3.68004e-032
826	41350	3.68004e-032
827	41400	2.1407e-032
828	41450	2.1407e-032
829	41500	2.1407e-032
830	41550	2.1407e-032
831	41600	2.01456e-032
832	41650	2.01456e-032
833	41700	1.57875e-032
834	41750	1.57875e-032
835	41800	1.57875e-032
836	41850	1.57875e-032
837	41900	1.56714e-032
838	41950	1.32877e-032
839	42000	1.32877e-032
840	42050	1.21083e-032
841	42100	1.21083e-032
842	42150	9.10356e-033
843	42200	8.30471e-033
844	42250	8.30471e-033
845	42300	6.01865e-033
846	42350	5.78193e-033
847	42400	4.49605e-033
848	42450	3.61303e-033
849	42500	3.61303e-033
850	42550	3.61303e-033
851	42600	3.61303e-033
852	42650	3.61303e-033
853	42700	3.61303e-033
854	42750	2.58559e-033
855	42800	1.84366e-033
856	42850	1.57558e-033
857	42900	9.35344e-034
858	42950	9.35344e-034
859	43000	9.35344e-034
860	43050	9.35344e-034
861	43100	9.35344e-034
862	43150	9.35344e-034
863	43200	5.51349e-034
864	43250	5.51349e-034
865	43300	4.46183e-034
866	43350	4.16715e-034
867	43400	1.81707e-034
868	43450	1.3174e-034
869	43500	1.3174e-034
870	43550	1.3174e-034
871	43600	1.3174e-034
872	43650	1.3174e-034
873	43700	1.3174e-034
874	43750	1.3174e-034
875	43800	1.3174e-034
876	43850	1.3174e-034
877	43900	1.3174e-034
878	43950	1.3174e-034
879	44000	9.4212e-035
880	44050	7.29834e-035
881	44100	6.78835e-035
882	44150	6.78835e-035
883	44200	6.78835e-035
884	44250	6.78835e-035
885	44300	6.78835e-035
886	44350	6.78835e-035
887	44400	6.78835e-035
888	44450	4.48373e-035
889	44500	4.48373e-035
890	44550	4.26523e-035
891	44600	4.26523e-035
892	44650	4.26523e-035
893	44700	4.26523e-035
894	44750	3.51582e-035
895	44800	3.51582e-035
896	44850	3.17748e-035
897	44900	3.17748e-035
898	44950	2.90676e-035
899	45000	2.70924e-035
900	45050	2.6331e-035
901	45100	2.5966e-035
902	45150	2.0238e-035
903	45200	1.62939e-035
904	45250	1.62939e-035
905	45300	1.44674e-035
906	45350	1.44674e-035
907	45400	1.44674e-035
908	45450	1.18252e-035
909	45500	1.18252e-035
910	45550	9.02584e-036
911	45600	6.11791e-036
912	45650	5.47071e-036
913	45700	5.47071e-036
914	45750	5.47071e-036
915	45800	4.54581e-036
916	45850	3.07808e-036
917	45900	3.07808e-036
918	45950	3.07808e-036
919	46000	3.07808e-036
920	46050	3.07808e-036
921	46100	3.07808e-036
922	46150	3.07808e-036
923	46200	2.39348e-036
924	46250	2.39348e-036
925	46300	2.39348e-036
926	46350	2.38596e-036
927	46400	8.21796e-037
928	46450	8.21796e-037
929	46500	6.99523e-037
930	46550	6.99523e-037
931	46600	6.99523e-037
932	46650	5.30445e-037
933	46700	5.30445e-037
934	46750	5.30445e-037
935	46800	5.15759e-037
936	46850	3.76467e-037
937	46900	3.76467e-037
938	46950	2.30717e-037
939	47000	2.30717e-037
940	47050	2.30717e-037
941	47100	2.30717e-037
942	47150	1.77704e-037
943	47200	1.51982e-037
944	47250	1.51982e-037
945	47300	1.51982e-037
946	47350	1.18472e-037
947	47400	1.18472e-037
948	47450	1.18472e-037
949	47500	1.18472e-037
950	47550	1.18472e-037
951	47600	1.18472e-037
952	47650	1.18472e-037
953	47700	1.18472e-037
954	47750	1.18472e-037
955	47800	1.18472e-037
956	47850	1.00571e-037
957	47900	1.00571e-037
958	47950	1.00571e-037
959	48000	3.89336e-038
960	48050	3.89336e-038
961	48100	3.89336e-038
962	48150	3.89336e-038
963	48200	3.89336e-038
964	48250	3.89336e-038
965	48300	3.89336e-038
966	48350	3.89336e-038
967	48400	2.69892e-038
968	48450	2.69892e-038
969	48500	2.69892e-038
970	48550	2.07162e-038
971	48600	2.07162e-038
972	48650	1.68243e-038
973	48700	1.25721e-038
974	48750	1.25721e-038
975	48800	1.25721e-038
976	48850	1.25721e-038
977	48900	1.25721e-038
978	48950	1.25721e-038
979	49000	1.23253e-038
980	49050	1.14334e-038
981	49100	8.88036e-039
982	49150	8.02544e-039
983	49200	7.69925e-039
984	49250	7.19514e-039
985	49300	6.25461e-039
986	49350	3.41712e-039
987	49400	3.41712e-039
988	49450	3.41712e-039
989	49500	3.41712e-039
990	49550	3.41712e-039
991	49600	2.34705e-039
992	49650	2.34705e-039
993	49700	2.34705e-039
994	49750	2.34705e-039
995	49800	2.34705e-039
996	49850	2.07524e-039
997	49900	2.07524e-039
998	49950	1.2531e-039
999	50000	1.2531e-039
1000	50050	1.2531e-039
1001	50100	9.39842e-040
1002	50150	9.39842e-040
1003	50200	9.39842e-040
1004	50250	8.08332e-040
1005	50300	8.08332e-040
1006	50350	6.46284e-040
1007	50400	5.29086e-040
1008	50450	4.95689e-040
1009	50500	4.95689e-040
1010	50550	4.64334e-040
1011	50600	4.64334e-040
1012	50650	4.64334e-040
1013	50700	4.64334e-040
1014	50750	3.2091e-040
1015	50800	3.2091e-040
1016	50850	3.04971e-040
1017	50900	3.04971e-040
1018	50950	3.04971e-040
1019	51000	2.99308e-040
1020	51050	1.13193e-040
1021	51100	1.13193e-040
1022	51150	1.13193e-040
1023	51200	1.13193e-040
1024	51250	1.13193e-040
1025	51300	9.79377e-041
1026	51350	9.79377e-041
1027	51400	9.79377e-041
1028	51450	9.79377e-041
1029	51500	9.69926e-041
1030	51550	8.17716e-041
1031	51600	8.15148e-041
1032	51650	8.15148e-041
1033	51700	6.15441e-041
1034	51750	4.31888e-041
1035	51800	4.31888e-041
1036	51850	2.65576e-041
1037	51900	2.65576e-041
1038	51950	2.65576e-041
1039	52000	2.65576e-041
1040	52050	2.07241e-041
1041	52100	2.07241e-041
1042	52150	2.07241e-041
1043	52200	2.07241e-041
1044	52250	2.07241e-041
1045	52300	2.07241e-041
1046	52350	1.90136e-041
1047	52400	1.41178e-041
1048	52450	1.41178e-041
1049	52500	7.86009e-042
1050	52550	7.86009e-042
1051	52600	7.86009e-042
1052	52650	7.86009e-042
1053	52700	7.13816e-042
1054	52750	7.12637e-042
1055	52800	7.12637e-042
1056	52850	7.12637e-042
1057	52900	6.28218e-042
1058	52950	6.28218e-042
1059	53000	6.28218e-042
1060	53050	4.62827e-042
1061	53100	4.62827e-042
1062	53150	3.89639e-042
1063	53200	3.89639e-042
1064	53250	3.89639e-042
1065	53300	3.89639e-042
1066	53350	2.36609e-042
1067	53400	2.36609e-042
1068	53450	2.36609e-042
1069	53500	1.67873e-042
1070	53550	1.67873e-042
1071	53600	1.6607e-042
1072	53650	1.6607e-042
1073	53700	1.60982e-042
1074	53750	1.40311e-042
1075	53800	1.40311e-042
1076	53850	1.31416e-042
1077	53900	1.27435e-042
1078	53950	1.17201e-042
1079	54000	1.17201e-042
1080	54050	1.17201e-042
1081	54100	1.07007e-042
1082	54150	9.00813e-043
1083	54200	9.00813e-043
1084	54250	4.96291e-043
1085	54300	4.96291e-043
1086	54350	4.96291e-043
1087	54400	4.96291e-043
1088	54450	4.33623e-043
1089	54500	3.85651e-043
1090	54550	3.26973e-043
1091	54600	2.78407e-043
1092	54650	2.78407e-043
1093	54700	2.74178e-043
1094	54750	2.23097e-043
1095	54800	1.30084e-043
1096	54850	1.30084e-043
1097	54900	1.30084e-043
1098	54950	1.30084e-043
1099	55000	1.30084e-043
1100	55050	1.29662e-043
1101	55100	1.29662e-043
1102	55150	1.11952e-043
1103	55200	1.11952e-043
1104	55250	8.81598e-044
1105	55300	8.81598e-044
1106	55350	8.10069e-044
1107	55400	6.80347e-044
1108	55450	6.80347e-044
1109	55500	6.43487e-044
1110	55550	6.43487e-044
1111	55600	5.37182e-044
1112	55650	2.04063e-044
1113	55700	2.04063e-044
1114	55750	2.04063e-044
1115	55800	2.04063e-044
1116	55850	2.04063e-044
1117	55900	2.04063e-044
1118	55950	2.04063e-044
1119	56000	2.04063e-044
1120	56050	1.65802e-044
1121	56100	1.65802e-044
1122	56150	1.65802e-044
1123	56200	1.65802e-044
1124	56250	1.31103e-044
1125	56300	1.26016e-044
1126	56350	1.20478e-044
1127	56400	1.20478e-044
1128	56450	5.18894e-045
1129	56500	5.18894e-045
1130	56550	4.5212e-045
1131	56600	4.5212e-045
1132	56650	4.5212e-045
1133	56700	4.5212e-045
1134	56750	4.5212e-045
1135	56800	4.5212e-045
1136	56850	3.705e-045
1137	56900	3.2406e-045
1138	56950	3.2406e-045
1139	57000	2.31291e-045
1140	57050	2.31291e-045
1141	57100	2.31291e-045
1142	57150	2.31291e-045
1143	57200	2.31291e-045
1144	57250	2.31291e-045
1145	57300	2.31291e-045
1146	57350	2.31291e-045
1147	57400	2.31291e-045
1148	57450	1.48014e-045
1149	57500	1.48014e-045
1150	57550	1.41063e-045
1151	57600	1.41063e-045
1152	57650	1.41063e-045
1153	57700	5.00753e-046
1154	57750	5.00753e-046
1155	57800	5.00753e-046
1156	57850	5.00753e-046
1157	57900	5.00753e-046
1158	57950	5.00753e-046
1159	58000	5.00753e-046
1160	58050	5.00753e-046
1161	58100	5.00753e-046
1162	58150	5.00753e-046
1163	58200	4.9764e-046
1164	58250	2.43225e-046
1165	58300	2.43225e-046
1166	58350	2.43225e-046
1167	58400	1.7795e-046
1168	58450	1.7795e-046
1169	58500	1.7795e-046
1170	58550	1.7795e-046
1171	58600	1.75739e-046
1172	58650	1.69406e-046
1173	58700	1.32996e-046
1174	58750	1.32319e-046
1175	58800	1.29941e-046
1176	58850	6.73286e-047
1177	58900	6.73286e-047
1178	58950	6.73286e-047
1179	59000	6.73286e-047
1180	59050	6.73286e-047
1181	59100	6.56418e-047
1182	59150	6.56418e-047
1183	59200	6.22701e-047
1184	59250	3.63422e-047
1185	59300	2.70361e-047
1186	59350	2.458e-047
1187	59400	2.21043e-047
1188	59450	2.21043e-047
1189	59500	2.21043e-047
1190	59550	2.21043e-047
1191	59600	1.0679e-047
1192	59650	1.0679e-047
1193	59700	1.0679e-047
1194	59750	4.66098e-048
1195	59800	4.66098e-048
1196	59850	4.66098e-048
1197	59900	4.66098e-048
1198	59950	4.66098e-048
1199	60000	4.66098e-048
1200	60050	4.66098e-048
1201	60100	4.66098e-048
1202	60150	4.66098e-048
1203	60200	4.66098e-048
1204	60250	4.66098e-048
1205	60300	4.66098e-048
1206	60350	4.66098e-048
1207	60400	4.66098e-048
1208	60450	4.22686e-048
1209	60500	4.15734e-048
1210	60550	4.15734e-048
1211	60600	4.15734e-048
1212	60650	4.15734e-048
1213	60700	1.78572e-048
1214	60750	1.78572e-048
1215	60800	1.78572e-048
1216	60850	1.78572e-048
1217	60900	1.78572e-048
1218	60950	1.65838e-048
1219	61000	1.55191e-048
1220	61050	1.55191e-048
1221	61100	1.54389e-048
1222	61150	1.47184e-048
1223	61200	8.52651e-049
1224	61250	7.22963e-049
1225	61300	7.22963e-049
1226	61350	6.26444e-049
1227	61400	5.85617e-049
1228	61450	4.11003e-049
1229	61500	4.11003e-049
1230	61550	4.11003e-049
1231	61600	3.0249e-049
1232	61650	3.0249e-049
1233	61700	2.61584e-049
1234	61750	2.61584e-049
1235	61800	2.61584e-049
1236	61850	1.44631e-049
1237	61900	1.11445e-049
1238	61950	1.11445e-049
1239	62000	1.11445e-049
1240	62050	1.11445e-049
1241	62100	1.00626e-049
1242	62150	1.00309e-049
1243	62200	1.00309e-049
1244	62250	1.00309e-049
1245	62300	8.93806e-050
1246	62350	3.33639e-050
1247	62400	3.33639e-050
1248	62450	3.33639e-050
1249	62500	3.33639e-050
1250	62550	3.00848e-050
1251	62600	2.34778e-050
1252	62650	2.15702e-050
1253	62700	1.90793e-050
1254	62750	1.90793e-050
1255	62800	1.90793e-050
1256	62850	1.90793e-050
1257	62900	1.90793e-050
1258	62950	1.90793e-050
1259	63000	1.90793e-050
1260	63050	1.90793e-050
1261	63100	1.90793e-050
1262	63150	1.90793e-050
1263	63200	1.90793e-050
1264	63250	9.48455e-051
1265	63300	9.48455e-051
1266	63350	9.48455e-051
1267	63400	9.48455e-051
1268	63450	6.65131e-051
1269	63500	6.65131e-051
1270	63550	6.65131e-051
1271	63600	6.65131e-051
1272	63650	6.392e-051
1273	63700	6.392e-051
1274	63750	5.72814e-051
1275	63800	5.72814e-051
1276	63850	5.72814e-051
1277	63900	3.84927e-051
1278	63950	3.44193e-051
1279	64000	3.03192e-051
1280	64050	2.57483e-051
1281	64100	2.26134e-051
1282	64150	1.87098e-051
1283	64200	1.47017e-051
1284	64250	1.24774e-051
1285	64300	1.24774e-051
1286	64350	1.24774e-051
1287	64400	9.61933e-052
1288	64450	9.61933e-052
1289	64500	9.61933e-052
1290	64550	5.10722e-052
1291	64600	5.10722e-052
1292	64650	5.10722e-052
1293	64700	4.54923e-052
1294	64750	4.54923e-052
1295	64800	4.54923e-052
1296	64850	4.54923e-052
1297	64900	4.54923e-052
1298	64950	4.06669e-052
1299	65000	3.89392e-052
1300	65050	3.34046e-052
1301	65100	3.34046e-052
1302	65150	2.6504e-052
1303	65200	2.50176e-052
1304	65250	2.50176e-052
1305	65300	2.40413e-052
1306	65350	2.40413e-052
1307	65400	1.74052e-052
1308	65450	1.74052e-052
1309	65500	1.737e-052
1310	65550	1.737e-052
1311	65600	1.65241e-052
1312	65650	1.28678e-052
1313	65700	8.30426e-053
1314	65750	8.30426e-053
1315	65800	7.82265e-053
1316	65850	7.82265e-053
1317	65900	6.64578e-053
1318	65950	6.64578e-053
1319	66000	6.64578e-053
1320	66050	6.04185e-053
1321	66100	4.39373e-053
1322	66150	3.86264e-053
1323	66200	3.79465e-053
1324	66250	3.79465e-053
1325	66300	3.79465e-053
1326	66350	3.79465e-053
1327	66400	3.70278e-053
1328	66450	2.24481e-053
1329	66500	1.01156e-053
1330	66550	1.01156e-053
1331	66600	1.01156e-053
1332	66650	1.01156e-053
1333	66700	1.01156e-053
1334	66750	1.01156e-053
1335	66800	1.01156e-053
1336	66850	1.01156e-053
1337	66900	1.01156e-053
1338	66950	1.01156e-053
1339	67000	1.00485e-053
1340	67050	1.00485e-053
1341	67100	7.06332e-054
1342	67150	7.06332e-054
1343	67200	5.75298e-054
1344	67250	5.4798e-054
1345	67300	5.4798e-054
1346	67350	4.59038e-054
1347	67400	4.246e-054
1348	67450	3.42667e-054
1349	67500	3.1844e-054
1350	67550	2.87319e-054
1351	67600	2.87319e-054
1352	67650	1.2473e-054
1353	67700	1.2473e-054
1354	67750	7.91591e-055
1355	67800	7.91591e-055
1356	67850	7.91591e-055
1357	67900	7.91591e-055
1358	67950	7.91591e-055
1359	68000	7.91591e-055
1360	68050	6.71867e-055
1361	68100	6.71867e-055
1362	68150	6.71867e-055
1363	68200	6.71867e-055
1364	68250	6.71867e-055
1365	68300	3.19892e-055
1366	68350	3.19892e-055
1367	68400	3.19892e-055
1368	68450	3.19892e-055
1369	68500	3.19892e-055
1370	68550	3.19892e-055
1371	68600	3.19892e-055
1372	68650	3.19892e-055
1373	68700	3.19892e-055
1374	68750	2.65491e-055
1375	68800	2.42383e-055
1376	68850	2.01175e-055
1377	68900	2.01175e-055
1378	68950	2.01175e-055
1379	69000	2.01175e-055
1380	69050	1.98633e-055
1381	69100	1.98633e-055
1382	69150	1.98633e-055
1383	69200	1.98633e-055
1384	69250	1.98633e-055
1385	69300	1.64478e-055
1386	69350	1.4736e-055
1387	69400	1.26359e-055
1388	69450	1.26359e-055
1389	69500	1.26359e-055
1390	69550	1.03907e-055
1391	69600	1.03907e-055
1392	69650	9.68956e-056
1393	69700	5.59334e-056
1394	69750	5.59334e-056
1395	69800	5.59334e-056
1396	69850	5.59334e-056
1397	69900	5.54524e-056
1398	69950	3.61393e-056
1399	70000	3.61393e-056
1400	70050	3.61393e-056
1401	70100	3.428e-056
1402	70150	3.428e-056
1403	70200	1.41696e-056
1404	70250	1.41696e-056
1405	70300	1.41696e-056
1406	70350	1.41696e-056
1407	70400	1.41696e-056
1408	70450	1.41696e-056
1409	70500	1.41696e-056
1410	70550	1.41631e-056
1411	70600	1.22147e-056
1412	70650	9.63622e-057
1413	70700	9.63622e-057
1414	70750	9.63622e-057
1415	70800	9.63622e-057
1416	70850	7.64704e-057
1417	70900	7.64704e-057
1418	70950	7.40688e-057
1419	71000	7.07887e-057
1420	71050	7.07887e-057
1421	71100	4.98674e-057
1422	71150	4.52715e-057
1423	71200	4.52709e-057
1424	71250	3.24875e-057
1425	71300	3.24875e-057
1426	71350	1.73474e-057
1427	71400	1.73474e-057
1428	71450	1.73474e-057
1429	71500	1.73474e-057
1430	71550	1.73474e-057
1431	71600	1.20668e-057
1432	71650	1.20668e-057
1433	71700	1.08243e-057
1434	71750	1.08243e-057
1435	71800	1.08243e-057
1436	71850	1.08243e-057
1437	71900	1.08243e-057
1438	71950	1.08243e-057
1439	72000	1.07273e-057
1440	72050	1.07273e-057
1441	72100	1.05467e-057
1442	72150	1.03131e-057
1443	72200	1.03131e-057
1444	72250	8.62139e-058
1445	72300	7.42126e-058
1446	72350	5.54076e-058
1447	72400	3.87478e-058
1448	72450	3.87478e-058
1449	72500	3.65465e-058
1450	72550	3.36381e-058
1451	72600	1.38636e-058
1452	72650	1.38636e-058
1453	72700	1.38636e-058
1454	72750	1.38636e-058
1455	72800	1.25302e-058
1456	72850	1.25302e-058
1457	72900	1.25302e-058
1458	72950	1.25302e-058
1459	73000	8.65535e-059
1460	73050	8.65535e-059
1461	73100	8.65535e-059
1462	73150	8.65535e-059
1463	73200	8.56803e-059
1464	73250	3.63833e-059
1465	73300	3.1212e-059
1466	73350	3.1212e-059
1467	73400	2.80724e-059
1468	73450	2.80724e-059
1469	73500	2.80724e-059
1470	73550	2.01934e-059
1471	73600	2.01934e-059
1472	73650	2.01934e-059
1473	73700	1.83613e-059
1474	73750	1.81309e-059
1475	73800	1.81309e-059
1476	73850	1.81309e-059
1477	73900	1.69412e-059
1478	73950	1.69412e-059
1479	74000	1.50812e-059
1480	74050	1.3989e-059
1481	74100	9.1839e-060
1482	74150	8.55359e-060
1483	74200	7.85252e-060
1484	74250	7.85252e-060
1485	74300	7.85252e-060
1486	74350	3.31798e-060
1487	74400	3.209e-060
1488	74450	3.209e-060
1489	74500	3.209e-060
1490	74550	3.209e-060
1491	74600	3.209e-060
1492	74650	3.209e-060
1493	74700	3.209e-060
1494	74750	2.35831e-060
1495	74800	2.09714e-060
1496	74850	2.09714e-060
1497	74900	2.09714e-060
1498	74950	2.09714e-060
1499	75000	2.09714e-060
1500	75050	2.09714e-060
1501	75100	2.09714e-060
1502	75150	1.74297e-060
1503	75200	1.74297e-060
1504	75250	1.59191e-060
1505	75300	1.22328e-060
1506	75350	8.27678e-061
1507	75400	8.27678e-061
1508	75450	8.27678e-061
1509	75500	8.27678e-061
1510	75550	7.91062e-061
1511	75600	6.18038e-061
1512	75650	6.18038e-061
1513	75700	6.18038e-061
1514	75750	5.13674e-061
1515	75800	2.6114e-061
1516	75850	2.6114e-061
1517	75900	2.6114e-061
1518	75950	2.6114e-061
1519	76000	2.43455e-061
1520	76050	2.43455e-061
1521	76100	1.70457e-061
1522	76150	1.685e-061
1523	76200	1.685e-061
1524	76250	1.685e-061
1525	76300	1.685e-061
1526	76350	1.685e-061
1527	76400	9.33979e-062
1528	76450	9.33979e-062
1529	76500	9.33979e-062
1530	76550	9.33979e-062
1531	76600	9.33979e-062
1532	76650	9.33979e-062
1533	76700	9.33979e-062
1534	76750	6.85233e-062
1535	76800	6.85233e-062
1536	76850	6.85233e-062
1537	76900	6.85233e-062
1538	76950	5.18686e-062
1539	77000	5.18686e-062
1540	77050	5.18686e-062
1541	77100	3.55426e-062
1542	77150	3.26676e-062
1543	77200	3.26676e-062
1544	77250	2.6063e-062
1545	77300	2.46507e-062
1546	77350	2.25833e-062
1547	77400	2.25833e-062
1548	77450	2.25833e-062
1549	77500	1.77724e-062
1550	77550	1.2302e-062
1551	77600	1.2302e-062
1552	77650	7.90134e-063
1553	77700	7.90134e-063
1554	77750	7.90134e-063
1555	77800	7.90134e-063
1556	77850	7.90134e-063
1557	77900	7.90134e-063
1558	77950	5.58582e-063
1559	78000	5.58582e-063
1560	78050	5.58582e-063
1561	78100	5.48365e-063
1562	78150	5.48365e-063
1563	78200	4.7438e-063
1564	78250	4.7438e-063
1565	78300	4.71298e-063
1566	78350	4.71298e-063
1567	78400	4.71298e-063
1568	78450	4.71298e-063
1569	78500	4.71298e-063
1570	78550	4.71298e-063
1571	78600	3.14015e-063
1572	78650	3.14015e-063
1573	78700	3.14015e-063
1574	78750	2.10025e-063
1575	78800	1.76476e-063
1576	78850	1.74682e-063
1577	78900	1.74682e-063
1578	78950	1.74682e-063
1579	79000	1.74682e-063
1580	79050	1.74682e-063
1581	79100	1.72654e-063
1582	79150	1.40153e-063
1583	79200	1.07257e-063
1584	79250	1.07257e-063
1585	79300	1.07257e-063
1586	79350	7.61395e-064
1587	79400	7.61395e-064
1588	79450	7.61395e-064
1589	79500	7.61395e-064
1590	79550	5.8441e-064
1591	79600	4.91372e-064
1592	79650	3.74286e-064
1593	79700	3.69339e-064
1594	79750	3.67658e-064
1595	79800	3.67658e-064
1596	79850	3.67658e-064
1597	79900	2.20183e-064
1598	79950	2.19331e-064
1599	80000	2.14694e-064
1600	80050	2.14694e-064
1601	80100	2.14694e-064
1602	80150	1.6257e-064
1603	80200	1.6257e-064
1604	80250	1.58502e-064
1605	80300	1.26371e-064
1606	80350	1.26371e-064
1607	80400	1.20057e-064
1608	80450	1.18694e-064
1609	80500	1.07159e-064
1610	80550	1.07159e-064
1611	80600	1.07159e-064
1612	80650	1.04108e-064
1613	80700	6.31988e-065
1614	80750	5.37744e-065
1615	80800	4.50783e-065
1616	80850	3.98278e-065
1617	80900	3.98278e-065
1618	80950	3.34675e-065
1619	81000	3.34675e-065
1620	81050	3.31159e-065
1621	81100	3.31159e-065
1622	81150	3.31159e-065
1623	81200	2.20523e-065
1624	81250	2.20523e-065
1625	81300	1.78188e-065
1626	81350	1.78188e-065
1627	81400	1.78188e-065
1628	81450	1.78188e-065
1629	81500	1.45152e-065
1630	81550	1.45152e-065
1631	81600	1.42829e-065
1632	81650	1.27664e-065
1633	81700	1.24776e-065
1634	81750	1.24776e-065
1635	81800	6.80449e-066
1636	81850	4.70252e-066
1637	81900	1.81093e-066
1638	81950	1.81093e-066
1639	82000	1.73995e-066
1640	82050	1.73995e-066
1641	82100	1.73995e-066
1642	82150	1.73995e-066
1643	82200	1.73995e-066
1644	82250	1.73995e-066
1645	82300	1.17702e-066
1646	82350	1.17702e-066
1647	82400	8.01881e-067
1648	82450	8.01881e-067
1649	82500	7.84489e-067
1650	82550	7.84489e-067
1651	82600	7.84489e-067
1652	82650	7.84489e-067
1653	82700	7.84489e-067
1654	82750	7.84489e-067
1655	82800	7.84489e-067
1656	82850	2.7358e-067
1657	82900	2.69231e-067
1658	82950	2.69231e-067
1659	83000	2.69231e-067
1660	83050	2.69231e-067
1661	83100	2.49064e-067
1662	83150	2.49064e-067
1663	83200	2.3577e-067
1664	83250	2.3577e-067
1665	83300	2.3577e-067
1666	83350	2.3577e-067
1667	83400	2.3577e-067
1668	83450	2.0942e-067
1669	83500	2.0942e-067
1670	83550	1.7787e-067
1671	83600	1.7787e-067
1672	83650	1.4652e-067
1673	83700	1.4652e-067
1674	83750	1.25941e-067
1675	83800	1.25941e-067
1676	83850	1.24248e-067
1677	83900	1.24248e-067
1678	83950	1.00901e-067
1679	84000	1.00901e-067
1680	84050	9.45482e-068
1681	84100	8.70582e-068
1682	84150	8.70582e-068
1683	84200	8.4223e-068
1684	84250	8.4223e-068
1685	84300	6.23835e-068
1686	84350	6.23835e-068
1687	84400	6.23835e-068
1688	84450	4.17628e-068
1689	84500	4.17628e-068
1690	84550	2.09584e-068
1691	84600	2.09584e-068
1692	84650	2.09584e-068
1693	84700	2.09584e-068
1694	84750	2.09584e-068
1695	84800	2.00673e-068
1696	84850	1.826e-068
1697	84900	6.87316e-069
1698	84950	6.87316e-069
1699	85000	6.87316e-069
1700	85050	6.87316e-069
1701	85100	6.87316e-069
1702	85150	6.87316e-069
1703	85200	6.87316e-069
1704	85250	6.87316e-069
1705	85300	4.52526e-069
1706	85350	4.52526e-069
1707	85400	4.28742e-069
1708	85450	4.28742e-069
1709	85500	4.21402e-069
1710	85550	4.21402e-069
1711	85600	4.21402e-069
1712	85650	3.9323e-069
1713	85700	2.71454e-069
1714	85750	2.71454e-069
1715	85800	2.71454e-069
1716	85850	2.71454e-069
1717	85900	2.08892e-069
1718	85950	2.08892e-069
1719	86000	2.08892e-069
1720	86050	1.60113e-069
1721	86100	1.60113e-069
1722	86150	1.56738e-069
1723	86200	1.19184e-069
1724	86250	1.19184e-069
1725	86300	1.19184e-069
1726	86350	7.63009e-070
1727	86400	7.63009e-070
1728	86450	6.81197e-070
1729	86500	6.74678e-070
1730	86550	6.37182e-070
1731	86600	5.59382e-070
1732	86650	3.67474e-070
1733	86700	3.30516e-070
1734	86750	3.30516e-070
1735	86800	3.30516e-070
1736	86850	3.30516e-070
1737	86900	1.58882e-070
1738	86950	1.58882e-070
1739	87000	1.58882e-070
1740	87050	1.58882e-070
1741	87100	1.58882e-070
1742	87150	1.58882e-070
1743	87200	1.54208e-070
1744	87250	1.54208e-070
1745	87300	1.54208e-070
1746	87350	1.54208e-070
1747	87400	1.54208e-070
1748	87450	1.54208e-070
1749	87500	1.54208e-070
1750	87550	8.00059e-071
1751	87600	6.35921e-071
1752	87650	3.33088e-071
1753	87700	3.33088e-071
1754	87750	3.33088e-071
1755	87800	3.33088e-071
1756	87850	3.33088e-071
1757	87900	3.22031e-071
1758	87950	3.22031e-071
1759	88000	2.49272e-071
1760	88050	2.49272e-071
1761	88100	2.49272e-071
1762	88150	2.49272e-071
1763	88200	2.49272e-071
1764	88250	2.49272e-071
1765	88300	1.54467e-071
1766	88350	1.54467e-071
1767	88400	1.54467e-071
1768	88450	1.54467e-071
1769	88500	1.54467e-071
1770	88550	1.54467e-071
1771	88600	1.14828e-071
1772	88650	1.14828e-071
1773	88700	1.14828e-071
1774	88750	1.12351e-071
1775	88800	1.12351e-071
1776	88850	1.12351e-071
1777	88900	9.96376e-072
1778	88950	9.35044e-072
1779	89000	9.35044e-072
1780	89050	9.10378e-072
1781	89100	9.0519e-072
1782	89150	9.0519e-072
1783	89200	9.0519e-072
1784	89250	5.88929e-072
1785	89300	5.88929e-072
1786	89350	5.88929e-072
1787	89400	2.18328e-072
1788	89450	2.18328e-072
1789	89500	2.18328e-072
1790	89550	2.18328e-072
1791	89600	2.18328e-072
1792	89650	2.18328e-072
1793	89700	1.99872e-072
1794	89750	1.99872e-072
1795	89800	1.99872e-072
1796	89850	1.95289e-072
1797	89900	1.77536e-072
1798	89950	1.77536e-072
1799	90000	1.59868e-072
1800	90050	1.59868e-072
1801	90100	9.14883e-073
1802	90150	9.14883e-073
1803	90200	9.14883e-073
1804	90250	6.60398e-073
1805	90300	6.60398e-073
1806	90350	6.60398e-073
1807	90400	6.60398e-073
1808	90450	4.57714e-073
1809	90500	4.57714e-073
1810	90550	4.57714e-073
1811	90600	2.00825e-073
1812	90650	2.00825e-073
1813	90700	2.00825e-073
1814	90750	1.84238e-073
1815	90800	9.46424e-074
1816	90850	6.34676e-074
1817	90900	6.34676e-074
1818	90950	6.34676e-074
1819	91000	6.34676e-074
1820	91050	6.34676e-074
1821	91100	6.34676e-074
1822	91150	6.34676e-074
1823	91200	6.34676e-074
1824	91250	6.34676e-074
1825	91300	6.34676e-074
1826	91350	6.34676e-074
1827	91400	6.34676e-074
1828	91450	6.34676e-074
1829	91500	6.34676e-074
1830	91550	6.34676e-074
1831	91600	6.34676e-074
1832	91650	6.34676e-074
1833	91700	6.30783e-074
1834	91750	6.30783e-074
1835	91800	6.04329e-074
1836	91850	5.07237e-074
1837	91900	3.06549e-074
1838	91950	3.06549e-074
1839	92000	2.91221e-074
1840	92050	2.74832e-074
1841	92100	1.75023e-074
1842	92150	1.75023e-074
1843	92200	1.75023e-074
1844	92250	1.75023e-074
1845	92300	1.75023e-074
1846	92350	1.75023e-074
1847	92400	1.75023e-074
1848	92450	1.73477e-074
1849	92500	1.48388e-074
1850	92550	1.24859e-074
1851	92600	1.21936e-074
1852	92650	1.21936e-074
1853	92700	1.21936e-074
1854	92750	1.017e-074
1855	92800	1.017e-074
1856	92850	6.73183e-075
1857	92900	6.73183e-075
1858	92950	6.73183e-075
1859	93000	6.73183e-075
1860	93050	6.73183e-075
1861	93100	5.79902e-075
1862	93150	5.2934e-075
1863	93200	5.2934e-075
1864	93250	5.17642e-075
1865	93300	4.01408e-075
1866	93350	2.68097e-075
1867	93400	2.68097e-075
1868	93450	2.32349e-075
1869	93500	2.13974e-075
1870	93550	1.30541e-075
1871	93600	1.30541e-075
1872	93650	1.26192e-075
1873	93700	1.26192e-075
1874	93750	1.17155e-075
1875	93800	8.78775e-076
1876	93850	8.78775e-076
1877	93900	8.78775e-076
1878	93950	6.7224e-076
1879	94000	6.23401e-076
1880	94050	6.23401e-076
1881	94100	5.81589e-076
1882	94150	5.81589e-076
1883	94200	5.15442e-076
1884	94250	5.03893e-076
1885	94300	3.85887e-076
1886	94350	3.85887e-076
1887	94400	3.52466e-076
1888	94450	3.52466e-076
1889	94500	3.29732e-076
1890	94550	2.10668e-076
1891	94600	2.01278e-076
1892	94650	1.72243e-076
1893	94700	9.04816e-077
1894	94750	9.04816e-077
1895	94800	9.04816e-077
1896	94850	7.5708e-077
1897	94900	7.5708e-077
1898	94950	7.5708e-077
1899	95000	7.5708e-077
1900	95050	7.5708e-077
1901	95100	6.74338e-077
1902	95150	6.74338e-077
1903	95200	6.21763e-077
1904	95250	6.21763e-077
1905	95300	6.21763e-077
1906	95350	6.21763e-077
1907	95400	3.33894e-077
1908	95450	3.33894e-077
1909	95500	3.23699e-077
1910	95550	3.23699e-077
1911	95600	3.01564e-077
1912	95650	3.01564e-077
1913	95700	3.01564e-077
1914	95750	2.21534e-077
1915	95800	2.21534e-077
1916	95850	1.86631e-077
1917	95900	1.86631e-077
1918	95950	1.34016e-077
1919	96000	4.29774e-078
1920	96050	4.29774e-078
1921	96100	4.29774e-078
1922	96150	4.29774e-078
1923	96200	4.29774e-078
1924	96250	4.29774e-078
1925	96300	4.29774e-078
1926	96350	4.29774e-078
1927	96400	4.29774e-078
1928	96450	4.29774e-078
1929	96500	4.29774e-078
1930	96550	3.88186e-078
1931	96600	3.88186e-078
1932	96650	3.36028e-078
1933	96700	2.71555e-078
1934	96750	2.71555e-078
1935	96800	2.71555e-078
1936	96850	2.71555e-078
1937	96900	2.34314e-078
1938	96950	2.34314e-078
1939	97000	2.34314e-078
1940	97050	2.1655e-078
1941	97100	2.02502e-078
1942	97150	1.86254e-078
1943	97200	1.86254e-078
1944	97250	1.86254e-078
1945	97300	1.86254e-078
1946	97350	1.86254e-078
1947	97400	1.72962e-078
1948	97450	1.01369e-078
1949	97500	1.01369e-078
1950	97550	1.01369e-078
1951	97600	1.01369e-078
1952	97650	9.93419e-079
1953	97700	7.85357e-079
1954	97750	7.85357e-079
1955	97800	5.21982e-079
1956	97850	4.81358e-079
1957	97900	3.55769e-079
1958	97950	2.65009e-079
1959	98000	2.65009e-079
1960	98050	1.81748e-079
1961	98100	1.81748e-079
1962	98150	1.81699e-079
1963	98200	1.81699e-079
1964	98250	1.81699e-079
1965	98300	1.81699e-079
1966	98350	1.81699e-079
1967	98400	1.81699e-079
1968	98450	1.81699e-079
1969	98500	1.81699e-079
1970	98550	1.81215e-079
1971	98600	1.71968e-079
1972	98650	1.71968e-079
1973	98700	1.15449e-079
1974	98750	1.15449e-079
1975	98800	1.12529e-079
1976	98850	8.90479e-080
1977	98900	8.90479e-080
1978	98950	8.37153e-080
1979	99000	5.47411e-080
1980	99050	5.15967e-080
1981	99100	5.0119e-080
1982	99150	2.81773e-080
1983	99200	2.81773e-080
1984	99250	2.81773e-080
1985	99300	2.78205e-080
1986	99350	2.78205e-080
1987	99400	2.74869e-080
1988	99450	2.40304e-080
1989	99500	2.40304e-080
1990	99550	2.40304e-080
1991	99600	2.35931e-080
1992	99650	1.94871e-080
1993	99700	1.94871e-080
1994	99750	1.94871e-080
1995	99800	1.81048e-080
1996	99850	9.34749e-081
1997	99900	9.34749e-081
1998	99950	9.34749e-081
1999	100000	9.34749e-081
2000	100050	8.58752e-081
