1	100	778.749
2	150	778.749
3	200	583.23
4	250	583.23
5	300	515.902
6	350	504.155
7	400	504.155
8	450	380.154
9	500	206.549
10	550	206.549
11	600	206.549
12	650	206.549
13	700	206.549
14	750	206.549
15	800	153.675
16	850	153.675
17	900	87.3893
18	950	87.3893
19	1000	74.6372
20	1050	74.6372
21	1100	66.0081
22	1150	66.0081
23	1200	66.0081
24	1250	66.0081
25	1300	66.0081
26	1350	66.0081
27	1400	66.0081
28	1450	61.3711
29	1500	55.5135
30	1550	53.2604
31	1600	45.9727
32	1650	35.7779
33	1700	35.4274
34	1750	22.6295
35	1800	22.6295
36	1850	22.6295
37	1900	22.6295
38	1950	22.6295
39	2000	22.6295
40	2050	21.6171
41	2100	14.6091
42	2150	14.6091
43	2200	14.6091
44	2250	14.6091
45	2300	12.8939
46	2350	11.3146
47	2400	11.3146
48	2450	4.67994
49	2500	3.16803
50	2550	3.16803
51	2600	3.16803
52	2650	3.16803
53	2700	3.04118
54	2750	2.34655
55	2800	2.34655
56	2850	2.34655
57	2900	2.34655
58	2950	2.34655
59	3000	1.54979
60	3050	1.54979
61	3100	1.54979
62	3150	1.54979
63	3200	1.15188
64	3250	1.15188
65	3300	1.15188
66	3350	1.15188
67	3400	1.15188
68	3450	1.15188
69	3500	0.778244
70	3550	0.778244
71	3600	0.778244
72	3650	0.765386
73	3700	0.516004
74	3750	0.516004
75	3800	0.516004
76	3850	0.498009
77	3900	0.48281
78	3950	0.48281
79	4000	0.475576
80	4050	0.328468
81	4100	0.247969
82	4150	0.122261
83	4200	0.122261
84	4250	0.122261
85	4300	0.122261
86	4350	0.122261
87	4400	0.0875068
88	4450	0.0875068
89	4500	0.0806355
90	4550	0.0806355
91	4600	0.0735859
92	4650	0.0735859
93	4700	0.0735859
94	4750	0.0735859
95	4800	0.0735859
96	4850	0.0735859
97	4900	0.0735859
98	4950	0.0695083
99	5000	0.0695083
100	5050	0.0684076
101	5100	0.0504289
102	5150	0.0340504
103	5200	0.0340504
104	5250	0.0340448
105	5300	0.0340448
106	5350	0.0340448
107	5400	0.0253247
108	5450	0.0110241
109	5500	0.0110241
110	5550	0.0110241
111	5600	0.0108154
112	5650	0.0108154
113	5700	0.0108154
114	5750	0.00673389
115	5800	0.00673389
116	5850	0.00673389
117	5900	0.00673389
118	5950	0.00673389
119	6000	0.00673389
120	6050	0.00667315
121	6100	0.00667315
122	6150	0.00666886
123	6200	0.00666886
124	6250	0.00483758
125	6300	0.00483758
126	6350	0.00369762
127	6400	0.00346044
128	6450	0.00305144
129	6500	0.00305144
130	6550	0.0018118
131	6600	0.0018118
132	6650	0.0018118
133	6700	0.000812583
134	6750	0.000812583
135	6800	0.000797038
136	6850	0.000797038
137	6900	0.000788404
138	6950	0.000788404
139	7000	0.000788404
140	7050	0.000618789
141	7100	0.000618789
142	7150	0.000618789
143	7200	0.000423322
144	7250	0.000423322
145	7300	0.000423322
146	7350	0.000423322
147	7400	0.000423322
148	7450	0.000422787
149	7500	0.000422787
150	7550	0.000422787
151	7600	0.000422787
152	7650	0.000377225
153	7700	0.000377225
154	7750	0.000377225
155	7800	0.000276826
156	7850	0.00026473
157	7900	0.000228765
158	7950	0.000212832
159	8000	0.000124025
160	8050	9.91668e-005
161	8100	9.91668e-005
162	8150	9.91668e-005
163	8200	6.69273e-005
164	8250	6.69273e-005
165	8300	6.69273e-005
166	8350	6.69273e-005
167	8400	6.69273e-005
168	8450	6.69273e-005
169	8500	6.69273e-005
170	8550	4.90994e-005
171	8600	4.90994e-005
172	8650	4.90994e-005
173	8700	4.90994e-005
174	8750	2.72087e-005
175	8800	2.72087e-005
176	8850	2.63606e-005
177	8900	2.63606e-005
178	8950	1.55577e-005
179	9000	1.55577e-005
180	9050	1.55577e-005
181	9100	1.55577e-005
182	9150	1.55577e-005
183	9200	1.55577e-005
184	9250	1.05033e-005
185	9300	9.75444e-006
186	9350	9.75444e-006
187	9400	9.18435e-006
188	9450	9.18435e-006
189	9500	8.72659e-006
190	9550	6.27321e-006
191	9600	6.27321e-006
192	9650	6.27321e-006
193	9700	5.96547e-006
194	9750	5.96547e-006
195	9800	5.96547e-006
196	9850	4.99334e-006
197	9900	4.99334e-006
198	9950	4.99334e-006
199	10000	4.99334e-006
200	10050	4.99334e-006
201	10100	4.99334e-006
202	10150	4.8866e-006
203	10200	4.8866e-006
204	10250	4.8866e-006
205	10300	4.8866e-006
206	10350	3.35951e-006
207	10400	3.35951e-006
208	10450	1.50168e-006
209	10500	1.50168e-006
210	10550	1.35543e-006
211	10600	1.35543e-006
212	10650	1.01798e-006
213	10700	1.01798e-006
214	10750	1.01798e-006
215	10800	1.01798e-006
216	10850	1.00695e-006
217	10900	5.97697e-007
218	10950	5.97697e-007
219	11000	5.97697e-007
220	11050	5.97697e-007
221	11100	5.8966e-007
222	11150	5.8966e-007
223	11200	2.84996e-007
224	11250	2.84996e-007
225	11300	2.84996e-007
226	11350	2.84996e-007
227	11400	2.84996e-007
228	11450	2.84996e-007
229	11500	2.84996e-007
230	11550	2.84996e-007
231	11600	2.84996e-007
232	11650	2.84996e-007
233	11700	2.84996e-007
234	11750	2.84996e-007
235	11800	2.3075e-007
236	11850	1.93415e-007
237	11900	1.02747e-007
238	11950	1.02747e-007
239	12000	1.02747e-007
240	12050	7.81691e-008
241	12100	7.81691e-008
242	12150	7.81691e-008
243	12200	7.81691e-008
244	12250	7.81691e-008
245	12300	7.41524e-008
246	12350	7.41524e-008
247	12400	7.41524e-008
248	12450	3.27427e-008
249	12500	3.27427e-008
250	12550	3.27427e-008
251	12600	3.27427e-008
252	12650	3.27427e-008
253	12700	3.27427e-008
254	12750	3.27427e-008
255	12800	3.27427e-008
256	12850	3.27427e-008
257	12900	2.92892e-008
258	12950	2.92892e-008
259	13000	2.92892e-008
260	13050	2.728e-008
261	13100	2.728e-008
262	13150	2.728e-008
263	13200	2.50651e-008
264	13250	2.11807e-008
265	13300	1.03825e-008
266	13350	9.70998e-009
267	13400	8.19193e-009
268	13450	8.19193e-009
269	13500	8.13844e-009
270	13550	8.13844e-009
271	13600	8.13844e-009
272	13650	8.13844e-009
273	13700	6.80057e-009
274	13750	6.53581e-009
275	13800	6.02875e-009
276	13850	5.6907e-009
277	13900	5.6907e-009
278	13950	5.05559e-009
279	14000	4.83617e-009
280	14050	3.75215e-009
281	14100	2.88703e-009
282	14150	2.88703e-009
283	14200	1.55633e-009
284	14250	1.55633e-009
285	14300	9.40223e-010
286	14350	9.40223e-010
287	14400	7.58179e-010
288	14450	7.58179e-010
289	14500	7.58179e-010
290	14550	7.58179e-010
291	14600	7.58179e-010
292	14650	6.09122e-010
293	14700	6.09122e-010
294	14750	6.09122e-010
295	14800	6.09122e-010
296	14850	5.93899e-010
297	14900	5.45523e-010
298	14950	2.97641e-010
299	15000	2.83343e-010
300	15050	2.83343e-010
301	15100	2.83343e-010
302	15150	2.42539e-010
303	15200	2.42539e-010
304	15250	2.42539e-010
305	15300	1.03118e-010
306	15350	1.03118e-010
307	15400	1.03118e-010
308	15450	1.03118e-010
309	15500	1.03118e-010
310	15550	1.03118e-010
311	15600	1.03118e-010
312	15650	1.03118e-010
313	15700	1.02233e-010
314	15750	9.672e-011
315	15800	9.672e-011
316	15850	9.672e-011
317	15900	9.672e-011
318	15950	9.22496e-011
319	16000	7.87428e-011
320	16050	7.85918e-011
321	16100	5.5314e-011
322	16150	5.5314e-011
323	16200	4.54619e-011
324	16250	3.64428e-011
325	16300	3.50642e-011
326	16350	3.50642e-011
327	16400	3.50642e-011
328	16450	2.61591e-011
329	16500	2.61591e-011
330	16550	2.61591e-011
331	16600	1.83169e-011
332	16650	1.83169e-011
333	16700	1.83169e-011
334	16750	1.82874e-011
335	16800	8.58358e-012
336	16850	8.58358e-012
337	16900	5.75802e-012
338	16950	5.75802e-012
339	17000	5.75802e-012
340	17050	5.75802e-012
341	17100	4.02034e-012
342	17150	4.02034e-012
343	17200	4.02034e-012
344	17250	4.02034e-012
345	17300	4.02034e-012
346	17350	3.68375e-012
347	17400	3.68375e-012
348	17450	3.68375e-012
349	17500	3.68375e-012
350	17550	3.13043e-012
351	17600	3.13043e-012
352	17650	3.13043e-012
353	17700	3.13043e-012
354	17750	3.13043e-012
355	17800	3.02516e-012
356	17850	2.03105e-012
357	17900	2.03105e-012
358	17950	2.03105e-012
359	18000	1.29256e-012
360	18050	1.29256e-012
361	18100	1.29256e-012
362	18150	1.29256e-012
363	18200	1.29256e-012
364	18250	1.29256e-012
365	18300	1.25228e-012
366	18350	1.25228e-012
367	18400	1.03471e-012
368	18450	1.03471e-012
369	18500	8.12033e-013
370	18550	3.82321e-013
371	18600	3.82321e-013
372	18650	3.218e-013
373	18700	3.218e-013
374	18750	3.218e-013
375	18800	3.218e-013
376	18850	2.83292e-013
377	18900	1.58033e-013
378	18950	1.58033e-013
379	19000	1.58033e-013
380	19050	1.58033e-013
381	19100	1.58033e-013
382	19150	1.58033e-013
383	19200	1.58033e-013
384	19250	1.58033e-013
385	19300	1.34396e-013
386	19350	1.34396e-013
387	19400	1.34396e-013
388	19450	1.34396e-013
389	19500	1.34396e-013
390	19550	1.34396e-013
391	19600	1.03716e-013
392	19650	9.39484e-014
393	19700	7.05789e-014
394	19750	7.05789e-014
395	19800	7.05789e-014
396	19850	5.63463e-014
397	19900	5.63463e-014
398	19950	5.44364e-014
399	20000	2.55737e-014
400	20050	2.55737e-014
401	20100	2.55737e-014
402	20150	2.16182e-014
403	20200	2.16182e-014
404	20250	2.16182e-014
405	20300	2.16182e-014
406	20350	2.16182e-014
407	20400	2.04962e-014
408	20450	3.48797e-015
409	20500	3.48797e-015
410	20550	3.22788e-015
411	20600	3.22788e-015
412	20650	3.22788e-015
413	20700	3.22788e-015
414	20750	2.68097e-015
415	20800	2.68097e-015
416	20850	2.68097e-015
417	20900	2.68097e-015
418	20950	2.68097e-015
419	21000	2.68097e-015
420	21050	2.68097e-015
421	21100	2.68097e-015
422	21150	2.68097e-015
423	21200	2.68097e-015
424	21250	2.68097e-015
425	21300	2.68097e-015
426	21350	2.32119e-015
427	21400	2.32119e-015
428	21450	2.32119e-015
429	21500	2.21502e-015
430	21550	2.21502e-015
431	21600	1.85999e-015
432	21650	1.85999e-015
433	21700	1.73825e-015
434	21750	1.62758e-015
435	21800	1.45409e-015
436	21850	8.06061e-016
437	21900	6.76803e-016
438	21950	6.76803e-016
439	22000	6.76803e-016
440	22050	6.47791e-016
441	22100	6.18895e-016
442	22150	6.18895e-016
443	22200	4.58691e-016
444	22250	4.58691e-016
445	22300	4.45867e-016
446	22350	4.45867e-016
447	22400	4.45867e-016
448	22450	4.45867e-016
449	22500	4.45867e-016
450	22550	4.03618e-016
451	22600	4.03618e-016
452	22650	3.41002e-016
453	22700	2.69329e-016
454	22750	2.29488e-016
455	22800	2.29488e-016
456	22850	2.29488e-016
457	22900	1.86251e-016
458	22950	1.75886e-016
459	23000	1.50784e-016
460	23050	1.50784e-016
461	23100	1.16523e-016
462	23150	1.16523e-016
463	23200	2.72105e-017
464	23250	2.72105e-017
465	23300	1.66571e-017
466	23350	1.66571e-017
467	23400	1.66571e-017
468	23450	1.66571e-017
469	23500	1.66571e-017
470	23550	1.66571e-017
471	23600	1.66571e-017
472	23650	1.66571e-017
473	23700	1.66571e-017
474	23750	1.66571e-017
475	23800	1.66571e-017
476	23850	1.58601e-017
477	23900	1.40123e-017
478	23950	1.40123e-017
479	24000	1.40123e-017
480	24050	1.40123e-017
481	24100	1.40123e-017
482	24150	1.40123e-017
483	24200	9.63129e-018
484	24250	9.63129e-018
485	24300	9.63129e-018
486	24350	9.63129e-018
487	24400	9.63129e-018
488	24450	9.26617e-018
489	24500	9.26617e-018
490	24550	9.21929e-018
491	24600	9.21929e-018
492	24650	3.43093e-018
493	24700	2.21167e-018
494	24750	2.21167e-018
495	24800	2.21167e-018
496	24850	2.21167e-018
497	24900	2.21167e-018
498	24950	2.21167e-018
499	25000	1.5609e-018
500	25050	1.5609e-018
501	25100	1.5609e-018
502	25150	1.5609e-018
503	25200	1.5609e-018
504	25250	1.55564e-018
505	25300	1.51434e-018
506	25350	1.51434e-018
507	25400	1.51434e-018
508	25450	1.51434e-018
509	25500	1.51434e-018
510	25550	1.17921e-018
511	25600	1.17921e-018
512	25650	1.10751e-018
513	25700	7.70536e-019
514	25750	7.69637e-019
515	25800	6.47936e-019
516	25850	6.47936e-019
517	25900	3.26245e-019
518	25950	3.26245e-019
519	26000	3.26245e-019
520	26050	2.8668e-019
521	26100	2.8668e-019
522	26150	2.8668e-019
523	26200	2.8668e-019
524	26250	2.8668e-019
525	26300	2.8668e-019
526	26350	2.8668e-019
527	26400	2.8668e-019
528	26450	2.19759e-019
529	26500	1.94534e-019
530	26550	1.69612e-019
531	26600	1.69612e-019
532	26650	1.69612e-019
533	26700	1.50999e-019
534	26750	1.2217e-019
535	26800	1.12534e-019
536	26850	1.12534e-019
537	26900	9.50364e-020
538	26950	9.50364e-020
539	27000	8.75738e-020
540	27050	7.8323e-020
541	27100	6.56446e-020
542	27150	5.87612e-020
543	27200	4.72155e-020
544	27250	4.72155e-020
545	27300	4.58109e-020
546	27350	4.37171e-020
547	27400	3.63487e-020
548	27450	3.63487e-020
549	27500	2.46188e-020
550	27550	2.2115e-020
551	27600	2.17963e-020
552	27650	1.19464e-020
553	27700	9.05337e-021
554	27750	9.05337e-021
555	27800	9.05337e-021
556	27850	9.05337e-021
557	27900	9.05337e-021
558	27950	9.05337e-021
559	28000	9.05337e-021
560	28050	8.53007e-021
561	28100	8.53007e-021
562	28150	8.46444e-021
563	28200	7.98553e-021
564	28250	5.43188e-021
565	28300	3.51416e-021
566	28350	2.29552e-021
567	28400	2.29552e-021
568	28450	2.29552e-021
569	28500	2.29552e-021
570	28550	2.2635e-021
571	28600	1.52825e-021
572	28650	1.52825e-021
573	28700	1.52825e-021
574	28750	1.52825e-021
575	28800	1.52825e-021
576	28850	1.01167e-021
577	28900	1.01167e-021
578	28950	1.01167e-021
579	29000	1.01167e-021
580	29050	1.01167e-021
581	29100	9.45728e-022
582	29150	8.69683e-022
583	29200	5.24394e-022
584	29250	5.24394e-022
585	29300	5.24394e-022
586	29350	5.24394e-022
587	29400	5.24394e-022
588	29450	3.92208e-022
589	29500	3.92208e-022
590	29550	2.25694e-022
591	29600	2.25694e-022
592	29650	2.25694e-022
593	29700	2.25694e-022
594	29750	2.2439e-022
595	29800	2.20661e-022
596	29850	2.20661e-022
597	29900	2.20661e-022
598	29950	1.40206e-022
599	30000	1.40206e-022
600	30050	1.40206e-022
601	30100	1.02819e-022
602	30150	7.87826e-023
603	30200	4.37735e-023
604	30250	4.37735e-023
605	30300	4.37735e-023
606	30350	4.37735e-023
607	30400	3.77885e-023
608	30450	3.77885e-023
609	30500	3.77885e-023
610	30550	3.77885e-023
611	30600	3.77885e-023
612	30650	3.77885e-023
613	30700	3.39881e-023
614	30750	3.39881e-023
615	30800	3.37194e-023
616	30850	3.37194e-023
617	30900	3.37194e-023
618	30950	2.58508e-023
619	31000	1.45086e-023
620	31050	1.45086e-023
621	31100	1.45086e-023
622	31150	1.45086e-023
623	31200	1.23905e-023
624	31250	1.23905e-023
625	31300	1.23905e-023
626	31350	4.27625e-024
627	31400	4.27625e-024
628	31450	4.27625e-024
629	31500	4.27625e-024
630	31550	4.27625e-024
631	31600	4.27625e-024
632	31650	4.27625e-024
633	31700	4.27625e-024
634	31750	4.27625e-024
635	31800	4.17645e-024
636	31850	4.17645e-024
637	31900	3.72281e-024
638	31950	3.72281e-024
639	32000	3.55956e-024
640	32050	3.1159e-024
641	32100	3.1159e-024
642	32150	1.73465e-024
643	32200	1.73465e-024
644	32250	1.73465e-024
645	32300	1.48106e-024
646	32350	1.48106e-024
647	32400	6.51922e-025
648	32450	6.51922e-025
649	32500	6.51922e-025
650	32550	6.51922e-025
651	32600	6.51922e-025
652	32650	6.51922e-025
653	32700	6.51922e-025
654	32750	5.89931e-025
655	32800	5.89931e-025
656	32850	5.89931e-025
657	32900	5.89931e-025
658	32950	5.5663e-025
659	33000	2.29578e-025
660	33050	2.29578e-025
661	33100	2.29578e-025
662	33150	2.29578e-025
663	33200	2.29578e-025
664	33250	2.29578e-025
665	33300	2.08812e-025
666	33350	2.04295e-025
667	33400	2.04295e-025
668	33450	2.04295e-025
669	33500	2.04295e-025
670	33550	2.04295e-025
671	33600	1.99026e-025
672	33650	1.86247e-025
673	33700	9.18623e-026
674	33750	9.18623e-026
675	33800	9.18623e-026
676	33850	7.72293e-026
677	33900	7.72293e-026
678	33950	6.58748e-026
679	34000	6.3787e-026
680	34050	6.3787e-026
681	34100	4.9828e-026
682	34150	4.9828e-026
683	34200	4.9828e-026
684	34250	2.89444e-026
685	34300	2.89444e-026
686	34350	2.76576e-026
687	34400	2.76576e-026
688	34450	2.76576e-026
689	34500	2.76576e-026
690	34550	2.76576e-026
691	34600	2.37027e-026
692	34650	2.37027e-026
693	34700	2.37027e-026
694	34750	2.24352e-026
695	34800	2.24352e-026
696	34850	1.90844e-026
697	34900	1.50858e-026
698	34950	1.50858e-026
699	35000	1.50858e-026
700	35050	1.452e-026
701	35100	1.452e-026
702	35150	8.77555e-027
703	35200	8.77555e-027
704	35250	8.3421e-027
705	35300	7.30571e-027
706	35350	7.17411e-027
707	35400	7.17411e-027
708	35450	5.85779e-027
709	35500	4.75535e-027
710	35550	4.75535e-027
711	35600	4.49754e-027
712	35650	4.49754e-027
713	35700	4.47063e-027
714	35750	4.47063e-027
715	35800	4.11128e-027
716	35850	4.11128e-027
717	35900	1.93697e-027
718	35950	1.93697e-027
719	36000	1.93697e-027
720	36050	1.93697e-027
721	36100	1.89053e-027
722	36150	1.89053e-027
723	36200	1.89053e-027
724	36250	1.89053e-027
725	36300	1.80798e-027
726	36350	1.05459e-027
727	36400	1.05459e-027
728	36450	8.90838e-028
729	36500	8.31916e-028
730	36550	8.31916e-028
731	36600	7.65731e-028
732	36650	7.65731e-028
733	36700	4.626e-028
734	36750	3.57719e-028
735	36800	3.57719e-028
736	36850	3.57719e-028
737	36900	2.99121e-028
738	36950	2.79248e-028
739	37000	2.70211e-028
740	37050	2.70211e-028
741	37100	1.58488e-028
742	37150	1.58488e-028
743	37200	1.58488e-028
744	37250	1.58488e-028
745	37300	1.58488e-028
746	37350	1.58488e-028
747	37400	1.58488e-028
748	37450	1.40229e-028
749	37500	1.40229e-028
750	37550	1.40229e-028
751	37600	1.20626e-028
752	37650	5.2149e-029
753	37700	5.2149e-029
754	37750	5.2149e-029
755	37800	5.2149e-029
756	37850	1.90128e-029
757	37900	1.45801e-029
758	37950	1.45801e-029
759	38000	1.45801e-029
760	38050	7.7632e-030
761	38100	7.7632e-030
762	38150	7.7632e-030
763	38200	6.98826e-030
764	38250	6.9482e-030
765	38300	6.9482e-030
766	38350	6.9482e-030
767	38400	6.9482e-030
768	38450	6.9482e-030
769	38500	5.96445e-030
770	38550	5.96445e-030
771	38600	5.96445e-030
772	38650	5.96445e-030
773	38700	5.96445e-030
774	38750	5.66788e-030
775	38800	5.66788e-030
776	38850	5.01346e-030
777	38900	5.01346e-030
778	38950	3.06455e-030
779	39000	3.06455e-030
780	39050	2.87535e-030
781	39100	2.87535e-030
782	39150	1.83322e-030
783	39200	1.83322e-030
784	39250	1.83322e-030
785	39300	1.83322e-030
786	39350	1.83322e-030
787	39400	1.83322e-030
788	39450	1.75164e-030
789	39500	1.75164e-030
790	39550	1.75164e-030
791	39600	1.75164e-030
792	39650	1.75164e-030
793	39700	1.53791e-030
794	39750	1.33712e-030
795	39800	1.21973e-030
796	39850	1.18426e-030
797	39900	1.18426e-030
798	39950	1.14245e-030
799	40000	1.00025e-030
800	40050	1.00025e-030
801	40100	9.61656e-031
802	40150	9.61656e-031
803	40200	5.36054e-031
804	40250	5.36054e-031
805	40300	5.36054e-031
806	40350	5.36054e-031
807	40400	2.28063e-031
808	40450	2.28063e-031
809	40500	2.28063e-031
810	40550	2.20408e-031
811	40600	1.89362e-031
812	40650	1.35348e-031
813	40700	1.35348e-031
814	40750	1.35348e-031
815	40800	1.35348e-031
816	40850	1.33746e-031
817	40900	1.33746e-031
818	40950	1.33746e-031
819	41000	1.33746e-031
820	41050	1.3145e-031
821	41100	1.23706e-031
822	41150	6.99873e-032
823	41200	6.99873e-032
824	41250	6.99873e-032
825	41300	6.99873e-032
826	41350	4.05954e-032
827	41400	4.05954e-032
828	41450	4.05954e-032
829	41500	3.86914e-032
830	41550	3.06925e-032
831	41600	3.06925e-032
832	41650	3.06925e-032
833	41700	1.65274e-032
834	41750	1.65274e-032
835	41800	1.65274e-032
836	41850	1.65274e-032
837	41900	1.65274e-032
838	41950	1.65274e-032
839	42000	1.65274e-032
840	42050	1.31642e-032
841	42100	1.31642e-032
842	42150	1.31642e-032
843	42200	8.88359e-033
844	42250	8.88359e-033
845	42300	8.88359e-033
846	42350	8.88359e-033
847	42400	7.26176e-033
848	42450	7.26176e-033
849	42500	7.26176e-033
850	42550	7.22363e-033
851	42600	5.25137e-033
852	42650	5.25137e-033
853	42700	5.25137e-033
854	42750	4.44609e-033
855	42800	4.44609e-033
856	42850	4.44609e-033
857	42900	4.33252e-033
858	42950	2.96062e-033
859	43000	2.54213e-033
860	43050	2.54213e-033
861	43100	2.53984e-033
862	43150	2.53984e-033
863	43200	1.7423e-033
864	43250	1.1842e-033
865	43300	1.1842e-033
866	43350	9.50989e-034
867	43400	9.50989e-034
868	43450	9.50989e-034
869	43500	9.50989e-034
870	43550	9.13932e-034
871	43600	9.13932e-034
872	43650	9.13932e-034
873	43700	4.2144e-034
874	43750	4.2144e-034
875	43800	2.78504e-034
876	43850	2.78504e-034
877	43900	2.78504e-034
878	43950	2.78504e-034
879	44000	2.78504e-034
880	44050	2.59551e-034
881	44100	2.59551e-034
882	44150	2.59551e-034
883	44200	2.59551e-034
884	44250	2.59551e-034
885	44300	2.51888e-034
886	44350	1.92899e-034
887	44400	1.8646e-034
888	44450	1.8646e-034
889	44500	1.51005e-034
890	44550	1.51005e-034
891	44600	1.51005e-034
892	44650	1.51005e-034
893	44700	1.17414e-034
894	44750	1.17414e-034
895	44800	8.33137e-035
896	44850	7.84592e-035
897	44900	7.84592e-035
898	44950	7.84592e-035
899	45000	7.03642e-035
900	45050	5.79811e-035
901	45100	5.79811e-035
902	45150	5.72347e-035
903	45200	5.11138e-035
904	45250	5.00783e-035
905	45300	3.14917e-035
906	45350	3.14917e-035
907	45400	3.14917e-035
908	45450	3.14917e-035
909	45500	2.4334e-035
910	45550	2.4334e-035
911	45600	1.77727e-035
912	45650	1.43429e-035
913	45700	1.43429e-035
914	45750	1.43429e-035
915	45800	1.15914e-035
916	45850	9.4982e-036
917	45900	9.4982e-036
918	45950	9.47713e-036
919	46000	5.25076e-036
920	46050	5.25076e-036
921	46100	3.87286e-036
922	46150	3.87286e-036
923	46200	3.87286e-036
924	46250	3.87286e-036
925	46300	3.84627e-036
926	46350	3.84627e-036
927	46400	3.26631e-036
928	46450	3.26631e-036
929	46500	3.05471e-036
930	46550	2.92147e-036
931	46600	2.43316e-036
932	46650	2.43316e-036
933	46700	2.43316e-036
934	46750	2.3169e-036
935	46800	2.3169e-036
936	46850	1.26398e-036
937	46900	1.17143e-036
938	46950	1.17143e-036
939	47000	8.41704e-037
940	47050	8.02946e-037
941	47100	7.14049e-037
942	47150	3.8912e-037
943	47200	3.8912e-037
944	47250	3.8912e-037
945	47300	3.8912e-037
946	47350	3.8912e-037
947	47400	3.8912e-037
948	47450	3.8912e-037
949	47500	3.68224e-037
950	47550	2.85155e-037
951	47600	2.85155e-037
952	47650	1.3054e-037
953	47700	1.3054e-037
954	47750	1.3054e-037
955	47800	1.30462e-037
956	47850	1.26528e-037
957	47900	1.26528e-037
958	47950	1.21488e-037
959	48000	1.21488e-037
960	48050	1.21488e-037
961	48100	1.21488e-037
962	48150	1.21488e-037
963	48200	1.21488e-037
964	48250	1.21488e-037
965	48300	4.99229e-038
966	48350	4.99229e-038
967	48400	4.99229e-038
968	48450	4.81452e-038
969	48500	4.81452e-038
970	48550	4.81452e-038
971	48600	4.81452e-038
972	48650	3.31376e-038
973	48700	3.31376e-038
974	48750	3.31376e-038
975	48800	3.25886e-038
976	48850	1.42653e-038
977	48900	1.42653e-038
978	48950	1.30731e-038
979	49000	1.30731e-038
980	49050	1.22514e-038
981	49100	1.22514e-038
982	49150	1.22514e-038
983	49200	1.22514e-038
984	49250	1.22514e-038
985	49300	1.08217e-038
986	49350	1.08217e-038
987	49400	9.60196e-039
988	49450	7.63936e-039
989	49500	7.63936e-039
990	49550	7.63936e-039
991	49600	3.07596e-039
992	49650	3.07596e-039
993	49700	3.07596e-039
994	49750	3.07596e-039
995	49800	3.07596e-039
996	49850	3.07596e-039
997	49900	3.07596e-039
998	49950	2.87507e-039
999	50000	2.04289e-039
1000	50050	1.68001e-039
1001	50100	1.68001e-039
1002	50150	1.68001e-039
1003	50200	1.10151e-039
1004	50250	1.10151e-039
1005	50300	1.10151e-039
1006	50350	1.10151e-039
1007	50400	9.14039e-040
1008	50450	9.14039e-040
1009	50500	9.14039e-040
1010	50550	8.81467e-040
1011	50600	8.81467e-040
1012	50650	8.81467e-040
1013	50700	8.59238e-040
1014	50750	8.55055e-040
1015	50800	8.18377e-040
1016	50850	8.18377e-040
1017	50900	8.18377e-040
1018	50950	8.06078e-040
1019	51000	6.59902e-040
1020	51050	6.59902e-040
1021	51100	6.12094e-040
1022	51150	5.52615e-040
1023	51200	3.88224e-040
1024	51250	3.88224e-040
1025	51300	3.88224e-040
1026	51350	3.14273e-040
1027	51400	3.14273e-040
1028	51450	1.7603e-040
1029	51500	1.7603e-040
1030	51550	1.7603e-040
1031	51600	1.7603e-040
1032	51650	1.7603e-040
1033	51700	1.53039e-040
1034	51750	1.53039e-040
1035	51800	1.31118e-040
1036	51850	1.28345e-040
1037	51900	1.28345e-040
1038	51950	9.10769e-041
1039	52000	9.10769e-041
1040	52050	6.65015e-041
1041	52100	6.65015e-041
1042	52150	6.65015e-041
1043	52200	6.29302e-041
1044	52250	6.29302e-041
1045	52300	6.29302e-041
1046	52350	6.14407e-041
1047	52400	6.14407e-041
1048	52450	5.83952e-041
1049	52500	3.65318e-041
1050	52550	3.65318e-041
1051	52600	3.60658e-041
1052	52650	3.60658e-041
1053	52700	3.60658e-041
1054	52750	3.60658e-041
1055	52800	3.54881e-041
1056	52850	2.67819e-041
1057	52900	1.29047e-041
1058	52950	1.29047e-041
1059	53000	1.29047e-041
1060	53050	1.29047e-041
1061	53100	1.27748e-041
1062	53150	1.27748e-041
1063	53200	1.27748e-041
1064	53250	8.01981e-042
1065	53300	8.01981e-042
1066	53350	5.89017e-042
1067	53400	5.89017e-042
1068	53450	5.89017e-042
1069	53500	5.78269e-042
1070	53550	5.0981e-042
1071	53600	4.35506e-042
1072	53650	4.24567e-042
1073	53700	4.24567e-042
1074	53750	4.24567e-042
1075	53800	4.2453e-042
1076	53850	4.2453e-042
1077	53900	4.2453e-042
1078	53950	4.2453e-042
1079	54000	2.76168e-042
1080	54050	2.40958e-042
1081	54100	2.40958e-042
1082	54150	2.40958e-042
1083	54200	2.40958e-042
1084	54250	1.98495e-042
1085	54300	1.98495e-042
1086	54350	1.38738e-042
1087	54400	1.38738e-042
1088	54450	1.24344e-042
1089	54500	1.24344e-042
1090	54550	1.2105e-042
1091	54600	1.21014e-042
1092	54650	7.391e-043
1093	54700	7.391e-043
1094	54750	6.62513e-043
1095	54800	4.24856e-043
1096	54850	3.17155e-043
1097	54900	3.17155e-043
1098	54950	2.71187e-043
1099	55000	2.71187e-043
1100	55050	2.71187e-043
1101	55100	2.71187e-043
1102	55150	2.45546e-043
1103	55200	2.45546e-043
1104	55250	1.84792e-043
1105	55300	1.84792e-043
1106	55350	1.66872e-043
1107	55400	1.66872e-043
1108	55450	1.66872e-043
1109	55500	1.62518e-043
1110	55550	1.37387e-043
1111	55600	1.18673e-043
1112	55650	1.18673e-043
1113	55700	7.51377e-044
1114	55750	7.51377e-044
1115	55800	7.51377e-044
1116	55850	7.51377e-044
1117	55900	7.05382e-044
1118	55950	7.05382e-044
1119	56000	7.05382e-044
1120	56050	7.05382e-044
1121	56100	7.05382e-044
1122	56150	5.30226e-044
1123	56200	5.30226e-044
1124	56250	4.06081e-044
1125	56300	4.06081e-044
1126	56350	4.06081e-044
1127	56400	3.96268e-044
1128	56450	3.96268e-044
1129	56500	3.96268e-044
1130	56550	2.65644e-044
1131	56600	2.65644e-044
1132	56650	9.04775e-045
1133	56700	8.48753e-045
1134	56750	8.48753e-045
1135	56800	8.48753e-045
1136	56850	8.48753e-045
1137	56900	8.48753e-045
1138	56950	8.48753e-045
1139	57000	8.16639e-045
1140	57050	8.16639e-045
1141	57100	7.97101e-045
1142	57150	7.18345e-045
1143	57200	7.18345e-045
1144	57250	7.18345e-045
1145	57300	7.18345e-045
1146	57350	3.92535e-045
1147	57400	3.92535e-045
1148	57450	3.92535e-045
1149	57500	3.75915e-045
1150	57550	3.75915e-045
1151	57600	2.43611e-045
1152	57650	2.28535e-045
1153	57700	2.28535e-045
1154	57750	2.28535e-045
1155	57800	2.21008e-045
1156	57850	2.17188e-045
1157	57900	2.17188e-045
1158	57950	2.17188e-045
1159	58000	2.12519e-045
1160	58050	2.12519e-045
1161	58100	2.05282e-045
1162	58150	1.81682e-045
1163	58200	1.47911e-045
1164	58250	9.13161e-046
1165	58300	8.05984e-046
1166	58350	8.05984e-046
1167	58400	7.48254e-046
1168	58450	7.48254e-046
1169	58500	7.36354e-046
1170	58550	5.92298e-046
1171	58600	5.92298e-046
1172	58650	3.75576e-046
1173	58700	3.75576e-046
1174	58750	3.75576e-046
1175	58800	3.75576e-046
1176	58850	2.9531e-046
1177	58900	2.9531e-046
1178	58950	2.9531e-046
1179	59000	2.9531e-046
1180	59050	2.87793e-046
1181	59100	1.75549e-046
1182	59150	1.69053e-046
1183	59200	1.69053e-046
1184	59250	1.34472e-046
1185	59300	1.31273e-046
1186	59350	1.31273e-046
1187	59400	1.06669e-046
1188	59450	6.03198e-047
1189	59500	6.03198e-047
1190	59550	6.03198e-047
1191	59600	5.90115e-047
1192	59650	5.90115e-047
1193	59700	5.90115e-047
1194	59750	3.07372e-047
1195	59800	3.07372e-047
1196	59850	3.07372e-047
1197	59900	2.8403e-047
1198	59950	2.8403e-047
1199	60000	2.8403e-047
1200	60050	2.8403e-047
1201	60100	2.8403e-047
1202	60150	2.8403e-047
1203	60200	2.44265e-047
1204	60250	2.44265e-047
1205	60300	2.44265e-047
1206	60350	2.44265e-047
1207	60400	2.44265e-047
1208	60450	1.53384e-047
1209	60500	1.53384e-047
1210	60550	1.53384e-047
1211	60600	1.41442e-047
1212	60650	1.34309e-047
1213	60700	1.34309e-047
1214	60750	1.34309e-047
1215	60800	1.34309e-047
1216	60850	1.08316e-047
1217	60900	1.08316e-047
1218	60950	5.85895e-048
1219	61000	5.85895e-048
1220	61050	4.28444e-048
1221	61100	4.28444e-048
1222	61150	3.77334e-048
1223	61200	3.77334e-048
1224	61250	3.29989e-048
1225	61300	3.29989e-048
1226	61350	3.29989e-048
1227	61400	3.19643e-048
1228	61450	2.85513e-048
1229	61500	2.06422e-048
1230	61550	1.5006e-048
1231	61600	1.5006e-048
1232	61650	1.08115e-048
1233	61700	1.08115e-048
1234	61750	1.08115e-048
1235	61800	1.08115e-048
1236	61850	1.08115e-048
1237	61900	1.08115e-048
1238	61950	1.08115e-048
1239	62000	3.74401e-049
1240	62050	3.74401e-049
1241	62100	3.74401e-049
1242	62150	2.35146e-049
1243	62200	2.35146e-049
1244	62250	2.35146e-049
1245	62300	2.35146e-049
1246	62350	2.35146e-049
1247	62400	2.35146e-049
1248	62450	2.35146e-049
1249	62500	2.16099e-049
1250	62550	1.59629e-049
1251	62600	1.59629e-049
1252	62650	1.59629e-049
1253	62700	1.59629e-049
1254	62750	1.56182e-049
1255	62800	1.25588e-049
1256	62850	1.25588e-049
1257	62900	1.25588e-049
1258	62950	1.25588e-049
1259	63000	5.32837e-050
1260	63050	5.32837e-050
1261	63100	5.32837e-050
1262	63150	5.32837e-050
1263	63200	5.15565e-050
1264	63250	5.15565e-050
1265	63300	4.62814e-050
1266	63350	4.62814e-050
1267	63400	4.62814e-050
1268	63450	3.68313e-050
1269	63500	3.5379e-050
1270	63550	2.55523e-050
1271	63600	2.55523e-050
1272	63650	2.53885e-050
1273	63700	8.70549e-051
1274	63750	8.70549e-051
1275	63800	8.70549e-051
1276	63850	8.70549e-051
1277	63900	8.70549e-051
1278	63950	8.70549e-051
1279	64000	8.70549e-051
1280	64050	8.70549e-051
1281	64100	6.81242e-051
1282	64150	3.02474e-051
1283	64200	3.02474e-051
1284	64250	3.02474e-051
1285	64300	3.02474e-051
1286	64350	3.02474e-051
1287	64400	3.02474e-051
1288	64450	1.33774e-051
1289	64500	1.33774e-051
1290	64550	1.33774e-051
1291	64600	1.31647e-051
1292	64650	1.31647e-051
1293	64700	1.31647e-051
1294	64750	1.31647e-051
1295	64800	1.31647e-051
1296	64850	1.31647e-051
1297	64900	9.54205e-052
1298	64950	9.54205e-052
1299	65000	9.54205e-052
1300	65050	9.54205e-052
1301	65100	9.54205e-052
1302	65150	9.54205e-052
1303	65200	9.54205e-052
1304	65250	8.0974e-052
1305	65300	8.0974e-052
1306	65350	7.91473e-052
1307	65400	7.91473e-052
1308	65450	7.91473e-052
1309	65500	6.78256e-052
1310	65550	6.78256e-052
1311	65600	6.78256e-052
1312	65650	6.78256e-052
1313	65700	3.92395e-052
1314	65750	3.92395e-052
1315	65800	3.92395e-052
1316	65850	3.22482e-052
1317	65900	3.22482e-052
1318	65950	3.22482e-052
1319	66000	3.22482e-052
1320	66050	2.56344e-052
1321	66100	2.56344e-052
1322	66150	2.22736e-052
1323	66200	1.73756e-052
1324	66250	1.73756e-052
1325	66300	1.69283e-052
1326	66350	1.69283e-052
1327	66400	1.69283e-052
1328	66450	1.34695e-052
1329	66500	1.34695e-052
1330	66550	1.34695e-052
1331	66600	1.2112e-052
1332	66650	1.17281e-052
1333	66700	1.17281e-052
1334	66750	7.99247e-053
1335	66800	7.99247e-053
1336	66850	6.30122e-053
1337	66900	6.30122e-053
1338	66950	4.62782e-053
1339	67000	4.62782e-053
1340	67050	4.62782e-053
1341	67100	3.31733e-053
1342	67150	2.1165e-053
1343	67200	2.1165e-053
1344	67250	2.1165e-053
1345	67300	2.1165e-053
1346	67350	2.1165e-053
1347	67400	2.1165e-053
1348	67450	2.1165e-053
1349	67500	2.06254e-053
1350	67550	2.06254e-053
1351	67600	1.55153e-053
1352	67650	1.36241e-053
1353	67700	1.31648e-053
1354	67750	7.38742e-054
1355	67800	6.19197e-054
1356	67850	3.81502e-054
1357	67900	3.17436e-054
1358	67950	3.17436e-054
1359	68000	3.17436e-054
1360	68050	2.40618e-054
1361	68100	2.14881e-054
1362	68150	2.14881e-054
1363	68200	2.14881e-054
1364	68250	2.14881e-054
1365	68300	1.98017e-054
1366	68350	1.98017e-054
1367	68400	1.98017e-054
1368	68450	1.98017e-054
1369	68500	1.98017e-054
1370	68550	1.98017e-054
1371	68600	1.89849e-054
1372	68650	1.89849e-054
1373	68700	1.89849e-054
1374	68750	1.89849e-054
1375	68800	1.14713e-054
1376	68850	1.14713e-054
1377	68900	1.14713e-054
1378	68950	1.14713e-054
1379	69000	1.1454e-054
1380	69050	6.17335e-055
1381	69100	6.17335e-055
1382	69150	4.31104e-055
1383	69200	4.31104e-055
1384	69250	3.00927e-055
1385	69300	2.63576e-055
1386	69350	2.63576e-055
1387	69400	2.63576e-055
1388	69450	2.63576e-055
1389	69500	2.63576e-055
1390	69550	2.63576e-055
1391	69600	1.98963e-055
1392	69650	1.98963e-055
1393	69700	1.98963e-055
1394	69750	1.88499e-055
1395	69800	1.88499e-055
1396	69850	1.88499e-055
1397	69900	1.88499e-055
1398	69950	1.67639e-055
1399	70000	1.67639e-055
1400	70050	1.67639e-055
1401	70100	1.67639e-055
1402	70150	8.38661e-056
1403	70200	8.38661e-056
1404	70250	8.38661e-056
1405	70300	8.38661e-056
1406	70350	8.38661e-056
1407	70400	8.38661e-056
1408	70450	8.38661e-056
1409	70500	8.38661e-056
1410	70550	7.91421e-056
1411	70600	7.91421e-056
1412	70650	7.91421e-056
1413	70700	7.63755e-056
1414	70750	6.74361e-056
1415	70800	6.74361e-056
1416	70850	4.68091e-056
1417	70900	3.85488e-056
1418	70950	3.85488e-056
1419	71000	3.25406e-056
1420	71050	2.61995e-056
1421	71100	2.30557e-056
1422	71150	2.30557e-056
1423	71200	2.26648e-056
1424	71250	2.26648e-056
1425	71300	1.73365e-056
1426	71350	1.73365e-056
1427	71400	1.69107e-056
1428	71450	1.69107e-056
1429	71500	1.57986e-056
1430	71550	1.1193e-056
1431	71600	1.03158e-056
1432	71650	1.03158e-056
1433	71700	1.02816e-056
1434	71750	7.7716e-057
1435	71800	7.7716e-057
1436	71850	6.68048e-057
1437	71900	3.11111e-057
1438	71950	3.11111e-057
1439	72000	3.11111e-057
1440	72050	3.11111e-057
1441	72100	3.11111e-057
1442	72150	3.11111e-057
1443	72200	3.11111e-057
1444	72250	2.35164e-057
1445	72300	2.35164e-057
1446	72350	2.35164e-057
1447	72400	2.35164e-057
1448	72450	2.35164e-057
1449	72500	1.74991e-057
1450	72550	1.74991e-057
1451	72600	1.74991e-057
1452	72650	9.04834e-058
1453	72700	9.04834e-058
1454	72750	9.04834e-058
1455	72800	8.68952e-058
1456	72850	8.68952e-058
1457	72900	8.68952e-058
1458	72950	5.47099e-058
1459	73000	5.47099e-058
1460	73050	5.47099e-058
1461	73100	5.18377e-058
1462	73150	5.15826e-058
1463	73200	3.69635e-058
1464	73250	2.34085e-058
1465	73300	2.34085e-058
1466	73350	2.34085e-058
1467	73400	2.13718e-058
1468	73450	2.13718e-058
1469	73500	2.13718e-058
1470	73550	2.13718e-058
1471	73600	1.62576e-058
1472	73650	1.62576e-058
1473	73700	1.62576e-058
1474	73750	1.62576e-058
1475	73800	1.12174e-058
1476	73850	1.12174e-058
1477	73900	1.12174e-058
1478	73950	1.12174e-058
1479	74000	1.12174e-058
1480	74050	1.12174e-058
1481	74100	1.12174e-058
1482	74150	1.12174e-058
1483	74200	9.70553e-059
1484	74250	8.51492e-059
1485	74300	5.50012e-059
1486	74350	5.50012e-059
1487	74400	5.21217e-059
1488	74450	4.3273e-059
1489	74500	2.65306e-059
1490	74550	2.65306e-059
1491	74600	2.65306e-059
1492	74650	2.3788e-059
1493	74700	2.31009e-059
1494	74750	1.82445e-059
1495	74800	1.82445e-059
1496	74850	1.82445e-059
1497	74900	1.82445e-059
1498	74950	1.82445e-059
1499	75000	1.41349e-059
1500	75050	1.27056e-059
1501	75100	1.20012e-059
1502	75150	1.20012e-059
1503	75200	1.20012e-059
1504	75250	1.00954e-059
1505	75300	1.00954e-059
1506	75350	9.91474e-060
1507	75400	7.74061e-060
1508	75450	7.74061e-060
1509	75500	7.33116e-060
1510	75550	6.33189e-060
1511	75600	6.33189e-060
1512	75650	4.98668e-060
1513	75700	4.98668e-060
1514	75750	4.97478e-060
1515	75800	4.43831e-060
1516	75850	4.43831e-060
1517	75900	4.43831e-060
1518	75950	4.17081e-060
1519	76000	3.08993e-060
1520	76050	1.98263e-060
1521	76100	1.98263e-060
1522	76150	1.48102e-060
1523	76200	1.48102e-060
1524	76250	9.16474e-061
1525	76300	6.48568e-061
1526	76350	6.48568e-061
1527	76400	6.48568e-061
1528	76450	6.48568e-061
1529	76500	6.48568e-061
1530	76550	6.48568e-061
1531	76600	5.82749e-061
1532	76650	5.82749e-061
1533	76700	5.82749e-061
1534	76750	5.82749e-061
1535	76800	5.82749e-061
1536	76850	5.82749e-061
1537	76900	5.70667e-061
1538	76950	5.44751e-061
1539	77000	2.79041e-061
1540	77050	2.79041e-061
1541	77100	2.79041e-061
1542	77150	2.79041e-061
1543	77200	2.7681e-061
1544	77250	2.72394e-061
1545	77300	2.40114e-061
1546	77350	2.40114e-061
1547	77400	2.40114e-061
1548	77450	2.40114e-061
1549	77500	2.40114e-061
1550	77550	2.25894e-061
1551	77600	2.25894e-061
1552	77650	1.4795e-061
1553	77700	1.4795e-061
1554	77750	1.4795e-061
1555	77800	8.81442e-062
1556	77850	8.62273e-062
1557	77900	8.62273e-062
1558	77950	8.62273e-062
1559	78000	6.8231e-062
1560	78050	6.8231e-062
1561	78100	6.8231e-062
1562	78150	6.8231e-062
1563	78200	6.61895e-062
1564	78250	6.61895e-062
1565	78300	6.19507e-062
1566	78350	5.69766e-062
1567	78400	5.14702e-062
1568	78450	5.14702e-062
1569	78500	3.52069e-062
1570	78550	3.06828e-062
1571	78600	1.74394e-062
1572	78650	1.74394e-062
1573	78700	1.74394e-062
1574	78750	1.74394e-062
1575	78800	1.74394e-062
1576	78850	1.74394e-062
1577	78900	1.14312e-062
1578	78950	9.67473e-063
1579	79000	9.67473e-063
1580	79050	9.67473e-063
1581	79100	7.91664e-063
1582	79150	4.81751e-063
1583	79200	4.81751e-063
1584	79250	4.20691e-063
1585	79300	4.01778e-063
1586	79350	3.99734e-063
1587	79400	3.99734e-063
1588	79450	3.99734e-063
1589	79500	3.99734e-063
1590	79550	3.99734e-063
1591	79600	3.99734e-063
1592	79650	3.50887e-063
1593	79700	1.8758e-063
1594	79750	1.8758e-063
1595	79800	1.8758e-063
1596	79850	1.8758e-063
1597	79900	1.8758e-063
1598	79950	1.8417e-063
1599	80000	1.8417e-063
1600	80050	1.72788e-063
1601	80100	1.72788e-063
1602	80150	1.40331e-063
1603	80200	1.04945e-063
1604	80250	1.04945e-063
1605	80300	1.01585e-063
1606	80350	1.01585e-063
1607	80400	1.01585e-063
1608	80450	1.01585e-063
1609	80500	6.39207e-064
1610	80550	6.39207e-064
1611	80600	5.006e-064
1612	80650	5.006e-064
1613	80700	3.68518e-064
1614	80750	3.68518e-064
1615	80800	3.68518e-064
1616	80850	3.68518e-064
1617	80900	2.88665e-064
1618	80950	2.88665e-064
1619	81000	2.88665e-064
1620	81050	2.36491e-064
1621	81100	2.36491e-064
1622	81150	1.69163e-064
1623	81200	1.69163e-064
1624	81250	1.3011e-064
1625	81300	1.3011e-064
1626	81350	1.18922e-064
1627	81400	5.65105e-065
1628	81450	5.65105e-065
1629	81500	5.28212e-065
1630	81550	5.28212e-065
1631	81600	4.69992e-065
1632	81650	4.3101e-065
1633	81700	4.3101e-065
1634	81750	4.3101e-065
1635	81800	2.98872e-065
1636	81850	2.79341e-065
1637	81900	2.79341e-065
1638	81950	2.79341e-065
1639	82000	2.79341e-065
1640	82050	2.79341e-065
1641	82100	2.60311e-065
1642	82150	2.60311e-065
1643	82200	2.60311e-065
1644	82250	2.60311e-065
1645	82300	2.26379e-065
1646	82350	1.74513e-065
1647	82400	1.74513e-065
1648	82450	1.74513e-065
1649	82500	1.17249e-065
1650	82550	1.17249e-065
1651	82600	1.14874e-065
1652	82650	1.14874e-065
1653	82700	9.81297e-066
1654	82750	7.29861e-066
1655	82800	7.29861e-066
1656	82850	7.29861e-066
1657	82900	7.29861e-066
1658	82950	7.29861e-066
1659	83000	7.29861e-066
1660	83050	7.29861e-066
1661	83100	4.39227e-066
1662	83150	4.39227e-066
1663	83200	4.39227e-066
1664	83250	1.60617e-066
1665	83300	1.60617e-066
1666	83350	1.60617e-066
1667	83400	1.40283e-066
1668	83450	7.28415e-067
1669	83500	7.28415e-067
1670	83550	7.28415e-067
1671	83600	7.28415e-067
1672	83650	7.28415e-067
1673	83700	7.28415e-067
1674	83750	7.28415e-067
1675	83800	6.18068e-067
1676	83850	4.63923e-067
1677	83900	4.63923e-067
1678	83950	4.63923e-067
1679	84000	4.63923e-067
1680	84050	4.07695e-067
1681	84100	4.07695e-067
1682	84150	3.99441e-067
1683	84200	3.99441e-067
1684	84250	3.84708e-067
1685	84300	3.49472e-067
1686	84350	3.34102e-067
1687	84400	3.34102e-067
1688	84450	2.07967e-067
1689	84500	1.91541e-067
1690	84550	1.7066e-067
1691	84600	1.7066e-067
1692	84650	1.7066e-067
1693	84700	1.17654e-067
1694	84750	1.17654e-067
1695	84800	1.09275e-067
1696	84850	1.09275e-067
1697	84900	8.44568e-068
1698	84950	8.44568e-068
1699	85000	8.44568e-068
1700	85050	8.44568e-068
1701	85100	6.05462e-068
1702	85150	6.05462e-068
1703	85200	5.81314e-068
1704	85250	4.70185e-068
1705	85300	2.58586e-068
1706	85350	2.06244e-068
1707	85400	2.06244e-068
1708	85450	2.06244e-068
1709	85500	2.06244e-068
1710	85550	2.06244e-068
1711	85600	2.06244e-068
1712	85650	2.06244e-068
1713	85700	2.06244e-068
1714	85750	2.06244e-068
1715	85800	1.64615e-068
1716	85850	1.64615e-068
1717	85900	1.64615e-068
1718	85950	1.6234e-068
1719	86000	1.59186e-068
1720	86050	9.35729e-069
1721	86100	9.35729e-069
1722	86150	9.35729e-069
1723	86200	9.35729e-069
1724	86250	9.35729e-069
1725	86300	9.35729e-069
1726	86350	9.35729e-069
1727	86400	7.08716e-069
1728	86450	7.08716e-069
1729	86500	3.50298e-069
1730	86550	3.50298e-069
1731	86600	3.50298e-069
1732	86650	3.50298e-069
1733	86700	3.50298e-069
1734	86750	3.50298e-069
1735	86800	3.50298e-069
1736	86850	3.48984e-069
1737	86900	1.30918e-069
1738	86950	1.21285e-069
1739	87000	1.21285e-069
1740	87050	6.95587e-070
1741	87100	6.95587e-070
1742	87150	6.80295e-070
1743	87200	6.80295e-070
1744	87250	6.80295e-070
1745	87300	6.80295e-070
1746	87350	6.80295e-070
1747	87400	5.76964e-070
1748	87450	5.76964e-070
1749	87500	5.76964e-070
1750	87550	5.25559e-070
1751	87600	5.25559e-070
1752	87650	5.1539e-070
1753	87700	5.1539e-070
1754	87750	5.1539e-070
1755	87800	4.35059e-070
1756	87850	4.35059e-070
1757	87900	2.35667e-070
1758	87950	2.35667e-070
1759	88000	2.35667e-070
1760	88050	2.35667e-070
1761	88100	2.35667e-070
1762	88150	2.35667e-070
1763	88200	1.6102e-070
1764	88250	1.35017e-070
1765	88300	1.35017e-070
1766	88350	1.35017e-070
1767	88400	7.612e-071
1768	88450	7.612e-071
1769	88500	7.612e-071
1770	88550	6.82709e-071
1771	88600	6.82709e-071
1772	88650	6.07576e-071
1773	88700	5.49465e-071
1774	88750	5.49465e-071
1775	88800	3.66518e-071
1776	88850	3.66518e-071
1777	88900	3.66518e-071
1778	88950	3.66518e-071
1779	89000	3.66518e-071
1780	89050	3.66518e-071
1781	89100	2.72565e-071
1782	89150	2.72565e-071
1783	89200	2.34278e-071
1784	89250	2.34278e-071
1785	89300	2.13628e-071
1786	89350	2.09399e-071
1787	89400	1.14103e-071
1788	89450	1.14103e-071
1789	89500	1.14103e-071
1790	89550	1.0758e-071
1791	89600	1.0758e-071
1792	89650	3.35912e-072
1793	89700	3.35912e-072
1794	89750	3.35912e-072
1795	89800	3.35912e-072
1796	89850	3.35912e-072
1797	89900	3.35912e-072
1798	89950	3.35912e-072
1799	90000	3.35912e-072
1800	90050	3.35912e-072
1801	90100	3.3471e-072
1802	90150	3.3471e-072
1803	90200	2.57265e-072
1804	90250	2.57265e-072
1805	90300	2.0031e-072
1806	90350	2.0031e-072
1807	90400	2.0031e-072
1808	90450	1.68825e-072
1809	90500	6.73804e-073
1810	90550	6.73804e-073
1811	90600	6.73804e-073
1812	90650	6.73804e-073
1813	90700	6.31481e-073
1814	90750	6.31481e-073
1815	90800	6.31481e-073
1816	90850	6.31481e-073
1817	90900	6.31481e-073
1818	90950	4.25604e-073
1819	91000	4.25604e-073
1820	91050	4.02392e-073
1821	91100	4.02392e-073
1822	91150	4.02392e-073
1823	91200	4.02392e-073
1824	91250	3.33257e-073
1825	91300	2.94038e-073
1826	91350	2.81528e-073
1827	91400	1.10739e-073
1828	91450	1.10739e-073
1829	91500	1.10739e-073
1830	91550	1.10739e-073
1831	91600	1.10739e-073
1832	91650	1.10739e-073
1833	91700	1.10739e-073
1834	91750	1.10739e-073
1835	91800	1.10739e-073
1836	91850	1.10739e-073
1837	91900	1.10739e-073
1838	91950	1.02021e-073
1839	92000	9.61027e-074
1840	92050	9.61027e-074
1841	92100	9.54368e-074
1842	92150	9.54368e-074
1843	92200	8.26851e-074
1844	92250	8.26851e-074
1845	92300	4.29388e-074
1846	92350	4.29388e-074
1847	92400	3.98313e-074
1848	92450	3.30591e-074
1849	92500	3.30591e-074
1850	92550	3.30591e-074
1851	92600	3.15174e-074
1852	92650	3.15174e-074
1853	92700	3.15174e-074
1854	92750	3.15174e-074
1855	92800	2.61971e-074
1856	92850	2.61971e-074
1857	92900	2.61971e-074
1858	92950	2.37081e-074
1859	93000	1.75293e-074
1860	93050	1.41199e-074
1861	93100	1.16534e-074
1862	93150	1.16534e-074
1863	93200	1.01103e-074
1864	93250	1.01103e-074
1865	93300	1.01103e-074
1866	93350	8.30095e-075
1867	93400	5.44449e-075
1868	93450	5.44449e-075
1869	93500	2.41321e-075
1870	93550	2.41321e-075
1871	93600	2.41321e-075
1872	93650	2.41321e-075
1873	93700	2.41321e-075
1874	93750	2.41321e-075
1875	93800	2.41321e-075
1876	93850	2.41321e-075
1877	93900	2.41321e-075
1878	93950	2.41321e-075
1879	94000	2.08078e-075
1880	94050	2.08078e-075
1881	94100	1.54213e-075
1882	94150	1.54213e-075
1883	94200	1.54213e-075
1884	94250	1.54213e-075
1885	94300	1.54213e-075
1886	94350	1.17637e-075
1887	94400	1.17637e-075
1888	94450	1.17637e-075
1889	94500	1.01962e-075
1890	94550	9.61529e-076
1891	94600	9.14089e-076
1892	94650	8.03749e-076
1893	94700	8.03749e-076
1894	94750	8.03749e-076
1895	94800	7.37978e-076
1896	94850	4.54897e-076
1897	94900	3.11043e-076
1898	94950	3.11043e-076
1899	95000	3.11043e-076
1900	95050	3.11043e-076
1901	95100	2.76022e-076
1902	95150	2.20026e-076
1903	95200	2.20026e-076
1904	95250	2.20026e-076
1905	95300	1.72586e-076
1906	95350	1.72586e-076
1907	95400	1.39929e-076
1908	95450	1.39929e-076
1909	95500	1.13693e-076
1910	95550	1.13693e-076
1911	95600	1.13693e-076
1912	95650	9.36899e-077
1913	95700	9.36899e-077
1914	95750	7.39706e-077
1915	95800	7.39706e-077
1916	95850	7.39706e-077
1917	95900	7.39706e-077
1918	95950	6.48146e-077
1919	96000	5.85372e-077
1920	96050	5.85372e-077
1921	96100	2.87976e-077
1922	96150	2.87976e-077
1923	96200	2.87976e-077
1924	96250	2.87976e-077
1925	96300	2.87976e-077
1926	96350	1.80098e-077
1927	96400	1.80098e-077
1928	96450	1.80098e-077
1929	96500	1.80098e-077
1930	96550	1.73804e-077
1931	96600	1.73804e-077
1932	96650	1.70223e-077
1933	96700	1.68122e-077
1934	96750	1.68122e-077
1935	96800	1.61122e-077
1936	96850	1.61122e-077
1937	96900	1.38706e-077
1938	96950	1.38706e-077
1939	97000	9.42895e-078
1940	97050	7.65353e-078
1941	97100	7.65353e-078
1942	97150	6.25753e-078
1943	97200	5.87442e-078
1944	97250	5.87442e-078
1945	97300	5.87442e-078
1946	97350	5.87442e-078
1947	97400	5.87442e-078
1948	97450	3.91845e-078
1949	97500	3.87197e-078
1950	97550	3.87197e-078
1951	97600	2.20858e-078
1952	97650	2.20858e-078
1953	97700	1.93334e-078
1954	97750	1.43995e-078
1955	97800	1.43995e-078
1956	97850	1.17308e-078
1957	97900	1.16543e-078
1958	97950	1.15671e-078
1959	98000	1.15671e-078
1960	98050	1.15671e-078
1961	98100	7.12343e-079
1962	98150	6.28235e-079
1963	98200	6.28235e-079
1964	98250	4.96467e-079
1965	98300	4.96467e-079
1966	98350	2.40995e-079
1967	98400	2.40995e-079
1968	98450	1.87437e-079
1969	98500	1.87437e-079
1970	98550	1.84461e-079
1971	98600	1.84461e-079
1972	98650	1.84461e-079
1973	98700	1.71773e-079
1974	98750	1.6537e-079
1975	98800	1.6537e-079
1976	98850	1.5623e-079
1977	98900	1.5404e-079
1978	98950	1.23262e-079
1979	99000	1.04014e-079
1980	99050	1.04014e-079
1981	99100	9.25815e-080
1982	99150	9.25815e-080
1983	99200	7.75501e-080
1984	99250	7.69342e-080
1985	99300	4.59227e-080
1986	99350	3.68659e-080
1987	99400	3.57353e-080
1988	99450	3.57353e-080
1989	99500	3.57353e-080
1990	99550	1.45198e-080
1991	99600	1.45198e-080
1992	99650	1.01607e-080
1993	99700	1.01607e-080
1994	99750	1.01607e-080
1995	99800	1.01607e-080
1996	99850	9.53697e-081
1997	99900	9.53697e-081
1998	99950	9.53697e-081
1999	100000	9.53697e-081
2000	100050	9.53697e-081
