1	100	763.013
2	150	492.805
3	200	492.805
4	250	492.805
5	300	457.223
6	350	457.223
7	400	417.547
8	450	382.695
9	500	382.695
10	550	311.871
11	600	311.871
12	650	229.168
13	700	210.45
14	750	210.45
15	800	210.45
16	850	210.45
17	900	159.685
18	950	148.717
19	1000	148.717
20	1050	123.847
21	1100	85.7474
22	1150	85.7474
23	1200	58.5636
24	1250	54.6348
25	1300	54.6348
26	1350	54.6348
27	1400	54.6348
28	1450	39.3112
29	1500	35.7941
30	1550	35.7941
31	1600	35.7941
32	1650	35.7941
33	1700	25.996
34	1750	25.996
35	1800	25.996
36	1850	23.348
37	1900	18.1003
38	1950	18.1003
39	2000	16.4109
40	2050	16.4109
41	2100	16.3075
42	2150	10.1862
43	2200	10.1862
44	2250	10.1862
45	2300	10.1862
46	2350	8.41115
47	2400	5.93202
48	2450	5.93202
49	2500	5.93202
50	2550	3.23423
51	2600	3.23423
52	2650	3.23423
53	2700	3.23423
54	2750	3.23423
55	2800	2.70319
56	2850	2.70319
57	2900	2.70319
58	2950	2.70319
59	3000	2.70319
60	3050	1.48042
61	3100	1.48042
62	3150	1.41
63	3200	1.41
64	3250	1.41
65	3300	1.41
66	3350	1.15621
67	3400	1.15621
68	3450	1.15621
69	3500	0.967841
70	3550	0.967841
71	3600	0.967841
72	3650	0.967841
73	3700	0.967841
74	3750	0.967841
75	3800	0.937068
76	3850	0.670701
77	3900	0.382926
78	3950	0.382926
79	4000	0.382926
80	4050	0.377213
81	4100	0.321708
82	4150	0.283654
83	4200	0.234652
84	4250	0.191457
85	4300	0.0915757
86	4350	0.0915757
87	4400	0.0915757
88	4450	0.0915757
89	4500	0.0915757
90	4550	0.0915757
91	4600	0.0915757
92	4650	0.0915757
93	4700	0.0847626
94	4750	0.0731471
95	4800	0.0731471
96	4850	0.0634469
97	4900	0.051006
98	4950	0.051006
99	5000	0.051006
100	5050	0.0181847
101	5100	0.0181847
102	5150	0.0181847
103	5200	0.0181847
104	5250	0.0181847
105	5300	0.0181847
106	5350	0.0181847
107	5400	0.0181847
108	5450	0.0181847
109	5500	0.0178989
110	5550	0.0134295
111	5600	0.0134295
112	5650	0.011702
113	5700	0.011702
114	5750	0.011702
115	5800	0.0115206
116	5850	0.0115206
117	5900	0.00650335
118	5950	0.00650335
119	6000	0.00589394
120	6050	0.00580609
121	6100	0.00531862
122	6150	0.00323448
123	6200	0.00323448
124	6250	0.00323448
125	6300	0.00322527
126	6350	0.00310162
127	6400	0.00310162
128	6450	0.00238044
129	6500	0.00108997
130	6550	0.00108997
131	6600	0.00108997
132	6650	0.00108997
133	6700	0.00108997
134	6750	0.00108997
135	6800	0.00108997
136	6850	0.00108997
137	6900	0.00108616
138	6950	0.00108616
139	7000	0.00100901
140	7050	0.000589375
141	7100	0.000589375
142	7150	0.000589375
143	7200	0.000589375
144	7250	0.000589375
145	7300	0.000568691
146	7350	0.000306886
147	7400	0.000306886
148	7450	0.000306886
149	7500	0.000306886
150	7550	0.000306886
151	7600	0.000306886
152	7650	0.000306219
153	7700	0.000306219
154	7750	0.000306219
155	7800	0.000306219
156	7850	8.00169e-005
157	7900	8.00169e-005
158	7950	7.3279e-005
159	8000	7.3279e-005
160	8050	7.3279e-005
161	8100	7.3279e-005
162	8150	7.3279e-005
163	8200	7.3279e-005
164	8250	7.3279e-005
165	8300	3.64759e-005
166	8350	3.64759e-005
167	8400	3.64759e-005
168	8450	3.64759e-005
169	8500	3.64759e-005
170	8550	3.64759e-005
171	8600	3.27767e-005
172	8650	3.27767e-005
173	8700	2.1937e-005
174	8750	2.05167e-005
175	8800	2.05167e-005
176	8850	2.05167e-005
177	8900	2.05167e-005
178	8950	2.05167e-005
179	9000	2.05167e-005
180	9050	2.05167e-005
181	9100	2.05167e-005
182	9150	1.43788e-005
183	9200	1.43788e-005
184	9250	4.20082e-006
185	9300	4.20082e-006
186	9350	4.20082e-006
187	9400	4.20082e-006
188	9450	4.20082e-006
189	9500	3.79087e-006
190	9550	3.79087e-006
191	9600	3.79087e-006
192	9650	3.45432e-006
193	9700	3.45432e-006
194	9750	3.0096e-006
195	9800	3.0096e-006
196	9850	2.97161e-006
197	9900	2.97161e-006
198	9950	2.10479e-006
199	10000	2.10479e-006
200	10050	2.10479e-006
201	10100	2.10479e-006
202	10150	1.53672e-006
203	10200	1.53672e-006
204	10250	1.53672e-006
205	10300	1.53672e-006
206	10350	1.53672e-006
207	10400	1.53672e-006
208	10450	1.53672e-006
209	10500	1.13585e-006
210	10550	8.80362e-007
211	10600	7.66463e-007
212	10650	7.66463e-007
213	10700	7.66463e-007
214	10750	4.55346e-007
215	10800	4.55346e-007
216	10850	4.55346e-007
217	10900	4.55346e-007
218	10950	4.05226e-007
219	11000	3.52473e-007
220	11050	3.52473e-007
221	11100	2.60805e-007
222	11150	2.60805e-007
223	11200	2.60805e-007
224	11250	1.6098e-007
225	11300	1.6098e-007
226	11350	1.54625e-007
227	11400	1.54625e-007
228	11450	1.4861e-007
229	11500	1.4861e-007
230	11550	1.4861e-007
231	11600	1.4861e-007
232	11650	1.22947e-007
233	11700	9.68506e-008
234	11750	9.68506e-008
235	11800	9.68506e-008
236	11850	5.53291e-008
237	11900	5.53291e-008
238	11950	5.53291e-008
239	12000	5.53291e-008
240	12050	4.65995e-008
241	12100	4.36148e-008
242	12150	4.36148e-008
243	12200	4.36148e-008
244	12250	2.83813e-008
245	12300	2.83813e-008
246	12350	1.93392e-008
247	12400	1.93392e-008
248	12450	1.92751e-008
249	12500	1.91045e-008
250	12550	1.91045e-008
251	12600	1.67303e-008
252	12650	1.67303e-008
253	12700	1.67303e-008
254	12750	1.67303e-008
255	12800	1.67303e-008
256	12850	1.67303e-008
257	12900	7.95581e-009
258	12950	7.95581e-009
259	13000	7.95581e-009
260	13050	7.95581e-009
261	13100	7.95581e-009
262	13150	7.24586e-009
263	13200	6.67429e-009
264	13250	6.67429e-009
265	13300	3.89235e-009
266	13350	3.89235e-009
267	13400	3.89235e-009
268	13450	3.89235e-009
269	13500	3.89235e-009
270	13550	2.86111e-009
271	13600	2.86111e-009
272	13650	2.86111e-009
273	13700	1.78134e-009
274	13750	1.78134e-009
275	13800	1.78134e-009
276	13850	1.26526e-009
277	13900	1.26526e-009
278	13950	1.26526e-009
279	14000	1.12184e-009
280	14050	1.12184e-009
281	14100	7.79983e-010
282	14150	6.33087e-010
283	14200	6.33087e-010
284	14250	6.33087e-010
285	14300	6.13057e-010
286	14350	6.13057e-010
287	14400	5.42983e-010
288	14450	5.42983e-010
289	14500	5.42983e-010
290	14550	5.42983e-010
291	14600	5.24116e-010
292	14650	4.23568e-010
293	14700	2.35575e-010
294	14750	2.35575e-010
295	14800	2.35575e-010
296	14850	2.35575e-010
297	14900	2.35575e-010
298	14950	2.35575e-010
299	15000	9.94876e-011
300	15050	9.65031e-011
301	15100	9.65031e-011
302	15150	9.65031e-011
303	15200	9.65031e-011
304	15250	9.65031e-011
305	15300	9.65031e-011
306	15350	9.65031e-011
307	15400	9.65031e-011
308	15450	9.65031e-011
309	15500	8.3443e-011
310	15550	8.3443e-011
311	15600	8.3443e-011
312	15650	4.43002e-011
313	15700	4.43002e-011
314	15750	4.43002e-011
315	15800	4.43002e-011
316	15850	2.74337e-011
317	15900	2.73513e-011
318	15950	2.73513e-011
319	16000	2.73513e-011
320	16050	2.36444e-011
321	16100	2.02614e-011
322	16150	1.44484e-011
323	16200	1.42419e-011
324	16250	1.42419e-011
325	16300	1.37457e-011
326	16350	1.37457e-011
327	16400	1.25281e-011
328	16450	1.25281e-011
329	16500	1.25281e-011
330	16550	1.25281e-011
331	16600	1.13332e-011
332	16650	1.12805e-011
333	16700	9.1299e-012
334	16750	5.46286e-012
335	16800	5.46286e-012
336	16850	3.88599e-012
337	16900	3.88599e-012
338	16950	3.88599e-012
339	17000	3.59247e-012
340	17050	3.59247e-012
341	17100	2.98362e-012
342	17150	2.98362e-012
343	17200	2.98362e-012
344	17250	2.98362e-012
345	17300	2.98362e-012
346	17350	2.76491e-012
347	17400	2.76491e-012
348	17450	2.50248e-012
349	17500	1.23402e-012
350	17550	1.23402e-012
351	17600	1.01378e-012
352	17650	1.01378e-012
353	17700	6.97467e-013
354	17750	6.97467e-013
355	17800	6.97467e-013
356	17850	6.97467e-013
357	17900	6.97467e-013
358	17950	6.97467e-013
359	18000	6.97467e-013
360	18050	6.97467e-013
361	18100	5.81945e-013
362	18150	4.65226e-013
363	18200	4.65226e-013
364	18250	1.94753e-013
365	18300	1.94753e-013
366	18350	1.94753e-013
367	18400	1.94753e-013
368	18450	1.94753e-013
369	18500	1.88806e-013
370	18550	1.48956e-013
371	18600	1.48956e-013
372	18650	1.48956e-013
373	18700	1.48956e-013
374	18750	1.34505e-013
375	18800	7.51076e-014
376	18850	7.24956e-014
377	18900	5.72052e-014
378	18950	5.72052e-014
379	19000	5.23119e-014
380	19050	5.23119e-014
381	19100	5.23119e-014
382	19150	4.62384e-014
383	19200	4.62384e-014
384	19250	4.62384e-014
385	19300	4.62384e-014
386	19350	4.53151e-014
387	19400	3.79767e-014
388	19450	3.61834e-014
389	19500	3.61834e-014
390	19550	2.79205e-014
391	19600	2.39742e-014
392	19650	2.38996e-014
393	19700	2.38996e-014
394	19750	2.38996e-014
395	19800	2.38996e-014
396	19850	2.38996e-014
397	19900	2.09308e-014
398	19950	2.08228e-014
399	20000	1.77976e-014
400	20050	1.0748e-014
401	20100	1.0748e-014
402	20150	7.95794e-015
403	20200	7.95794e-015
404	20250	7.95794e-015
405	20300	7.95794e-015
406	20350	5.6296e-015
407	20400	5.6296e-015
408	20450	5.6296e-015
409	20500	5.6296e-015
410	20550	5.6296e-015
411	20600	5.21294e-015
412	20650	4.20652e-015
413	20700	3.16814e-015
414	20750	3.16814e-015
415	20800	2.28586e-015
416	20850	2.28586e-015
417	20900	1.99923e-015
418	20950	1.99923e-015
419	21000	1.99923e-015
420	21050	1.91529e-015
421	21100	1.7196e-015
422	21150	1.7196e-015
423	21200	1.7196e-015
424	21250	1.7196e-015
425	21300	1.7196e-015
426	21350	1.26087e-015
427	21400	1.02965e-015
428	21450	1.02965e-015
429	21500	1.02965e-015
430	21550	9.20936e-016
431	21600	9.20936e-016
432	21650	7.52367e-016
433	21700	6.94452e-016
434	21750	5.15453e-016
435	21800	5.15453e-016
436	21850	5.15453e-016
437	21900	4.69274e-016
438	21950	3.99323e-016
439	22000	3.99323e-016
440	22050	3.12892e-016
441	22100	3.12892e-016
442	22150	3.12892e-016
443	22200	3.12892e-016
444	22250	1.72314e-016
445	22300	1.72314e-016
446	22350	1.70962e-016
447	22400	1.70962e-016
448	22450	1.70962e-016
449	22500	1.214e-016
450	22550	1.214e-016
451	22600	9.27773e-017
452	22650	9.27773e-017
453	22700	9.27773e-017
454	22750	6.64891e-017
455	22800	6.19106e-017
456	22850	6.19106e-017
457	22900	5.67037e-017
458	22950	4.78329e-017
459	23000	4.78329e-017
460	23050	4.78329e-017
461	23100	4.03292e-017
462	23150	3.6603e-017
463	23200	3.30211e-017
464	23250	3.2376e-017
465	23300	2.85406e-017
466	23350	2.43037e-017
467	23400	2.43037e-017
468	23450	2.43037e-017
469	23500	1.69673e-017
470	23550	1.43457e-017
471	23600	5.6576e-018
472	23650	5.6576e-018
473	23700	5.6576e-018
474	23750	5.6576e-018
475	23800	5.6576e-018
476	23850	5.14588e-018
477	23900	5.14588e-018
478	23950	5.14588e-018
479	24000	5.14588e-018
480	24050	5.14588e-018
481	24100	5.14588e-018
482	24150	5.14588e-018
483	24200	5.14588e-018
484	24250	3.25888e-018
485	24300	3.25888e-018
486	24350	3.04488e-018
487	24400	2.54117e-018
488	24450	2.54117e-018
489	24500	2.54117e-018
490	24550	2.54117e-018
491	24600	2.30075e-018
492	24650	2.30075e-018
493	24700	1.93137e-018
494	24750	1.93137e-018
495	24800	1.93137e-018
496	24850	1.51427e-018
497	24900	1.51427e-018
498	24950	1.51427e-018
499	25000	1.13806e-018
500	25050	5.66347e-019
501	25100	4.86416e-019
502	25150	4.86416e-019
503	25200	4.86416e-019
504	25250	4.29878e-019
505	25300	4.29878e-019
506	25350	4.29878e-019
507	25400	4.29878e-019
508	25450	2.42345e-019
509	25500	2.42345e-019
510	25550	1.75157e-019
511	25600	1.75157e-019
512	25650	1.49021e-019
513	25700	1.49021e-019
514	25750	1.49021e-019
515	25800	1.49021e-019
516	25850	1.49021e-019
517	25900	1.49021e-019
518	25950	1.43278e-019
519	26000	6.88173e-020
520	26050	6.26593e-020
521	26100	6.26593e-020
522	26150	6.26593e-020
523	26200	6.26593e-020
524	26250	4.99986e-020
525	26300	4.99986e-020
526	26350	3.75033e-020
527	26400	2.7666e-020
528	26450	2.7666e-020
529	26500	2.7666e-020
530	26550	2.6782e-020
531	26600	2.6782e-020
532	26650	2.56198e-020
533	26700	2.56198e-020
534	26750	2.56198e-020
535	26800	2.17994e-020
536	26850	1.94045e-020
537	26900	1.94045e-020
538	26950	1.94045e-020
539	27000	1.94045e-020
540	27050	1.94045e-020
541	27100	1.41209e-020
542	27150	1.41209e-020
543	27200	9.48463e-021
544	27250	9.19918e-021
545	27300	9.19918e-021
546	27350	7.91123e-021
547	27400	7.91123e-021
548	27450	7.91123e-021
549	27500	7.91123e-021
550	27550	7.91123e-021
551	27600	7.35427e-021
552	27650	7.35427e-021
553	27700	7.35427e-021
554	27750	7.35427e-021
555	27800	7.35427e-021
556	27850	6.9486e-021
557	27900	5.73022e-021
558	27950	5.70542e-021
559	28000	5.59174e-021
560	28050	5.203e-021
561	28100	4.75781e-021
562	28150	4.75781e-021
563	28200	1.78791e-021
564	28250	1.78791e-021
565	28300	1.78791e-021
566	28350	1.18497e-021
567	28400	1.18497e-021
568	28450	1.18497e-021
569	28500	1.18497e-021
570	28550	1.18497e-021
571	28600	1.18497e-021
572	28650	1.18497e-021
573	28700	1.18497e-021
574	28750	8.17318e-022
575	28800	3.3949e-022
576	28850	3.22203e-022
577	28900	2.29436e-022
578	28950	2.29436e-022
579	29000	2.29436e-022
580	29050	2.29436e-022
581	29100	2.29436e-022
582	29150	2.20554e-022
583	29200	2.20554e-022
584	29250	2.20554e-022
585	29300	2.20554e-022
586	29350	2.20554e-022
587	29400	2.12745e-022
588	29450	2.12745e-022
589	29500	2.12745e-022
590	29550	2.12745e-022
591	29600	2.12745e-022
592	29650	1.98936e-022
593	29700	1.8463e-022
594	29750	1.17151e-022
595	29800	1.14832e-022
596	29850	1.01954e-022
597	29900	1.01954e-022
598	29950	8.03852e-023
599	30000	8.03852e-023
600	30050	5.20265e-023
601	30100	4.30174e-023
602	30150	4.30174e-023
603	30200	4.27776e-023
604	30250	4.27776e-023
605	30300	3.62907e-023
606	30350	3.62907e-023
607	30400	3.62907e-023
608	30450	3.56585e-023
609	30500	3.56585e-023
610	30550	3.04299e-023
611	30600	2.99806e-023
612	30650	2.30952e-023
613	30700	2.09683e-023
614	30750	2.09683e-023
615	30800	2.09683e-023
616	30850	1.06192e-023
617	30900	7.79324e-024
618	30950	7.79324e-024
619	31000	7.79324e-024
620	31050	7.75164e-024
621	31100	7.75164e-024
622	31150	4.69552e-024
623	31200	4.69552e-024
624	31250	4.69552e-024
625	31300	4.69552e-024
626	31350	4.69552e-024
627	31400	4.54172e-024
628	31450	3.21318e-024
629	31500	3.21318e-024
630	31550	3.21318e-024
631	31600	3.21318e-024
632	31650	3.21318e-024
633	31700	3.21318e-024
634	31750	3.08755e-024
635	31800	3.08755e-024
636	31850	3.08755e-024
637	31900	1.30997e-024
638	31950	1.30997e-024
639	32000	1.30997e-024
640	32050	1.30997e-024
641	32100	1.30997e-024
642	32150	1.30997e-024
643	32200	1.30997e-024
644	32250	1.28108e-024
645	32300	1.28108e-024
646	32350	1.21155e-024
647	32400	1.19243e-024
648	32450	8.4937e-025
649	32500	5.63772e-025
650	32550	2.69382e-025
651	32600	2.69382e-025
652	32650	2.69382e-025
653	32700	2.69382e-025
654	32750	7.02962e-026
655	32800	6.74718e-026
656	32850	6.74718e-026
657	32900	6.74718e-026
658	32950	6.74718e-026
659	33000	6.74718e-026
660	33050	6.74718e-026
661	33100	6.74718e-026
662	33150	6.74718e-026
663	33200	6.74718e-026
664	33250	6.74718e-026
665	33300	6.74718e-026
666	33350	6.74718e-026
667	33400	6.74718e-026
668	33450	6.74718e-026
669	33500	5.55598e-026
670	33550	3.55266e-026
671	33600	3.20899e-026
672	33650	3.20899e-026
673	33700	3.20899e-026
674	33750	2.49771e-026
675	33800	2.49771e-026
676	33850	2.49771e-026
677	33900	1.49992e-026
678	33950	1.49992e-026
679	34000	1.03092e-026
680	34050	1.03092e-026
681	34100	1.03092e-026
682	34150	1.03092e-026
683	34200	1.03092e-026
684	34250	8.69232e-027
685	34300	8.49253e-027
686	34350	8.49253e-027
687	34400	8.49253e-027
688	34450	8.49253e-027
689	34500	8.49253e-027
690	34550	8.49253e-027
691	34600	8.49253e-027
692	34650	8.49253e-027
693	34700	8.49253e-027
694	34750	8.49253e-027
695	34800	8.12877e-027
696	34850	5.857e-027
697	34900	5.857e-027
698	34950	5.857e-027
699	35000	5.18461e-027
700	35050	5.18461e-027
701	35100	4.34051e-027
702	35150	4.34051e-027
703	35200	3.98113e-027
704	35250	3.98113e-027
705	35300	3.85587e-027
706	35350	3.85587e-027
707	35400	3.71897e-027
708	35450	3.71897e-027
709	35500	2.86975e-027
710	35550	1.71698e-027
711	35600	1.17977e-027
712	35650	9.7875e-028
713	35700	9.7875e-028
714	35750	9.7875e-028
715	35800	9.7875e-028
716	35850	9.7875e-028
717	35900	9.7875e-028
718	35950	3.69798e-028
719	36000	3.58744e-028
720	36050	3.58744e-028
721	36100	3.58744e-028
722	36150	2.49367e-028
723	36200	2.49367e-028
724	36250	2.49367e-028
725	36300	2.49367e-028
726	36350	2.49367e-028
727	36400	2.49367e-028
728	36450	2.0479e-028
729	36500	1.67926e-028
730	36550	1.67926e-028
731	36600	1.59773e-028
732	36650	1.59773e-028
733	36700	1.29044e-028
734	36750	1.29044e-028
735	36800	1.29044e-028
736	36850	1.29044e-028
737	36900	1.14476e-028
738	36950	1.14476e-028
739	37000	9.19233e-029
740	37050	9.19233e-029
741	37100	5.69103e-029
742	37150	5.69103e-029
743	37200	5.69103e-029
744	37250	5.69103e-029
745	37300	5.69103e-029
746	37350	5.69103e-029
747	37400	4.01261e-029
748	37450	3.07554e-029
749	37500	3.07554e-029
750	37550	3.07554e-029
751	37600	2.68492e-029
752	37650	2.68492e-029
753	37700	2.68492e-029
754	37750	2.60099e-029
755	37800	1.88475e-029
756	37850	1.88475e-029
757	37900	1.88475e-029
758	37950	9.05885e-030
759	38000	9.05885e-030
760	38050	9.05885e-030
761	38100	6.53996e-030
762	38150	6.53996e-030
763	38200	6.53996e-030
764	38250	6.18667e-030
765	38300	6.18667e-030
766	38350	6.18667e-030
767	38400	6.18667e-030
768	38450	6.18667e-030
769	38500	6.18667e-030
770	38550	4.65314e-030
771	38600	4.65314e-030
772	38650	4.65314e-030
773	38700	4.37902e-030
774	38750	4.37902e-030
775	38800	4.37902e-030
776	38850	4.23198e-030
777	38900	4.23198e-030
778	38950	2.51199e-030
779	39000	2.51199e-030
780	39050	2.51199e-030
781	39100	1.26816e-030
782	39150	1.26816e-030
783	39200	1.26816e-030
784	39250	7.9496e-031
785	39300	7.9496e-031
786	39350	7.51674e-031
787	39400	7.51674e-031
788	39450	7.51674e-031
789	39500	7.51674e-031
790	39550	7.51674e-031
791	39600	7.51674e-031
792	39650	7.51674e-031
793	39700	6.33898e-031
794	39750	6.33898e-031
795	39800	4.9787e-031
796	39850	4.9787e-031
797	39900	4.9787e-031
798	39950	4.62759e-031
799	40000	4.62759e-031
800	40050	4.17089e-031
801	40100	3.73982e-031
802	40150	2.64184e-031
803	40200	2.12148e-031
804	40250	2.12148e-031
805	40300	2.12148e-031
806	40350	1.73629e-031
807	40400	1.40321e-031
808	40450	1.15175e-031
809	40500	9.73471e-032
810	40550	8.79243e-032
811	40600	8.79243e-032
812	40650	8.79243e-032
813	40700	8.18768e-032
814	40750	8.18768e-032
815	40800	7.1291e-032
816	40850	6.17412e-032
817	40900	6.17412e-032
818	40950	5.68656e-032
819	41000	5.68656e-032
820	41050	4.68086e-032
821	41100	4.68086e-032
822	41150	2.49601e-032
823	41200	2.49601e-032
824	41250	2.49601e-032
825	41300	2.49601e-032
826	41350	2.49601e-032
827	41400	2.49601e-032
828	41450	1.64438e-032
829	41500	1.64438e-032
830	41550	1.64438e-032
831	41600	1.64438e-032
832	41650	8.92303e-033
833	41700	8.92303e-033
834	41750	8.92303e-033
835	41800	8.92303e-033
836	41850	7.32102e-033
837	41900	7.32102e-033
838	41950	6.86196e-033
839	42000	5.55582e-033
840	42050	3.11786e-033
841	42100	3.11786e-033
842	42150	3.11786e-033
843	42200	3.11786e-033
844	42250	3.11786e-033
845	42300	3.11786e-033
846	42350	3.11786e-033
847	42400	3.11786e-033
848	42450	2.89703e-033
849	42500	1.72435e-033
850	42550	1.72435e-033
851	42600	1.72435e-033
852	42650	1.72435e-033
853	42700	1.72435e-033
854	42750	1.72435e-033
855	42800	9.6224e-034
856	42850	9.6224e-034
857	42900	9.6224e-034
858	42950	9.6224e-034
859	43000	9.6224e-034
860	43050	9.6224e-034
861	43100	7.77191e-034
862	43150	5.96429e-034
863	43200	3.80745e-034
864	43250	3.80745e-034
865	43300	3.80745e-034
866	43350	3.80745e-034
867	43400	3.44173e-034
868	43450	3.39403e-034
869	43500	3.39403e-034
870	43550	3.39403e-034
871	43600	3.39403e-034
872	43650	2.53611e-034
873	43700	2.53611e-034
874	43750	2.53611e-034
875	43800	2.52169e-034
876	43850	2.39545e-034
877	43900	2.39545e-034
878	43950	2.13826e-034
879	44000	2.07677e-034
880	44050	1.89516e-034
881	44100	1.55882e-034
882	44150	1.03989e-034
883	44200	9.87706e-035
884	44250	8.12862e-035
885	44300	8.12862e-035
886	44350	7.89213e-035
887	44400	7.89213e-035
888	44450	7.34125e-035
889	44500	7.11677e-035
890	44550	5.74392e-035
891	44600	3.33398e-035
892	44650	3.33398e-035
893	44700	3.33398e-035
894	44750	2.85887e-035
895	44800	2.4831e-035
896	44850	2.4831e-035
897	44900	2.4831e-035
898	44950	2.45267e-035
899	45000	2.45267e-035
900	45050	2.45267e-035
901	45100	2.45267e-035
902	45150	1.33551e-035
903	45200	1.33551e-035
904	45250	1.33551e-035
905	45300	1.33551e-035
906	45350	1.32828e-035
907	45400	1.32828e-035
908	45450	1.29837e-035
909	45500	1.27446e-035
910	45550	8.79418e-036
911	45600	6.99294e-036
912	45650	6.99294e-036
913	45700	6.99294e-036
914	45750	6.66005e-036
915	45800	6.66005e-036
916	45850	6.66005e-036
917	45900	5.91624e-036
918	45950	2.31355e-036
919	46000	2.31355e-036
920	46050	2.31355e-036
921	46100	2.31355e-036
922	46150	1.55372e-036
923	46200	1.55372e-036
924	46250	1.55372e-036
925	46300	1.55372e-036
926	46350	1.55372e-036
927	46400	1.55372e-036
928	46450	1.02385e-036
929	46500	1.02385e-036
930	46550	1.02385e-036
931	46600	1.02385e-036
932	46650	1.02214e-036
933	46700	1.02214e-036
934	46750	1.02214e-036
935	46800	7.83652e-037
936	46850	6.50538e-037
937	46900	6.50538e-037
938	46950	6.50538e-037
939	47000	4.04267e-037
940	47050	4.02794e-037
941	47100	4.02794e-037
942	47150	3.88799e-037
943	47200	1.78987e-037
944	47250	1.78987e-037
945	47300	1.78987e-037
946	47350	1.78987e-037
947	47400	1.78987e-037
948	47450	1.37889e-037
949	47500	1.37889e-037
950	47550	1.37889e-037
951	47600	1.37889e-037
952	47650	1.37889e-037
953	47700	1.37889e-037
954	47750	1.37603e-037
955	47800	1.37603e-037
956	47850	4.63536e-038
957	47900	4.17325e-038
958	47950	4.17325e-038
959	48000	4.17325e-038
960	48050	4.17325e-038
961	48100	4.17325e-038
962	48150	4.12532e-038
963	48200	4.12532e-038
964	48250	3.89543e-038
965	48300	3.89543e-038
966	48350	3.89543e-038
967	48400	3.89543e-038
968	48450	3.89543e-038
969	48500	3.89543e-038
970	48550	1.44035e-038
971	48600	1.44035e-038
972	48650	1.44035e-038
973	48700	1.30268e-038
974	48750	1.30268e-038
975	48800	1.30268e-038
976	48850	1.30268e-038
977	48900	1.24635e-038
978	48950	1.24635e-038
979	49000	1.24635e-038
980	49050	1.24635e-038
981	49100	1.24635e-038
982	49150	1.24635e-038
983	49200	1.11575e-038
984	49250	7.97163e-039
985	49300	6.94876e-039
986	49350	3.38913e-039
987	49400	3.38913e-039
988	49450	3.38913e-039
989	49500	3.38913e-039
990	49550	2.52961e-039
991	49600	2.52961e-039
992	49650	2.52961e-039
993	49700	2.03249e-039
994	49750	2.03249e-039
995	49800	1.99618e-039
996	49850	1.22196e-039
997	49900	1.22196e-039
998	49950	1.11659e-039
999	50000	1.11659e-039
1000	50050	6.32819e-040
1001	50100	6.32819e-040
1002	50150	5.7912e-040
1003	50200	5.7912e-040
1004	50250	5.7912e-040
1005	50300	5.31692e-040
1006	50350	5.31692e-040
1007	50400	5.31692e-040
1008	50450	4.76169e-040
1009	50500	3.86596e-040
1010	50550	3.86596e-040
1011	50600	3.86596e-040
1012	50650	3.86596e-040
1013	50700	3.86596e-040
1014	50750	3.43891e-040
1015	50800	3.43891e-040
1016	50850	3.43891e-040
1017	50900	3.25328e-040
1018	50950	3.25328e-040
1019	51000	3.05503e-040
1020	51050	2.24545e-040
1021	51100	2.07717e-040
1022	51150	1.75982e-040
1023	51200	1.69483e-040
1024	51250	1.34196e-040
1025	51300	1.34196e-040
1026	51350	1.34196e-040
1027	51400	1.34196e-040
1028	51450	8.82923e-041
1029	51500	8.82047e-041
1030	51550	8.82047e-041
1031	51600	8.82047e-041
1032	51650	8.10285e-041
1033	51700	5.03864e-041
1034	51750	3.92257e-041
1035	51800	3.83819e-041
1036	51850	1.93366e-041
1037	51900	1.93366e-041
1038	51950	1.93366e-041
1039	52000	1.93366e-041
1040	52050	1.93366e-041
1041	52100	1.50173e-041
1042	52150	1.50173e-041
1043	52200	1.50173e-041
1044	52250	1.50173e-041
1045	52300	1.07059e-041
1046	52350	1.07059e-041
1047	52400	1.07059e-041
1048	52450	1.07059e-041
1049	52500	1.07059e-041
1050	52550	1.0502e-041
1051	52600	1.0502e-041
1052	52650	1.02036e-041
1053	52700	8.16274e-042
1054	52750	8.06376e-042
1055	52800	7.92732e-042
1056	52850	7.21106e-042
1057	52900	6.05037e-042
1058	52950	3.13371e-042
1059	53000	3.13371e-042
1060	53050	3.11102e-042
1061	53100	3.11102e-042
1062	53150	3.11102e-042
1063	53200	1.79624e-042
1064	53250	1.79624e-042
1065	53300	1.79624e-042
1066	53350	1.29258e-042
1067	53400	6.67781e-043
1068	53450	6.67781e-043
1069	53500	6.67781e-043
1070	53550	6.67781e-043
1071	53600	6.67781e-043
1072	53650	6.67781e-043
1073	53700	6.67781e-043
1074	53750	6.67781e-043
1075	53800	5.50679e-043
1076	53850	4.91757e-043
1077	53900	3.65843e-043
1078	53950	3.65843e-043
1079	54000	3.65843e-043
1080	54050	2.93455e-043
1081	54100	2.93455e-043
1082	54150	2.84601e-043
1083	54200	2.84601e-043
1084	54250	2.84601e-043
1085	54300	1.96443e-043
1086	54350	1.96443e-043
1087	54400	1.96443e-043
1088	54450	1.96443e-043
1089	54500	1.96443e-043
1090	54550	1.96443e-043
1091	54600	1.96443e-043
1092	54650	1.89623e-043
1093	54700	1.89623e-043
1094	54750	1.8495e-043
1095	54800	5.56635e-044
1096	54850	5.56635e-044
1097	54900	5.56635e-044
1098	54950	5.56635e-044
1099	55000	5.56635e-044
1100	55050	5.56635e-044
1101	55100	5.56635e-044
1102	55150	5.56635e-044
1103	55200	2.73376e-044
1104	55250	2.73376e-044
1105	55300	2.72721e-044
1106	55350	2.72721e-044
1107	55400	2.37502e-044
1108	55450	1.80912e-044
1109	55500	1.74599e-044
1110	55550	1.56356e-044
1111	55600	1.56356e-044
1112	55650	1.56356e-044
1113	55700	5.3024e-045
1114	55750	4.96898e-045
1115	55800	4.96898e-045
1116	55850	4.96898e-045
1117	55900	4.96898e-045
1118	55950	4.96898e-045
1119	56000	4.96898e-045
1120	56050	4.96898e-045
1121	56100	4.96898e-045
1122	56150	4.96898e-045
1123	56200	4.96898e-045
1124	56250	4.96898e-045
1125	56300	4.96898e-045
1126	56350	4.50272e-045
1127	56400	4.50272e-045
1128	56450	3.26868e-045
1129	56500	1.7515e-045
1130	56550	1.7515e-045
1131	56600	1.06111e-045
1132	56650	1.06111e-045
1133	56700	1.06111e-045
1134	56750	1.06111e-045
1135	56800	1.06111e-045
1136	56850	1.06111e-045
1137	56900	1.06111e-045
1138	56950	1.06111e-045
1139	57000	1.06111e-045
1140	57050	1.06111e-045
1141	57100	8.99532e-046
1142	57150	8.99532e-046
1143	57200	8.10487e-046
1144	57250	8.10487e-046
1145	57300	8.10487e-046
1146	57350	8.10487e-046
1147	57400	8.10487e-046
1148	57450	7.79534e-046
1149	57500	7.64599e-046
1150	57550	3.44266e-046
1151	57600	3.44266e-046
1152	57650	2.64332e-046
1153	57700	2.64332e-046
1154	57750	2.64332e-046
1155	57800	2.64332e-046
1156	57850	2.64332e-046
1157	57900	2.54297e-046
1158	57950	2.3221e-046
1159	58000	2.3221e-046
1160	58050	2.3221e-046
1161	58100	2.13882e-046
1162	58150	1.99128e-046
1163	58200	1.99128e-046
1164	58250	1.99128e-046
1165	58300	1.96218e-046
1166	58350	1.96218e-046
1167	58400	1.96218e-046
1168	58450	1.23571e-046
1169	58500	1.23571e-046
1170	58550	1.18375e-046
1171	58600	1.18375e-046
1172	58650	1.17952e-046
1173	58700	1.17952e-046
1174	58750	1.17952e-046
1175	58800	4.55367e-047
1176	58850	4.55367e-047
1177	58900	4.55367e-047
1178	58950	4.55367e-047
1179	59000	3.21129e-047
1180	59050	3.21129e-047
1181	59100	3.21072e-047
1182	59150	3.12277e-047
1183	59200	2.75481e-047
1184	59250	2.75481e-047
1185	59300	2.75481e-047
1186	59350	2.75481e-047
1187	59400	2.75481e-047
1188	59450	2.75481e-047
1189	59500	2.75481e-047
1190	59550	1.79316e-047
1191	59600	1.79316e-047
1192	59650	6.62777e-048
1193	59700	5.49043e-048
1194	59750	5.49043e-048
1195	59800	5.49043e-048
1196	59850	3.59041e-048
1197	59900	3.59041e-048
1198	59950	3.59041e-048
1199	60000	2.25214e-048
1200	60050	2.25214e-048
1201	60100	2.25214e-048
1202	60150	2.25214e-048
1203	60200	2.25214e-048
1204	60250	2.25214e-048
1205	60300	1.83242e-048
1206	60350	1.83242e-048
1207	60400	1.83242e-048
1208	60450	1.83242e-048
1209	60500	1.56315e-048
1210	60550	1.56315e-048
1211	60600	1.22314e-048
1212	60650	1.22314e-048
1213	60700	1.22314e-048
1214	60750	1.22314e-048
1215	60800	1.08576e-048
1216	60850	8.03497e-049
1217	60900	8.03497e-049
1218	60950	8.03497e-049
1219	61000	5.00399e-049
1220	61050	5.00399e-049
1221	61100	4.10347e-049
1222	61150	4.10347e-049
1223	61200	4.10347e-049
1224	61250	4.10347e-049
1225	61300	3.62567e-049
1226	61350	3.62567e-049
1227	61400	3.62567e-049
1228	61450	3.52162e-049
1229	61500	3.52162e-049
1230	61550	2.52219e-049
1231	61600	2.52219e-049
1232	61650	2.52219e-049
1233	61700	1.57837e-049
1234	61750	1.56408e-049
1235	61800	1.56408e-049
1236	61850	1.56408e-049
1237	61900	1.56408e-049
1238	61950	1.43828e-049
1239	62000	1.37684e-049
1240	62050	1.37091e-049
1241	62100	1.37091e-049
1242	62150	1.25425e-049
1243	62200	1.25425e-049
1244	62250	1.16941e-049
1245	62300	8.47426e-050
1246	62350	8.47426e-050
1247	62400	7.21362e-050
1248	62450	7.21362e-050
1249	62500	7.21362e-050
1250	62550	7.15283e-050
1251	62600	7.01716e-050
1252	62650	4.34283e-050
1253	62700	4.34283e-050
1254	62750	1.46959e-050
1255	62800	7.88307e-051
1256	62850	7.88307e-051
1257	62900	7.88307e-051
1258	62950	7.88307e-051
1259	63000	7.88307e-051
1260	63050	7.88307e-051
1261	63100	7.61187e-051
1262	63150	7.61187e-051
1263	63200	7.61187e-051
1264	63250	7.61187e-051
1265	63300	5.26154e-051
1266	63350	5.18648e-051
1267	63400	5.18648e-051
1268	63450	5.18648e-051
1269	63500	4.46964e-051
1270	63550	4.46964e-051
1271	63600	4.30742e-051
1272	63650	4.30742e-051
1273	63700	4.30742e-051
1274	63750	4.30742e-051
1275	63800	4.30742e-051
1276	63850	4.30742e-051
1277	63900	3.61391e-051
1278	63950	3.61391e-051
1279	64000	2.75384e-051
1280	64050	2.75384e-051
1281	64100	2.75384e-051
1282	64150	1.79485e-051
1283	64200	1.7615e-051
1284	64250	1.7615e-051
1285	64300	1.7615e-051
1286	64350	1.53117e-051
1287	64400	1.35818e-051
1288	64450	1.35818e-051
1289	64500	1.07632e-051
1290	64550	1.07298e-051
1291	64600	9.50154e-052
1292	64650	8.50323e-052
1293	64700	8.18202e-052
1294	64750	7.82697e-052
1295	64800	7.82697e-052
1296	64850	7.82697e-052
1297	64900	5.91364e-052
1298	64950	5.91364e-052
1299	65000	5.06905e-052
1300	65050	2.74105e-052
1301	65100	2.74105e-052
1302	65150	2.73555e-052
1303	65200	2.73555e-052
1304	65250	2.73555e-052
1305	65300	2.73555e-052
1306	65350	1.29518e-052
1307	65400	1.20899e-052
1308	65450	1.20899e-052
1309	65500	1.08773e-052
1310	65550	1.08773e-052
1311	65600	8.77149e-053
1312	65650	7.25554e-053
1313	65700	7.25554e-053
1314	65750	7.25554e-053
1315	65800	5.20927e-053
1316	65850	5.20927e-053
1317	65900	4.54169e-053
1318	65950	4.54169e-053
1319	66000	4.54169e-053
1320	66050	4.54169e-053
1321	66100	2.37261e-053
1322	66150	2.37261e-053
1323	66200	2.37261e-053
1324	66250	2.37261e-053
1325	66300	2.37261e-053
1326	66350	2.37261e-053
1327	66400	2.14942e-053
1328	66450	2.14942e-053
1329	66500	2.14942e-053
1330	66550	2.14942e-053
1331	66600	2.14942e-053
1332	66650	2.14942e-053
1333	66700	1.7568e-053
1334	66750	1.68288e-053
1335	66800	1.31136e-053
1336	66850	1.31136e-053
1337	66900	1.04363e-053
1338	66950	8.28077e-054
1339	67000	8.28077e-054
1340	67050	8.28077e-054
1341	67100	5.27618e-054
1342	67150	5.27618e-054
1343	67200	5.23146e-054
1344	67250	2.86193e-054
1345	67300	2.86193e-054
1346	67350	2.86193e-054
1347	67400	2.86193e-054
1348	67450	2.86193e-054
1349	67500	2.86193e-054
1350	67550	2.86193e-054
1351	67600	2.86193e-054
1352	67650	2.86193e-054
1353	67700	2.86193e-054
1354	67750	1.54201e-054
1355	67800	1.54201e-054
1356	67850	1.54201e-054
1357	67900	1.54201e-054
1358	67950	1.54201e-054
1359	68000	1.44851e-054
1360	68050	1.44851e-054
1361	68100	9.38383e-055
1362	68150	9.38383e-055
1363	68200	9.38383e-055
1364	68250	9.38383e-055
1365	68300	9.22227e-055
1366	68350	9.22227e-055
1367	68400	8.83674e-055
1368	68450	6.35223e-055
1369	68500	6.35223e-055
1370	68550	6.35223e-055
1371	68600	6.35223e-055
1372	68650	5.63856e-055
1373	68700	5.58017e-055
1374	68750	3.84699e-055
1375	68800	3.84699e-055
1376	68850	3.84699e-055
1377	68900	3.84699e-055
1378	68950	3.62545e-055
1379	69000	2.36986e-055
1380	69050	2.36986e-055
1381	69100	2.21596e-055
1382	69150	1.70187e-055
1383	69200	1.70187e-055
1384	69250	1.70187e-055
1385	69300	1.59391e-055
1386	69350	1.53529e-055
1387	69400	8.57912e-056
1388	69450	8.57912e-056
1389	69500	8.57912e-056
1390	69550	8.57912e-056
1391	69600	6.57801e-056
1392	69650	6.57801e-056
1393	69700	4.86264e-056
1394	69750	4.86264e-056
1395	69800	4.86264e-056
1396	69850	4.43644e-056
1397	69900	3.6642e-056
1398	69950	3.6642e-056
1399	70000	3.6642e-056
1400	70050	2.65823e-056
1401	70100	2.65823e-056
1402	70150	2.65823e-056
1403	70200	2.65823e-056
1404	70250	2.65823e-056
1405	70300	2.65823e-056
1406	70350	2.65823e-056
1407	70400	2.51251e-056
1408	70450	2.51251e-056
1409	70500	2.51251e-056
1410	70550	2.24652e-056
1411	70600	2.15973e-056
1412	70650	1.86345e-056
1413	70700	1.49845e-056
1414	70750	1.11757e-056
1415	70800	1.09672e-056
1416	70850	1.09672e-056
1417	70900	7.21837e-057
1418	70950	7.21837e-057
1419	71000	7.06159e-057
1420	71050	3.9853e-057
1421	71100	2.69862e-057
1422	71150	2.69862e-057
1423	71200	2.69862e-057
1424	71250	2.13183e-057
1425	71300	2.13183e-057
1426	71350	2.13183e-057
1427	71400	2.13183e-057
1428	71450	1.14914e-057
1429	71500	1.14914e-057
1430	71550	1.14914e-057
1431	71600	1.14914e-057
1432	71650	1.14914e-057
1433	71700	1.14914e-057
1434	71750	1.14914e-057
1435	71800	1.14914e-057
1436	71850	1.14914e-057
1437	71900	1.13709e-057
1438	71950	6.2144e-058
1439	72000	6.2144e-058
1440	72050	6.2144e-058
1441	72100	6.2144e-058
1442	72150	6.2144e-058
1443	72200	6.06303e-058
1444	72250	6.06303e-058
1445	72300	6.06303e-058
1446	72350	6.06303e-058
1447	72400	5.15362e-058
1448	72450	4.95841e-058
1449	72500	2.90853e-058
1450	72550	2.90853e-058
1451	72600	2.86383e-058
1452	72650	1.76593e-058
1453	72700	1.76593e-058
1454	72750	1.40479e-058
1455	72800	1.40479e-058
1456	72850	1.34574e-058
1457	72900	1.34574e-058
1458	72950	1.34574e-058
1459	73000	1.34574e-058
1460	73050	1.08708e-058
1461	73100	1.03482e-058
1462	73150	1.03482e-058
1463	73200	1.03482e-058
1464	73250	9.7946e-059
1465	73300	9.7946e-059
1466	73350	9.06304e-059
1467	73400	9.06304e-059
1468	73450	4.29644e-059
1469	73500	4.29644e-059
1470	73550	4.29644e-059
1471	73600	4.29644e-059
1472	73650	4.29644e-059
1473	73700	4.29644e-059
1474	73750	3.67065e-059
1475	73800	3.64767e-059
1476	73850	2.72172e-059
1477	73900	2.72172e-059
1478	73950	2.589e-059
1479	74000	1.66932e-059
1480	74050	1.66932e-059
1481	74100	1.39774e-059
1482	74150	1.36123e-059
1483	74200	1.32568e-059
1484	74250	1.32568e-059
1485	74300	1.28015e-059
1486	74350	1.2468e-059
1487	74400	1.2468e-059
1488	74450	1.2319e-059
1489	74500	8.32962e-060
1490	74550	8.32962e-060
1491	74600	8.32962e-060
1492	74650	7.24594e-060
1493	74700	6.70194e-060
1494	74750	6.70194e-060
1495	74800	5.77193e-060
1496	74850	5.77193e-060
1497	74900	4.65214e-060
1498	74950	3.85474e-060
1499	75000	1.66896e-060
1500	75050	1.66896e-060
1501	75100	1.63934e-060
1502	75150	1.05423e-060
1503	75200	1.05423e-060
1504	75250	1.05423e-060
1505	75300	1.05423e-060
1506	75350	7.29169e-061
1507	75400	7.29169e-061
1508	75450	7.29169e-061
1509	75500	5.61941e-061
1510	75550	5.61941e-061
1511	75600	5.61941e-061
1512	75650	5.61941e-061
1513	75700	5.61941e-061
1514	75750	5.61941e-061
1515	75800	5.61941e-061
1516	75850	5.61941e-061
1517	75900	5.61941e-061
1518	75950	5.2783e-061
1519	76000	4.72971e-061
1520	76050	3.77094e-061
1521	76100	3.77094e-061
1522	76150	3.61715e-061
1523	76200	3.60484e-061
1524	76250	2.54859e-061
1525	76300	1.3805e-061
1526	76350	1.10549e-061
1527	76400	3.64882e-062
1528	76450	3.64882e-062
1529	76500	3.64882e-062
1530	76550	3.59587e-062
1531	76600	3.59587e-062
1532	76650	3.59587e-062
1533	76700	3.59587e-062
1534	76750	3.59587e-062
1535	76800	3.59587e-062
1536	76850	3.59587e-062
1537	76900	3.59587e-062
1538	76950	3.59587e-062
1539	77000	3.59587e-062
1540	77050	3.59587e-062
1541	77100	2.49473e-062
1542	77150	2.49473e-062
1543	77200	2.49473e-062
1544	77250	2.49473e-062
1545	77300	2.49473e-062
1546	77350	2.49473e-062
1547	77400	2.49473e-062
1548	77450	2.49473e-062
1549	77500	2.49473e-062
1550	77550	2.49473e-062
1551	77600	2.36667e-062
1552	77650	2.36667e-062
1553	77700	2.36667e-062
1554	77750	2.22183e-062
1555	77800	2.02211e-062
1556	77850	1.8362e-062
1557	77900	1.53536e-062
1558	77950	1.53536e-062
1559	78000	1.47415e-062
1560	78050	1.27462e-062
1561	78100	1.26274e-062
1562	78150	1.26274e-062
1563	78200	7.1533e-063
1564	78250	7.1533e-063
1565	78300	7.1533e-063
1566	78350	7.05434e-063
1567	78400	2.95437e-063
1568	78450	2.75935e-063
1569	78500	2.47384e-063
1570	78550	2.47384e-063
1571	78600	2.47384e-063
1572	78650	2.47384e-063
1573	78700	2.47384e-063
1574	78750	2.47384e-063
1575	78800	2.47384e-063
1576	78850	2.1087e-063
1577	78900	2.1087e-063
1578	78950	1.47095e-063
1579	79000	1.47095e-063
1580	79050	1.47095e-063
1581	79100	1.31111e-063
1582	79150	1.17848e-063
1583	79200	1.13928e-063
1584	79250	1.13928e-063
1585	79300	1.02696e-063
1586	79350	9.75945e-064
1587	79400	9.75945e-064
1588	79450	6.56111e-064
1589	79500	5.29693e-064
1590	79550	5.29693e-064
1591	79600	2.88223e-064
1592	79650	2.68235e-064
1593	79700	2.68235e-064
1594	79750	2.36465e-064
1595	79800	2.36465e-064
1596	79850	2.36465e-064
1597	79900	2.36465e-064
1598	79950	1.51445e-064
1599	80000	1.51445e-064
1600	80050	1.51445e-064
1601	80100	1.51445e-064
1602	80150	1.46949e-064
1603	80200	1.46949e-064
1604	80250	1.46949e-064
1605	80300	6.51562e-065
1606	80350	6.51562e-065
1607	80400	6.51562e-065
1608	80450	6.51562e-065
1609	80500	6.51562e-065
1610	80550	5.95556e-065
1611	80600	3.53286e-065
1612	80650	3.53286e-065
1613	80700	3.53286e-065
1614	80750	3.53286e-065
1615	80800	3.53286e-065
1616	80850	3.53286e-065
1617	80900	3.53286e-065
1618	80950	3.53286e-065
1619	81000	3.53286e-065
1620	81050	3.53286e-065
1621	81100	1.14914e-065
1622	81150	1.14914e-065
1623	81200	1.14914e-065
1624	81250	1.14914e-065
1625	81300	1.14914e-065
1626	81350	1.14914e-065
1627	81400	1.14914e-065
1628	81450	1.14914e-065
1629	81500	8.58868e-066
1630	81550	8.29194e-066
1631	81600	5.80009e-066
1632	81650	5.80009e-066
1633	81700	5.35441e-066
1634	81750	5.35441e-066
1635	81800	5.35441e-066
1636	81850	4.77765e-066
1637	81900	4.77765e-066
1638	81950	4.77765e-066
1639	82000	3.47424e-066
1640	82050	3.47424e-066
1641	82100	3.33696e-066
1642	82150	2.42041e-066
1643	82200	2.42041e-066
1644	82250	2.03895e-066
1645	82300	2.03895e-066
1646	82350	1.81663e-066
1647	82400	1.81663e-066
1648	82450	1.81663e-066
1649	82500	1.81663e-066
1650	82550	1.66954e-066
1651	82600	7.76007e-067
1652	82650	7.76007e-067
1653	82700	7.61802e-067
1654	82750	7.14841e-067
1655	82800	7.14841e-067
1656	82850	7.14841e-067
1657	82900	7.11848e-067
1658	82950	7.11848e-067
1659	83000	6.69586e-067
1660	83050	6.45547e-067
1661	83100	3.69844e-067
1662	83150	3.69844e-067
1663	83200	3.69844e-067
1664	83250	2.84863e-067
1665	83300	2.84863e-067
1666	83350	2.84863e-067
1667	83400	2.84863e-067
1668	83450	2.5855e-067
1669	83500	2.5855e-067
1670	83550	2.42478e-067
1671	83600	1.52855e-067
1672	83650	1.36019e-067
1673	83700	1.36019e-067
1674	83750	1.36019e-067
1675	83800	1.2157e-067
1676	83850	1.2157e-067
1677	83900	1.17432e-067
1678	83950	1.04224e-067
1679	84000	9.59571e-068
1680	84050	7.74551e-068
1681	84100	4.38411e-068
1682	84150	4.38411e-068
1683	84200	4.38411e-068
1684	84250	4.16839e-068
1685	84300	4.16839e-068
1686	84350	3.98592e-068
1687	84400	3.98329e-068
1688	84450	3.98329e-068
1689	84500	3.47033e-068
1690	84550	3.47033e-068
1691	84600	3.47033e-068
1692	84650	3.25349e-068
1693	84700	2.69371e-068
1694	84750	2.31797e-068
1695	84800	2.31797e-068
1696	84850	9.28598e-069
1697	84900	9.28598e-069
1698	84950	9.28598e-069
1699	85000	8.41053e-069
1700	85050	8.41053e-069
1701	85100	8.41053e-069
1702	85150	4.96087e-069
1703	85200	4.96087e-069
1704	85250	4.96087e-069
1705	85300	3.9826e-069
1706	85350	3.9826e-069
1707	85400	3.9826e-069
1708	85450	3.93962e-069
1709	85500	3.93962e-069
1710	85550	3.93962e-069
1711	85600	3.33412e-069
1712	85650	2.80427e-069
1713	85700	2.80427e-069
1714	85750	2.38019e-069
1715	85800	2.38019e-069
1716	85850	2.38019e-069
1717	85900	2.38019e-069
1718	85950	2.38019e-069
1719	86000	1.99735e-069
1720	86050	1.93801e-069
1721	86100	1.93801e-069
1722	86150	1.93801e-069
1723	86200	1.93801e-069
1724	86250	1.34275e-069
1725	86300	1.26139e-069
1726	86350	1.17393e-069
1727	86400	9.66032e-070
1728	86450	9.66032e-070
1729	86500	9.66032e-070
1730	86550	7.3563e-070
1731	86600	7.3563e-070
1732	86650	7.3563e-070
1733	86700	4.60809e-070
1734	86750	4.02804e-070
1735	86800	4.02804e-070
1736	86850	3.35377e-070
1737	86900	2.5152e-070
1738	86950	1.98725e-070
1739	87000	1.98725e-070
1740	87050	1.98725e-070
1741	87100	1.98725e-070
1742	87150	1.4205e-070
1743	87200	1.4205e-070
1744	87250	1.36189e-070
1745	87300	1.20734e-070
1746	87350	1.20734e-070
1747	87400	1.20734e-070
1748	87450	1.20734e-070
1749	87500	1.20672e-070
1750	87550	1.20672e-070
1751	87600	1.20672e-070
1752	87650	1.20672e-070
1753	87700	1.12556e-070
1754	87750	1.12556e-070
1755	87800	1.067e-070
1756	87850	6.15257e-071
1757	87900	4.76563e-071
1758	87950	4.76563e-071
1759	88000	4.76563e-071
1760	88050	4.76563e-071
1761	88100	4.41157e-071
1762	88150	4.41157e-071
1763	88200	3.42803e-071
1764	88250	1.05852e-071
1765	88300	1.05852e-071
1766	88350	1.05852e-071
1767	88400	1.05852e-071
1768	88450	1.05852e-071
1769	88500	1.05852e-071
1770	88550	1.05852e-071
1771	88600	1.05852e-071
1772	88650	1.05852e-071
1773	88700	1.05852e-071
1774	88750	1.05852e-071
1775	88800	1.05852e-071
1776	88850	1.01685e-071
1777	88900	7.77184e-072
1778	88950	7.77184e-072
1779	89000	5.39889e-072
1780	89050	5.21569e-072
1781	89100	4.73511e-072
1782	89150	4.73511e-072
1783	89200	3.59381e-072
1784	89250	3.59381e-072
1785	89300	3.59381e-072
1786	89350	3.55995e-072
1787	89400	3.55995e-072
1788	89450	2.45991e-072
1789	89500	2.45991e-072
1790	89550	2.45991e-072
1791	89600	2.13607e-072
1792	89650	2.13607e-072
1793	89700	1.93904e-072
1794	89750	1.14793e-072
1795	89800	8.1974e-073
1796	89850	8.1974e-073
1797	89900	8.1974e-073
1798	89950	8.1974e-073
1799	90000	8.1974e-073
1800	90050	8.1974e-073
1801	90100	8.1974e-073
1802	90150	3.39988e-073
1803	90200	3.39988e-073
1804	90250	3.39988e-073
1805	90300	3.39988e-073
1806	90350	3.39988e-073
1807	90400	2.61621e-073
1808	90450	2.61621e-073
1809	90500	2.61621e-073
1810	90550	2.61621e-073
1811	90600	2.61621e-073
1812	90650	2.11761e-073
1813	90700	2.11761e-073
1814	90750	2.11761e-073
1815	90800	2.11761e-073
1816	90850	2.11761e-073
1817	90900	1.94633e-073
1818	90950	1.94072e-073
1819	91000	1.59038e-073
1820	91050	1.16555e-073
1821	91100	1.16555e-073
1822	91150	1.16555e-073
1823	91200	7.76538e-074
1824	91250	3.32001e-074
1825	91300	3.08476e-074
1826	91350	3.08476e-074
1827	91400	3.08476e-074
1828	91450	3.08476e-074
1829	91500	2.64573e-074
1830	91550	2.64573e-074
1831	91600	2.01871e-074
1832	91650	2.01871e-074
1833	91700	1.76583e-074
1834	91750	1.76583e-074
1835	91800	1.76583e-074
1836	91850	7.72236e-075
1837	91900	7.72236e-075
1838	91950	7.72236e-075
1839	92000	7.72236e-075
1840	92050	7.72236e-075
1841	92100	7.72236e-075
1842	92150	7.72236e-075
1843	92200	7.72236e-075
1844	92250	7.72236e-075
1845	92300	7.72236e-075
1846	92350	6.37019e-075
1847	92400	6.37019e-075
1848	92450	6.37019e-075
1849	92500	6.33089e-075
1850	92550	6.2944e-075
1851	92600	6.2944e-075
1852	92650	6.2944e-075
1853	92700	4.70392e-075
1854	92750	4.15004e-075
1855	92800	4.15004e-075
1856	92850	4.15004e-075
1857	92900	2.00317e-075
1858	92950	2.00317e-075
1859	93000	2.00317e-075
1860	93050	2.00317e-075
1861	93100	2.00317e-075
1862	93150	2.00317e-075
1863	93200	1.70751e-075
1864	93250	1.4514e-075
1865	93300	1.4514e-075
1866	93350	1.0491e-075
1867	93400	1.0491e-075
1868	93450	1.0491e-075
1869	93500	1.0027e-075
1870	93550	1.0027e-075
1871	93600	8.78784e-076
1872	93650	5.97082e-076
1873	93700	5.97082e-076
1874	93750	5.72514e-076
1875	93800	5.72514e-076
1876	93850	5.72514e-076
1877	93900	4.53193e-076
1878	93950	4.53193e-076
1879	94000	2.44653e-076
1880	94050	2.44122e-076
1881	94100	2.44122e-076
1882	94150	2.21569e-076
1883	94200	2.00939e-076
1884	94250	1.4289e-076
1885	94300	1.4289e-076
1886	94350	1.37461e-076
1887	94400	9.47389e-077
1888	94450	7.98369e-077
1889	94500	7.98369e-077
1890	94550	7.98369e-077
1891	94600	7.98369e-077
1892	94650	7.98369e-077
1893	94700	7.98369e-077
1894	94750	3.35788e-077
1895	94800	3.35788e-077
1896	94850	3.35788e-077
1897	94900	3.35788e-077
1898	94950	3.35788e-077
1899	95000	3.35788e-077
1900	95050	3.35788e-077
1901	95100	3.19961e-077
1902	95150	3.19961e-077
1903	95200	3.19961e-077
1904	95250	3.19961e-077
1905	95300	3.19961e-077
1906	95350	3.19961e-077
1907	95400	3.13425e-077
1908	95450	2.88683e-077
1909	95500	2.88683e-077
1910	95550	2.53064e-077
1911	95600	2.53064e-077
1912	95650	2.37022e-077
1913	95700	2.37022e-077
1914	95750	1.5171e-077
1915	95800	1.5171e-077
1916	95850	1.5171e-077
1917	95900	1.38524e-077
1918	95950	1.10491e-077
1919	96000	1.10491e-077
1920	96050	3.91437e-078
1921	96100	3.91437e-078
1922	96150	3.76537e-078
1923	96200	3.76537e-078
1924	96250	3.76537e-078
1925	96300	3.243e-078
1926	96350	3.243e-078
1927	96400	3.243e-078
1928	96450	2.52183e-078
1929	96500	2.52183e-078
1930	96550	2.52183e-078
1931	96600	2.13418e-078
1932	96650	1.97245e-078
1933	96700	1.97245e-078
1934	96750	1.97245e-078
1935	96800	1.97245e-078
1936	96850	1.71019e-078
1937	96900	1.71019e-078
1938	96950	1.71019e-078
1939	97000	1.44958e-078
1940	97050	1.03041e-078
1941	97100	1.03041e-078
1942	97150	8.10487e-079
1943	97200	8.10487e-079
1944	97250	7.00512e-079
1945	97300	4.5526e-079
1946	97350	4.5526e-079
1947	97400	4.5526e-079
1948	97450	4.5526e-079
1949	97500	4.5526e-079
1950	97550	3.34572e-079
1951	97600	3.34572e-079
1952	97650	3.34572e-079
1953	97700	2.28827e-079
1954	97750	2.28827e-079
1955	97800	2.28827e-079
1956	97850	1.87111e-079
1957	97900	1.87111e-079
1958	97950	1.87111e-079
1959	98000	1.57792e-079
1960	98050	1.54566e-079
1961	98100	1.37146e-079
1962	98150	1.36938e-079
1963	98200	1.36938e-079
1964	98250	1.36938e-079
1965	98300	1.36938e-079
1966	98350	1.16139e-079
1967	98400	1.16139e-079
1968	98450	9.59952e-080
1969	98500	9.59952e-080
1970	98550	9.59101e-080
1971	98600	9.59101e-080
1972	98650	8.15734e-080
1973	98700	6.01285e-080
1974	98750	5.50615e-080
1975	98800	4.93207e-080
1976	98850	3.55566e-080
1977	98900	2.82928e-080
1978	98950	2.64357e-080
1979	99000	2.64357e-080
1980	99050	1.70381e-080
1981	99100	1.70381e-080
1982	99150	1.70276e-080
1983	99200	1.70276e-080
1984	99250	1.58705e-080
1985	99300	9.96444e-081
1986	99350	9.96444e-081
1987	99400	9.96444e-081
1988	99450	9.96444e-081
1989	99500	9.96444e-081
1990	99550	9.5223e-081
1991	99600	9.397e-081
1992	99650	9.397e-081
1993	99700	9.397e-081
1994	99750	9.397e-081
1995	99800	9.397e-081
1996	99850	9.397e-081
1997	99900	9.397e-081
1998	99950	9.397e-081
1999	100000	7.07336e-081
2000	100050	6.33748e-081
