1	100	297.037
2	150	297.037
3	200	297.037
4	250	297.037
5	300	297.037
6	350	297.037
7	400	297.037
8	450	274.656
9	500	267.194
10	550	267.194
11	600	267.194
12	650	267.194
13	700	267.194
14	750	267.194
15	800	267.194
16	850	218.529
17	900	218.529
18	950	147.434
19	1000	122.361
20	1050	122.361
21	1100	90.9929
22	1150	90.9929
23	1200	87.9166
24	1250	77.8574
25	1300	77.8574
26	1350	70.0007
27	1400	44.8159
28	1450	44.8159
29	1500	38.3116
30	1550	37.0006
31	1600	37.0006
32	1650	37.0006
33	1700	16.6741
34	1750	14.7204
35	1800	14.7204
36	1850	14.7204
37	1900	14.7204
38	1950	14.7204
39	2000	11.6423
40	2050	11.6423
41	2100	11.3122
42	2150	11.3122
43	2200	11.3122
44	2250	9.93779
45	2300	9.93779
46	2350	6.77055
47	2400	6.77055
48	2450	6.32104
49	2500	6.32104
50	2550	5.97131
51	2600	5.24884
52	2650	5.24884
53	2700	4.24178
54	2750	4.24178
55	2800	4.24178
56	2850	3.4563
57	2900	1.79248
58	2950	1.77322
59	3000	1.02427
60	3050	1.02427
61	3100	0.936395
62	3150	0.936395
63	3200	0.936395
64	3250	0.936395
65	3300	0.936395
66	3350	0.907147
67	3400	0.376191
68	3450	0.376191
69	3500	0.376191
70	3550	0.376191
71	3600	0.376191
72	3650	0.376191
73	3700	0.376191
74	3750	0.376191
75	3800	0.376191
76	3850	0.352132
77	3900	0.352132
78	3950	0.352132
79	4000	0.352132
80	4050	0.352132
81	4100	0.170293
82	4150	0.170293
83	4200	0.170293
84	4250	0.168738
85	4300	0.168738
86	4350	0.168738
87	4400	0.168738
88	4450	0.168738
89	4500	0.0639313
90	4550	0.0639313
91	4600	0.0639313
92	4650	0.0639313
93	4700	0.0379077
94	4750	0.0379077
95	4800	0.0379077
96	4850	0.0379077
97	4900	0.0379077
98	4950	0.0326372
99	5000	0.0326372
100	5050	0.0325186
101	5100	0.0315581
102	5150	0.0315581
103	5200	0.0315581
104	5250	0.0305024
105	5300	0.0305024
106	5350	0.0254891
107	5400	0.0242352
108	5450	0.0238975
109	5500	0.0192338
110	5550	0.0126492
111	5600	0.0126492
112	5650	0.0126492
113	5700	0.0112903
114	5750	0.0112903
115	5800	0.0112903
116	5850	0.00998796
117	5900	0.00998796
118	5950	0.00899519
119	6000	0.00792616
120	6050	0.00783951
121	6100	0.00783951
122	6150	0.00399378
123	6200	0.00399378
124	6250	0.00399378
125	6300	0.00241464
126	6350	0.00241464
127	6400	0.00241464
128	6450	0.00241464
129	6500	0.00241464
130	6550	0.00241464
131	6600	0.00241464
132	6650	0.0023577
133	6700	0.0023577
134	6750	0.00133787
135	6800	0.00131083
136	6850	0.00131083
137	6900	0.00131083
138	6950	0.00131083
139	7000	0.000687983
140	7050	0.000687983
141	7100	0.000680416
142	7150	0.000680416
143	7200	0.000680416
144	7250	0.000680416
145	7300	0.000680416
146	7350	0.000680416
147	7400	0.000545691
148	7450	0.000545691
149	7500	0.000545691
150	7550	0.000545691
151	7600	0.000545691
152	7650	0.00053352
153	7700	0.00053352
154	7750	0.00053352
155	7800	0.000496953
156	7850	0.000213013
157	7900	0.000213013
158	7950	0.000213013
159	8000	0.000213013
160	8050	0.00016178
161	8100	0.000149927
162	8150	0.000149927
163	8200	0.00014298
164	8250	0.00014298
165	8300	0.00014298
166	8350	0.000124554
167	8400	7.91719e-005
168	8450	6.60884e-005
169	8500	5.92314e-005
170	8550	5.92314e-005
171	8600	5.92314e-005
172	8650	5.92314e-005
173	8700	5.1136e-005
174	8750	2.64827e-005
175	8800	2.64827e-005
176	8850	2.64827e-005
177	8900	2.64827e-005
178	8950	1.96211e-005
179	9000	1.76342e-005
180	9050	1.76342e-005
181	9100	1.76342e-005
182	9150	1.49165e-005
183	9200	1.49165e-005
184	9250	1.42609e-005
185	9300	8.36665e-006
186	9350	8.36665e-006
187	9400	8.36665e-006
188	9450	8.36665e-006
189	9500	8.36665e-006
190	9550	8.36665e-006
191	9600	8.36665e-006
192	9650	8.36665e-006
193	9700	7.25598e-006
194	9750	5.47658e-006
195	9800	5.47658e-006
196	9850	5.47658e-006
197	9900	5.47658e-006
198	9950	4.00241e-006
199	10000	4.00241e-006
200	10050	4.00241e-006
201	10100	2.14695e-006
202	10150	2.14695e-006
203	10200	2.14695e-006
204	10250	2.14695e-006
205	10300	2.11784e-006
206	10350	1.61779e-006
207	10400	1.32709e-006
208	10450	1.32709e-006
209	10500	1.32709e-006
210	10550	1.32709e-006
211	10600	1.32709e-006
212	10650	1.32709e-006
213	10700	1.32709e-006
214	10750	9.82605e-007
215	10800	9.76901e-007
216	10850	8.71364e-007
217	10900	8.71364e-007
218	10950	7.57278e-007
219	11000	5.55078e-007
220	11050	4.2996e-007
221	11100	3.8881e-007
222	11150	3.8881e-007
223	11200	2.22457e-007
224	11250	2.22457e-007
225	11300	2.22457e-007
226	11350	2.12408e-007
227	11400	1.80871e-007
228	11450	1.80871e-007
229	11500	1.80871e-007
230	11550	1.80871e-007
231	11600	1.80871e-007
232	11650	1.71366e-007
233	11700	1.68102e-007
234	11750	1.21713e-007
235	11800	1.21713e-007
236	11850	1.21713e-007
237	11900	1.21713e-007
238	11950	9.67752e-008
239	12000	6.6931e-008
240	12050	6.547e-008
241	12100	5.57203e-008
242	12150	4.45433e-008
243	12200	4.45433e-008
244	12250	4.45433e-008
245	12300	4.28732e-008
246	12350	4.28732e-008
247	12400	4.28732e-008
248	12450	4.28732e-008
249	12500	2.921e-008
250	12550	2.6514e-008
251	12600	2.6514e-008
252	12650	2.6514e-008
253	12700	1.57645e-008
254	12750	1.57645e-008
255	12800	1.21385e-008
256	12850	1.21385e-008
257	12900	1.08941e-008
258	12950	1.08058e-008
259	13000	1.08058e-008
260	13050	1.08058e-008
261	13100	1.08058e-008
262	13150	6.88816e-009
263	13200	6.88816e-009
264	13250	6.46575e-009
265	13300	6.46575e-009
266	13350	6.46575e-009
267	13400	6.46575e-009
268	13450	6.16053e-009
269	13500	4.93435e-009
270	13550	4.07097e-009
271	13600	4.07097e-009
272	13650	4.07097e-009
273	13700	4.06973e-009
274	13750	3.99374e-009
275	13800	2.69739e-009
276	13850	2.69739e-009
277	13900	2.69739e-009
278	13950	2.61065e-009
279	14000	2.55894e-009
280	14050	2.55625e-009
281	14100	2.55625e-009
282	14150	1.56783e-009
283	14200	1.56783e-009
284	14250	1.5308e-009
285	14300	1.20907e-009
286	14350	1.19195e-009
287	14400	1.19195e-009
288	14450	7.71503e-010
289	14500	6.72388e-010
290	14550	6.72388e-010
291	14600	6.72388e-010
292	14650	6.72388e-010
293	14700	6.72388e-010
294	14750	5.73451e-010
295	14800	5.59786e-010
296	14850	5.59786e-010
297	14900	5.00407e-010
298	14950	4.47037e-010
299	15000	4.47037e-010
300	15050	4.17107e-010
301	15100	1.82718e-010
302	15150	1.82718e-010
303	15200	1.82718e-010
304	15250	1.82718e-010
305	15300	1.82718e-010
306	15350	1.82718e-010
307	15400	1.82718e-010
308	15450	1.82718e-010
309	15500	1.71679e-010
310	15550	1.71679e-010
311	15600	1.71679e-010
312	15650	1.47317e-010
313	15700	1.17232e-010
314	15750	4.04399e-011
315	15800	4.04399e-011
316	15850	3.06033e-011
317	15900	2.7958e-011
318	15950	2.7958e-011
319	16000	2.7958e-011
320	16050	2.7958e-011
321	16100	2.7958e-011
322	16150	2.7958e-011
323	16200	2.7958e-011
324	16250	2.7958e-011
325	16300	2.62306e-011
326	16350	2.62306e-011
327	16400	2.62306e-011
328	16450	2.62306e-011
329	16500	2.62306e-011
330	16550	2.32796e-011
331	16600	2.10995e-011
332	16650	1.988e-011
333	16700	1.988e-011
334	16750	1.54243e-011
335	16800	1.54243e-011
336	16850	1.08697e-011
337	16900	1.08697e-011
338	16950	1.08697e-011
339	17000	1.07808e-011
340	17050	8.35023e-012
341	17100	6.19077e-012
342	17150	6.19077e-012
343	17200	6.19077e-012
344	17250	6.19077e-012
345	17300	6.18425e-012
346	17350	3.10257e-012
347	17400	2.72284e-012
348	17450	2.72284e-012
349	17500	1.65027e-012
350	17550	1.65027e-012
351	17600	1.25021e-012
352	17650	1.25021e-012
353	17700	1.11407e-012
354	17750	1.11407e-012
355	17800	9.80227e-013
356	17850	9.80227e-013
357	17900	9.80227e-013
358	17950	9.80227e-013
359	18000	9.80227e-013
360	18050	6.73879e-013
361	18100	5.91848e-013
362	18150	5.81152e-013
363	18200	5.81152e-013
364	18250	3.45152e-013
365	18300	3.45152e-013
366	18350	3.17103e-013
367	18400	3.17103e-013
368	18450	3.17103e-013
369	18500	3.17103e-013
370	18550	1.90186e-013
371	18600	1.90186e-013
372	18650	1.90186e-013
373	18700	1.20096e-013
374	18750	9.89342e-014
375	18800	9.89342e-014
376	18850	9.89342e-014
377	18900	8.5726e-014
378	18950	8.37617e-014
379	19000	8.37617e-014
380	19050	6.01257e-014
381	19100	6.01257e-014
382	19150	6.01257e-014
383	19200	6.01257e-014
384	19250	6.01257e-014
385	19300	4.11478e-014
386	19350	4.11478e-014
387	19400	3.94604e-014
388	19450	2.64711e-014
389	19500	2.64711e-014
390	19550	2.64711e-014
391	19600	2.64711e-014
392	19650	2.64711e-014
393	19700	2.64711e-014
394	19750	2.53035e-014
395	19800	1.90105e-014
396	19850	1.57993e-014
397	19900	1.57993e-014
398	19950	1.56299e-014
399	20000	1.19204e-014
400	20050	9.07646e-015
401	20100	9.07646e-015
402	20150	7.81503e-015
403	20200	7.81503e-015
404	20250	7.81503e-015
405	20300	7.81503e-015
406	20350	1.96277e-015
407	20400	1.96277e-015
408	20450	1.96277e-015
409	20500	1.96277e-015
410	20550	1.96277e-015
411	20600	1.96277e-015
412	20650	1.96277e-015
413	20700	1.96277e-015
414	20750	1.96277e-015
415	20800	1.96277e-015
416	20850	1.62226e-015
417	20900	1.62226e-015
418	20950	1.33314e-015
419	21000	1.33314e-015
420	21050	1.33314e-015
421	21100	1.33314e-015
422	21150	1.33314e-015
423	21200	1.33314e-015
424	21250	1.33314e-015
425	21300	1.33314e-015
426	21350	1.14101e-015
427	21400	1.14101e-015
428	21450	5.47983e-016
429	21500	3.24685e-016
430	21550	3.24685e-016
431	21600	3.24685e-016
432	21650	3.24685e-016
433	21700	2.33176e-016
434	21750	2.33176e-016
435	21800	2.33176e-016
436	21850	2.33176e-016
437	21900	1.83978e-016
438	21950	1.83978e-016
439	22000	1.83978e-016
440	22050	1.83978e-016
441	22100	1.64479e-016
442	22150	1.64479e-016
443	22200	1.30963e-016
444	22250	1.06496e-016
445	22300	1.05669e-016
446	22350	8.77541e-017
447	22400	8.77541e-017
448	22450	8.77541e-017
449	22500	8.77541e-017
450	22550	8.77541e-017
451	22600	8.77541e-017
452	22650	6.95458e-017
453	22700	6.95458e-017
454	22750	6.95458e-017
455	22800	6.53397e-017
456	22850	6.53397e-017
457	22900	6.53397e-017
458	22950	6.53397e-017
459	23000	4.02345e-017
460	23050	3.9164e-017
461	23100	3.67952e-017
462	23150	3.67952e-017
463	23200	2.07119e-017
464	23250	1.54353e-017
465	23300	1.53193e-017
466	23350	1.48399e-017
467	23400	1.48399e-017
468	23450	1.48399e-017
469	23500	1.48399e-017
470	23550	1.36455e-017
471	23600	1.22158e-017
472	23650	1.11675e-017
473	23700	1.11675e-017
474	23750	8.77241e-018
475	23800	8.77241e-018
476	23850	5.56444e-018
477	23900	4.22705e-018
478	23950	4.22705e-018
479	24000	4.22705e-018
480	24050	4.22705e-018
481	24100	4.16781e-018
482	24150	4.16781e-018
483	24200	4.16781e-018
484	24250	4.16781e-018
485	24300	3.81196e-018
486	24350	3.81196e-018
487	24400	3.81196e-018
488	24450	3.69652e-018
489	24500	3.69652e-018
490	24550	1.23067e-018
491	24600	1.23067e-018
492	24650	1.23067e-018
493	24700	1.00062e-018
494	24750	1.00062e-018
495	24800	6.97123e-019
496	24850	6.97123e-019
497	24900	6.97123e-019
498	24950	6.97123e-019
499	25000	6.62328e-019
500	25050	6.62328e-019
501	25100	6.62328e-019
502	25150	5.523e-019
503	25200	4.40494e-019
504	25250	4.29145e-019
505	25300	4.29145e-019
506	25350	4.29145e-019
507	25400	3.21563e-019
508	25450	3.21563e-019
509	25500	3.21563e-019
510	25550	2.84224e-019
511	25600	2.84224e-019
512	25650	1.6555e-019
513	25700	1.6555e-019
514	25750	1.6555e-019
515	25800	1.6555e-019
516	25850	1.6555e-019
517	25900	1.61593e-019
518	25950	1.04713e-019
519	26000	1.04713e-019
520	26050	1.04713e-019
521	26100	1.04713e-019
522	26150	1.04713e-019
523	26200	4.44868e-020
524	26250	4.44868e-020
525	26300	4.44868e-020
526	26350	4.44868e-020
527	26400	4.44868e-020
528	26450	4.44868e-020
529	26500	4.44868e-020
530	26550	3.49173e-020
531	26600	2.19443e-020
532	26650	2.19443e-020
533	26700	1.40571e-020
534	26750	1.40571e-020
535	26800	1.40571e-020
536	26850	1.38455e-020
537	26900	1.38455e-020
538	26950	1.38455e-020
539	27000	1.38455e-020
540	27050	1.38455e-020
541	27100	1.38455e-020
542	27150	1.38455e-020
543	27200	1.38455e-020
544	27250	1.29979e-020
545	27300	9.58434e-021
546	27350	5.38804e-021
547	27400	5.38804e-021
548	27450	5.38804e-021
549	27500	5.38804e-021
550	27550	5.38804e-021
551	27600	4.5686e-021
552	27650	4.5686e-021
553	27700	4.5686e-021
554	27750	4.5686e-021
555	27800	2.90197e-021
556	27850	2.75748e-021
557	27900	2.75748e-021
558	27950	2.23031e-021
559	28000	2.23031e-021
560	28050	2.23031e-021
561	28100	1.71381e-021
562	28150	1.01076e-021
563	28200	1.01076e-021
564	28250	1.01076e-021
565	28300	1.01076e-021
566	28350	1.01076e-021
567	28400	9.36933e-022
568	28450	7.11868e-022
569	28500	7.11868e-022
570	28550	7.11868e-022
571	28600	7.11868e-022
572	28650	3.27902e-022
573	28700	3.18286e-022
574	28750	3.18286e-022
575	28800	3.18286e-022
576	28850	3.18286e-022
577	28900	3.18286e-022
578	28950	3.18286e-022
579	29000	3.18286e-022
580	29050	2.29512e-022
581	29100	2.11064e-022
582	29150	1.91373e-022
583	29200	1.91373e-022
584	29250	1.91373e-022
585	29300	1.60334e-022
586	29350	1.60334e-022
587	29400	1.60334e-022
588	29450	1.4913e-022
589	29500	1.4913e-022
590	29550	8.7758e-023
591	29600	8.7758e-023
592	29650	6.00037e-023
593	29700	6.00037e-023
594	29750	6.00037e-023
595	29800	6.00037e-023
596	29850	5.34211e-023
597	29900	5.34211e-023
598	29950	5.33927e-023
599	30000	5.33927e-023
600	30050	5.33927e-023
601	30100	5.17014e-023
602	30150	4.84368e-023
603	30200	4.84368e-023
604	30250	4.53676e-023
605	30300	2.703e-023
606	30350	2.703e-023
607	30400	2.703e-023
608	30450	2.703e-023
609	30500	2.59613e-023
610	30550	2.59613e-023
611	30600	1.65938e-023
612	30650	1.65938e-023
613	30700	1.49415e-023
614	30750	1.17887e-023
615	30800	4.94266e-024
616	30850	4.94266e-024
617	30900	3.95885e-024
618	30950	3.95885e-024
619	31000	3.95885e-024
620	31050	2.42611e-024
621	31100	2.42611e-024
622	31150	2.42611e-024
623	31200	2.42611e-024
624	31250	2.42611e-024
625	31300	2.02366e-024
626	31350	2.02366e-024
627	31400	2.02366e-024
628	31450	2.02366e-024
629	31500	2.02366e-024
630	31550	1.81419e-024
631	31600	1.7561e-024
632	31650	1.7561e-024
633	31700	1.7561e-024
634	31750	1.43358e-024
635	31800	1.29349e-024
636	31850	1.29349e-024
637	31900	1.29349e-024
638	31950	1.07284e-024
639	32000	1.07284e-024
640	32050	1.07284e-024
641	32100	9.73039e-025
642	32150	9.35136e-025
643	32200	5.7417e-025
644	32250	5.7417e-025
645	32300	5.7417e-025
646	32350	5.62988e-025
647	32400	5.62988e-025
648	32450	5.62988e-025
649	32500	4.98136e-025
650	32550	4.98136e-025
651	32600	4.98136e-025
652	32650	2.41819e-025
653	32700	1.22252e-025
654	32750	8.80647e-026
655	32800	8.80647e-026
656	32850	8.80647e-026
657	32900	8.80647e-026
658	32950	8.80647e-026
659	33000	8.80647e-026
660	33050	7.90052e-026
661	33100	4.72271e-026
662	33150	4.69733e-026
663	33200	4.69733e-026
664	33250	4.69733e-026
665	33300	4.69733e-026
666	33350	2.31357e-026
667	33400	2.31357e-026
668	33450	2.31357e-026
669	33500	2.31357e-026
670	33550	2.31357e-026
671	33600	2.31357e-026
672	33650	2.31357e-026
673	33700	1.77823e-026
674	33750	1.77823e-026
675	33800	1.51514e-026
676	33850	1.51514e-026
677	33900	1.51514e-026
678	33950	1.51514e-026
679	34000	1.51514e-026
680	34050	1.51514e-026
681	34100	1.51514e-026
682	34150	1.51514e-026
683	34200	1.49084e-026
684	34250	1.12139e-026
685	34300	1.12139e-026
686	34350	1.12139e-026
687	34400	1.11348e-026
688	34450	1.04183e-026
689	34500	5.63274e-027
690	34550	5.63274e-027
691	34600	4.1159e-027
692	34650	1.35678e-027
693	34700	1.35678e-027
694	34750	1.35678e-027
695	34800	1.35678e-027
696	34850	1.35678e-027
697	34900	1.35678e-027
698	34950	1.35678e-027
699	35000	1.2333e-027
700	35050	1.2333e-027
701	35100	1.2333e-027
702	35150	1.2333e-027
703	35200	9.33142e-028
704	35250	9.33142e-028
705	35300	9.33142e-028
706	35350	8.86442e-028
707	35400	8.86442e-028
708	35450	8.86442e-028
709	35500	7.65348e-028
710	35550	7.65348e-028
711	35600	7.65348e-028
712	35650	7.52213e-028
713	35700	7.52213e-028
714	35750	7.52213e-028
715	35800	7.52213e-028
716	35850	4.1606e-028
717	35900	4.1606e-028
718	35950	3.73471e-028
719	36000	2.53775e-028
720	36050	2.53775e-028
721	36100	2.53775e-028
722	36150	1.31823e-028
723	36200	1.31823e-028
724	36250	1.31823e-028
725	36300	1.31823e-028
726	36350	1.31823e-028
727	36400	8.58544e-029
728	36450	8.58544e-029
729	36500	8.58544e-029
730	36550	8.58544e-029
731	36600	7.87516e-029
732	36650	7.87516e-029
733	36700	4.73528e-029
734	36750	4.73528e-029
735	36800	4.73528e-029
736	36850	4.73528e-029
737	36900	4.73528e-029
738	36950	4.73528e-029
739	37000	4.73528e-029
740	37050	4.57178e-029
741	37100	4.57178e-029
742	37150	3.70076e-029
743	37200	3.43007e-029
744	37250	3.37531e-029
745	37300	1.94064e-029
746	37350	1.94064e-029
747	37400	1.94064e-029
748	37450	1.85393e-029
749	37500	1.85393e-029
750	37550	1.85393e-029
751	37600	1.85393e-029
752	37650	1.85393e-029
753	37700	1.82318e-029
754	37750	1.82318e-029
755	37800	1.81816e-029
756	37850	1.81816e-029
757	37900	1.29127e-029
758	37950	1.29127e-029
759	38000	1.29127e-029
760	38050	1.1829e-029
761	38100	1.16888e-029
762	38150	1.16888e-029
763	38200	1.00772e-029
764	38250	9.39461e-030
765	38300	9.39461e-030
766	38350	3.34685e-030
767	38400	3.34685e-030
768	38450	3.34685e-030
769	38500	3.1761e-030
770	38550	3.1761e-030
771	38600	3.1761e-030
772	38650	1.62957e-030
773	38700	1.62957e-030
774	38750	1.62957e-030
775	38800	1.26894e-030
776	38850	1.26894e-030
777	38900	1.10547e-030
778	38950	1.10547e-030
779	39000	1.10547e-030
780	39050	1.10547e-030
781	39100	1.10547e-030
782	39150	1.10547e-030
783	39200	1.03507e-030
784	39250	1.03507e-030
785	39300	1.03507e-030
786	39350	9.42522e-031
787	39400	8.42276e-031
788	39450	8.34079e-031
789	39500	1.40475e-031
790	39550	1.40475e-031
791	39600	1.40475e-031
792	39650	1.40475e-031
793	39700	1.40475e-031
794	39750	1.40475e-031
795	39800	1.40475e-031
796	39850	1.18963e-031
797	39900	1.18963e-031
798	39950	1.00553e-031
799	40000	1.00553e-031
800	40050	1.00553e-031
801	40100	1.00553e-031
802	40150	5.74342e-032
803	40200	5.74342e-032
804	40250	5.74342e-032
805	40300	5.50884e-032
806	40350	5.50884e-032
807	40400	5.50884e-032
808	40450	5.50884e-032
809	40500	5.50884e-032
810	40550	5.50884e-032
811	40600	5.50884e-032
812	40650	5.50884e-032
813	40700	5.42455e-032
814	40750	5.42455e-032
815	40800	5.42455e-032
816	40850	5.42455e-032
817	40900	5.42455e-032
818	40950	4.97811e-032
819	41000	4.97811e-032
820	41050	4.97811e-032
821	41100	4.56937e-032
822	41150	3.79177e-032
823	41200	1.34173e-032
824	41250	1.34173e-032
825	41300	1.34173e-032
826	41350	1.34173e-032
827	41400	1.34173e-032
828	41450	1.34173e-032
829	41500	1.34173e-032
830	41550	8.82549e-033
831	41600	8.82549e-033
832	41650	8.82549e-033
833	41700	8.82549e-033
834	41750	4.4921e-033
835	41800	4.4921e-033
836	41850	4.4921e-033
837	41900	4.4921e-033
838	41950	4.4921e-033
839	42000	4.4921e-033
840	42050	3.99193e-033
841	42100	3.99193e-033
842	42150	3.99193e-033
843	42200	3.99193e-033
844	42250	3.21169e-033
845	42300	3.17724e-033
846	42350	1.8786e-033
847	42400	1.8786e-033
848	42450	1.8786e-033
849	42500	1.87857e-033
850	42550	1.87857e-033
851	42600	9.4507e-034
852	42650	9.4507e-034
853	42700	9.4507e-034
854	42750	9.4507e-034
855	42800	9.4507e-034
856	42850	6.22603e-034
857	42900	5.7309e-034
858	42950	4.61445e-034
859	43000	4.61445e-034
860	43050	4.61445e-034
861	43100	4.61445e-034
862	43150	4.61445e-034
863	43200	4.59832e-034
864	43250	4.59832e-034
865	43300	4.16136e-034
866	43350	3.54304e-034
867	43400	3.42261e-034
868	43450	2.48836e-034
869	43500	2.48836e-034
870	43550	2.48836e-034
871	43600	2.28117e-034
872	43650	2.28117e-034
873	43700	8.01821e-035
874	43750	8.00693e-035
875	43800	8.00693e-035
876	43850	8.00693e-035
877	43900	8.00693e-035
878	43950	7.30969e-035
879	44000	6.2413e-035
880	44050	6.2413e-035
881	44100	5.41125e-035
882	44150	5.41125e-035
883	44200	5.41125e-035
884	44250	3.08904e-035
885	44300	3.08904e-035
886	44350	3.08904e-035
887	44400	3.08904e-035
888	44450	3.01373e-035
889	44500	2.86506e-035
890	44550	2.86506e-035
891	44600	2.76468e-035
892	44650	2.76468e-035
893	44700	2.52847e-035
894	44750	2.2988e-035
895	44800	1.70829e-035
896	44850	4.67324e-036
897	44900	4.67324e-036
898	44950	4.67324e-036
899	45000	4.67324e-036
900	45050	4.67324e-036
901	45100	4.67324e-036
902	45150	4.67324e-036
903	45200	4.67324e-036
904	45250	4.67324e-036
905	45300	4.67324e-036
906	45350	4.67324e-036
907	45400	4.67324e-036
908	45450	4.32005e-036
909	45500	3.18073e-036
910	45550	1.41793e-036
911	45600	1.41793e-036
912	45650	1.41793e-036
913	45700	1.41793e-036
914	45750	1.38856e-036
915	45800	1.38856e-036
916	45850	1.38856e-036
917	45900	1.38856e-036
918	45950	1.38856e-036
919	46000	1.37409e-036
920	46050	1.33149e-036
921	46100	7.85747e-037
922	46150	7.85747e-037
923	46200	4.65818e-037
924	46250	4.65818e-037
925	46300	4.65818e-037
926	46350	4.42518e-037
927	46400	4.42518e-037
928	46450	4.42518e-037
929	46500	2.15188e-037
930	46550	2.15188e-037
931	46600	2.15188e-037
932	46650	2.15188e-037
933	46700	2.15188e-037
934	46750	1.99186e-037
935	46800	1.99186e-037
936	46850	1.99186e-037
937	46900	1.99186e-037
938	46950	1.32887e-037
939	47000	1.09409e-037
940	47050	1.09409e-037
941	47100	1.09409e-037
942	47150	1.09409e-037
943	47200	1.09409e-037
944	47250	1.06941e-037
945	47300	1.06941e-037
946	47350	9.69226e-038
947	47400	9.69226e-038
948	47450	8.73295e-038
949	47500	8.73295e-038
950	47550	7.25607e-038
951	47600	6.62319e-038
952	47650	6.62319e-038
953	47700	6.62319e-038
954	47750	4.63839e-038
955	47800	4.46358e-038
956	47850	4.46358e-038
957	47900	4.24703e-038
958	47950	3.82925e-038
959	48000	3.09487e-038
960	48050	3.09487e-038
961	48100	2.7352e-038
962	48150	2.7352e-038
963	48200	2.49034e-038
964	48250	2.49034e-038
965	48300	1.78629e-038
966	48350	1.77943e-038
967	48400	1.77943e-038
968	48450	1.67384e-038
969	48500	1.31207e-038
970	48550	1.31207e-038
971	48600	1.31207e-038
972	48650	1.26013e-038
973	48700	1.26013e-038
974	48750	8.37657e-039
975	48800	6.10366e-039
976	48850	6.10366e-039
977	48900	5.30639e-039
978	48950	5.0902e-039
979	49000	4.63313e-039
980	49050	4.63313e-039
981	49100	3.25342e-039
982	49150	3.25342e-039
983	49200	3.25342e-039
984	49250	3.25342e-039
985	49300	3.25342e-039
986	49350	2.36489e-039
987	49400	2.36489e-039
988	49450	2.36489e-039
989	49500	2.36489e-039
990	49550	2.36489e-039
991	49600	4.49805e-040
992	49650	4.49805e-040
993	49700	4.49805e-040
994	49750	4.49805e-040
995	49800	4.34034e-040
996	49850	4.07671e-040
997	49900	3.87461e-040
998	49950	3.81875e-040
999	50000	3.81875e-040
1000	50050	3.81875e-040
1001	50100	3.81875e-040
1002	50150	3.81875e-040
1003	50200	3.81875e-040
1004	50250	3.81875e-040
1005	50300	3.81875e-040
1006	50350	3.81875e-040
1007	50400	3.71434e-040
1008	50450	3.71434e-040
1009	50500	3.13678e-040
1010	50550	3.13678e-040
1011	50600	3.13678e-040
1012	50650	2.96384e-040
1013	50700	1.76164e-040
1014	50750	1.76164e-040
1015	50800	1.76164e-040
1016	50850	8.79265e-041
1017	50900	8.79265e-041
1018	50950	8.79265e-041
1019	51000	8.79265e-041
1020	51050	8.79265e-041
1021	51100	7.43836e-041
1022	51150	7.19075e-041
1023	51200	4.86281e-041
1024	51250	4.86281e-041
1025	51300	3.55947e-041
1026	51350	2.94537e-041
1027	51400	2.94537e-041
1028	51450	2.94537e-041
1029	51500	2.94537e-041
1030	51550	2.94537e-041
1031	51600	2.94537e-041
1032	51650	1.98402e-041
1033	51700	1.98402e-041
1034	51750	1.98402e-041
1035	51800	1.35977e-041
1036	51850	1.35886e-041
1037	51900	1.12711e-041
1038	51950	1.12711e-041
1039	52000	1.05598e-041
1040	52050	1.05598e-041
1041	52100	1.05598e-041
1042	52150	1.05598e-041
1043	52200	1.05598e-041
1044	52250	6.62201e-042
1045	52300	6.62201e-042
1046	52350	6.62201e-042
1047	52400	3.80576e-042
1048	52450	3.80576e-042
1049	52500	3.80576e-042
1050	52550	3.80576e-042
1051	52600	3.80576e-042
1052	52650	3.80576e-042
1053	52700	3.80576e-042
1054	52750	3.80576e-042
1055	52800	3.80576e-042
1056	52850	3.80576e-042
1057	52900	3.80576e-042
1058	52950	3.80576e-042
1059	53000	2.57291e-042
1060	53050	1.2481e-042
1061	53100	1.2481e-042
1062	53150	1.2481e-042
1063	53200	1.2481e-042
1064	53250	1.2481e-042
1065	53300	1.2481e-042
1066	53350	7.84544e-043
1067	53400	7.84544e-043
1068	53450	7.84544e-043
1069	53500	7.84544e-043
1070	53550	6.08691e-043
1071	53600	6.08691e-043
1072	53650	6.08691e-043
1073	53700	4.72919e-043
1074	53750	4.72919e-043
1075	53800	4.72919e-043
1076	53850	4.05103e-043
1077	53900	2.37494e-043
1078	53950	2.37494e-043
1079	54000	2.37494e-043
1080	54050	2.37494e-043
1081	54100	2.37494e-043
1082	54150	2.00552e-043
1083	54200	2.00552e-043
1084	54250	2.00552e-043
1085	54300	2.00552e-043
1086	54350	2.00552e-043
1087	54400	2.00552e-043
1088	54450	1.91122e-043
1089	54500	1.89959e-043
1090	54550	1.65907e-043
1091	54600	1.65907e-043
1092	54650	1.65907e-043
1093	54700	1.65907e-043
1094	54750	1.62807e-043
1095	54800	1.14796e-043
1096	54850	1.14796e-043
1097	54900	4.83939e-044
1098	54950	4.83939e-044
1099	55000	4.83939e-044
1100	55050	4.83939e-044
1101	55100	4.83939e-044
1102	55150	4.56309e-044
1103	55200	4.56309e-044
1104	55250	4.53365e-044
1105	55300	3.52883e-044
1106	55350	3.39127e-044
1107	55400	1.68068e-044
1108	55450	1.55991e-044
1109	55500	1.55991e-044
1110	55550	1.55991e-044
1111	55600	1.55991e-044
1112	55650	1.55991e-044
1113	55700	1.55991e-044
1114	55750	1.55991e-044
1115	55800	1.43512e-044
1116	55850	1.0326e-044
1117	55900	9.36304e-045
1118	55950	8.83495e-045
1119	56000	8.81929e-045
1120	56050	8.81929e-045
1121	56100	8.81929e-045
1122	56150	4.61578e-045
1123	56200	4.61578e-045
1124	56250	4.61578e-045
1125	56300	3.72465e-045
1126	56350	2.80449e-045
1127	56400	2.64094e-045
1128	56450	2.44109e-045
1129	56500	9.43024e-046
1130	56550	9.43024e-046
1131	56600	9.43024e-046
1132	56650	9.43024e-046
1133	56700	9.43024e-046
1134	56750	9.43024e-046
1135	56800	9.43024e-046
1136	56850	9.02004e-046
1137	56900	9.02004e-046
1138	56950	9.02004e-046
1139	57000	9.02004e-046
1140	57050	8.05212e-046
1141	57100	8.05212e-046
1142	57150	8.05212e-046
1143	57200	7.21835e-046
1144	57250	7.05405e-046
1145	57300	6.79089e-046
1146	57350	6.79089e-046
1147	57400	4.43202e-046
1148	57450	4.43202e-046
1149	57500	1.80263e-046
1150	57550	1.80263e-046
1151	57600	1.80263e-046
1152	57650	1.80263e-046
1153	57700	1.80263e-046
1154	57750	1.80263e-046
1155	57800	1.80263e-046
1156	57850	1.74258e-046
1157	57900	1.74258e-046
1158	57950	1.74258e-046
1159	58000	1.71319e-046
1160	58050	1.37042e-046
1161	58100	1.37042e-046
1162	58150	8.16516e-047
1163	58200	8.03039e-047
1164	58250	8.03039e-047
1165	58300	8.03039e-047
1166	58350	8.03039e-047
1167	58400	6.31415e-047
1168	58450	5.86006e-047
1169	58500	4.63786e-047
1170	58550	4.63786e-047
1171	58600	4.63786e-047
1172	58650	4.17993e-047
1173	58700	4.08067e-047
1174	58750	4.08067e-047
1175	58800	4.08067e-047
1176	58850	3.60101e-047
1177	58900	3.60101e-047
1178	58950	3.03987e-047
1179	59000	1.99108e-047
1180	59050	1.99108e-047
1181	59100	1.99108e-047
1182	59150	1.99108e-047
1183	59200	1.99108e-047
1184	59250	1.99108e-047
1185	59300	8.62333e-048
1186	59350	8.62333e-048
1187	59400	8.62333e-048
1188	59450	8.62333e-048
1189	59500	5.5561e-048
1190	59550	5.5561e-048
1191	59600	5.5561e-048
1192	59650	5.5561e-048
1193	59700	5.44053e-048
1194	59750	4.86135e-048
1195	59800	4.86135e-048
1196	59850	4.8506e-048
1197	59900	4.8506e-048
1198	59950	4.8506e-048
1199	60000	4.8506e-048
1200	60050	4.8506e-048
1201	60100	4.65333e-048
1202	60150	4.28745e-048
1203	60200	4.28745e-048
1204	60250	3.17251e-048
1205	60300	3.17251e-048
1206	60350	3.17251e-048
1207	60400	3.17251e-048
1208	60450	1.90186e-048
1209	60500	1.90186e-048
1210	60550	1.90186e-048
1211	60600	7.3747e-049
1212	60650	7.3747e-049
1213	60700	7.3747e-049
1214	60750	7.3747e-049
1215	60800	7.3747e-049
1216	60850	7.3747e-049
1217	60900	7.01886e-049
1218	60950	7.01886e-049
1219	61000	7.01886e-049
1220	61050	4.13566e-049
1221	61100	4.13566e-049
1222	61150	4.13566e-049
1223	61200	4.13566e-049
1224	61250	4.13566e-049
1225	61300	4.13566e-049
1226	61350	4.13384e-049
1227	61400	2.71385e-049
1228	61450	2.38509e-049
1229	61500	2.38509e-049
1230	61550	1.50202e-049
1231	61600	1.50202e-049
1232	61650	1.3767e-049
1233	61700	1.3767e-049
1234	61750	1.3767e-049
1235	61800	1.3767e-049
1236	61850	7.25896e-050
1237	61900	7.25896e-050
1238	61950	7.25896e-050
1239	62000	7.25896e-050
1240	62050	7.15732e-050
1241	62100	7.15732e-050
1242	62150	7.15732e-050
1243	62200	7.15732e-050
1244	62250	3.65018e-050
1245	62300	3.65018e-050
1246	62350	3.65018e-050
1247	62400	3.65018e-050
1248	62450	3.65018e-050
1249	62500	3.65018e-050
1250	62550	3.65018e-050
1251	62600	1.42242e-050
1252	62650	1.42242e-050
1253	62700	1.42242e-050
1254	62750	1.42242e-050
1255	62800	1.4012e-050
1256	62850	1.4012e-050
1257	62900	1.4012e-050
1258	62950	1.12199e-050
1259	63000	9.99878e-051
1260	63050	9.99878e-051
1261	63100	9.37787e-051
1262	63150	8.53219e-051
1263	63200	8.34054e-051
1264	63250	8.34054e-051
1265	63300	5.11352e-051
1266	63350	5.11352e-051
1267	63400	5.11352e-051
1268	63450	5.11352e-051
1269	63500	4.61245e-051
1270	63550	4.61245e-051
1271	63600	4.61245e-051
1272	63650	2.45734e-051
1273	63700	2.45734e-051
1274	63750	2.37742e-051
1275	63800	2.37742e-051
1276	63850	2.37742e-051
1277	63900	2.37742e-051
1278	63950	2.21646e-051
1279	64000	2.21646e-051
1280	64050	1.46772e-051
1281	64100	1.46772e-051
1282	64150	1.16721e-051
1283	64200	1.16721e-051
1284	64250	1.16721e-051
1285	64300	1.16721e-051
1286	64350	1.16721e-051
1287	64400	9.05578e-052
1288	64450	6.81533e-052
1289	64500	6.81533e-052
1290	64550	4.53605e-052
1291	64600	3.20526e-052
1292	64650	3.20526e-052
1293	64700	3.20526e-052
1294	64750	1.78809e-052
1295	64800	1.78809e-052
1296	64850	1.78809e-052
1297	64900	1.58157e-052
1298	64950	1.58157e-052
1299	65000	1.58157e-052
1300	65050	1.58157e-052
1301	65100	1.54643e-052
1302	65150	1.54643e-052
1303	65200	1.42695e-052
1304	65250	1.42695e-052
1305	65300	1.42695e-052
1306	65350	1.42695e-052
1307	65400	1.42695e-052
1308	65450	1.15121e-052
1309	65500	1.15121e-052
1310	65550	1.11419e-052
1311	65600	8.52449e-053
1312	65650	8.52449e-053
1313	65700	7.63823e-053
1314	65750	3.66884e-053
1315	65800	3.66884e-053
1316	65850	2.45054e-053
1317	65900	2.45054e-053
1318	65950	2.45054e-053
1319	66000	2.45054e-053
1320	66050	2.45054e-053
1321	66100	2.45054e-053
1322	66150	2.45054e-053
1323	66200	2.45054e-053
1324	66250	2.37348e-053
1325	66300	2.37348e-053
1326	66350	2.359e-053
1327	66400	1.47429e-053
1328	66450	1.47429e-053
1329	66500	1.47429e-053
1330	66550	8.69115e-054
1331	66600	8.69115e-054
1332	66650	8.69115e-054
1333	66700	8.12748e-054
1334	66750	8.12748e-054
1335	66800	8.12748e-054
1336	66850	8.12748e-054
1337	66900	2.49701e-054
1338	66950	2.49701e-054
1339	67000	2.49701e-054
1340	67050	1.67674e-054
1341	67100	1.67674e-054
1342	67150	1.67674e-054
1343	67200	1.67674e-054
1344	67250	1.67674e-054
1345	67300	1.67674e-054
1346	67350	1.67674e-054
1347	67400	1.66839e-054
1348	67450	1.66839e-054
1349	67500	1.66839e-054
1350	67550	1.66839e-054
1351	67600	1.66839e-054
1352	67650	1.5654e-054
1353	67700	1.47353e-054
1354	67750	1.30258e-054
1355	67800	9.8261e-055
1356	67850	9.8261e-055
1357	67900	9.8261e-055
1358	67950	6.27531e-055
1359	68000	3.4938e-055
1360	68050	3.4938e-055
1361	68100	3.4938e-055
1362	68150	3.4938e-055
1363	68200	3.29463e-055
1364	68250	2.52987e-055
1365	68300	2.52987e-055
1366	68350	2.4926e-055
1367	68400	2.14411e-055
1368	68450	2.14411e-055
1369	68500	1.92802e-055
1370	68550	1.92802e-055
1371	68600	1.79654e-055
1372	68650	1.79654e-055
1373	68700	1.56947e-055
1374	68750	1.56947e-055
1375	68800	1.46497e-055
1376	68850	1.46497e-055
1377	68900	1.06237e-055
1378	68950	9.20754e-056
1379	69000	9.20754e-056
1380	69050	9.20754e-056
1381	69100	8.3156e-056
1382	69150	8.3156e-056
1383	69200	7.55623e-056
1384	69250	6.97528e-056
1385	69300	6.76731e-056
1386	69350	5.39059e-056
1387	69400	5.39059e-056
1388	69450	5.39059e-056
1389	69500	4.94082e-056
1390	69550	3.33461e-056
1391	69600	2.91629e-056
1392	69650	2.91629e-056
1393	69700	2.91629e-056
1394	69750	1.74326e-056
1395	69800	1.74326e-056
1396	69850	1.38901e-056
1397	69900	9.6303e-057
1398	69950	9.6303e-057
1399	70000	9.6303e-057
1400	70050	9.6303e-057
1401	70100	9.6303e-057
1402	70150	9.6303e-057
1403	70200	9.38629e-057
1404	70250	6.20387e-057
1405	70300	6.20387e-057
1406	70350	6.20387e-057
1407	70400	4.94676e-057
1408	70450	3.01221e-057
1409	70500	3.01221e-057
1410	70550	3.01221e-057
1411	70600	2.79382e-057
1412	70650	2.79382e-057
1413	70700	1.51047e-057
1414	70750	1.51047e-057
1415	70800	1.51047e-057
1416	70850	1.51047e-057
1417	70900	1.36533e-057
1418	70950	1.36533e-057
1419	71000	1.04035e-057
1420	71050	1.04035e-057
1421	71100	8.61095e-058
1422	71150	8.61095e-058
1423	71200	5.05307e-058
1424	71250	5.05307e-058
1425	71300	5.05307e-058
1426	71350	5.05307e-058
1427	71400	5.05307e-058
1428	71450	5.05307e-058
1429	71500	5.05307e-058
1430	71550	3.81499e-058
1431	71600	3.81499e-058
1432	71650	3.81499e-058
1433	71700	3.66697e-058
1434	71750	3.66697e-058
1435	71800	3.66697e-058
1436	71850	3.66697e-058
1437	71900	3.66697e-058
1438	71950	3.66697e-058
1439	72000	3.66697e-058
1440	72050	2.16664e-058
1441	72100	2.16664e-058
1442	72150	1.76702e-058
1443	72200	8.16811e-059
1444	72250	8.16811e-059
1445	72300	8.16811e-059
1446	72350	8.16811e-059
1447	72400	6.78621e-059
1448	72450	6.78621e-059
1449	72500	6.78621e-059
1450	72550	4.64353e-059
1451	72600	4.49572e-059
1452	72650	4.49572e-059
1453	72700	4.49572e-059
1454	72750	3.75965e-059
1455	72800	3.74536e-059
1456	72850	3.74536e-059
1457	72900	3.74536e-059
1458	72950	3.74536e-059
1459	73000	3.54079e-059
1460	73050	3.54079e-059
1461	73100	3.11085e-059
1462	73150	3.11085e-059
1463	73200	1.41592e-059
1464	73250	1.41378e-059
1465	73300	1.41378e-059
1466	73350	1.41378e-059
1467	73400	1.41378e-059
1468	73450	1.25355e-059
1469	73500	1.25355e-059
1470	73550	1.25355e-059
1471	73600	1.11204e-059
1472	73650	9.1267e-060
1473	73700	9.1267e-060
1474	73750	8.51974e-060
1475	73800	6.07998e-060
1476	73850	6.07998e-060
1477	73900	6.07998e-060
1478	73950	5.96816e-060
1479	74000	5.40146e-060
1480	74050	3.61401e-060
1481	74100	3.61401e-060
1482	74150	3.61401e-060
1483	74200	3.61401e-060
1484	74250	3.61401e-060
1485	74300	3.61401e-060
1486	74350	1.84562e-060
1487	74400	1.84562e-060
1488	74450	1.84562e-060
1489	74500	1.78431e-060
1490	74550	1.78431e-060
1491	74600	1.78431e-060
1492	74650	1.78431e-060
1493	74700	1.78431e-060
1494	74750	1.64625e-060
1495	74800	1.64625e-060
1496	74850	1.64625e-060
1497	74900	1.64099e-060
1498	74950	1.40904e-060
1499	75000	1.40904e-060
1500	75050	1.40904e-060
1501	75100	1.39934e-060
1502	75150	1.39934e-060
1503	75200	3.73013e-061
1504	75250	3.72683e-061
1505	75300	3.72683e-061
1506	75350	3.72683e-061
1507	75400	3.72683e-061
1508	75450	3.72683e-061
1509	75500	3.72683e-061
1510	75550	3.72683e-061
1511	75600	3.11475e-061
1512	75650	1.93541e-061
1513	75700	1.93541e-061
1514	75750	1.93541e-061
1515	75800	1.46112e-061
1516	75850	1.32421e-061
1517	75900	1.32421e-061
1518	75950	1.32421e-061
1519	76000	1.32421e-061
1520	76050	1.32421e-061
1521	76100	1.24776e-061
1522	76150	1.24776e-061
1523	76200	1.24776e-061
1524	76250	1.21186e-061
1525	76300	1.21186e-061
1526	76350	1.21186e-061
1527	76400	8.39037e-062
1528	76450	7.29096e-062
1529	76500	6.29977e-062
1530	76550	6.29977e-062
1531	76600	4.68917e-062
1532	76650	4.02449e-062
1533	76700	2.62832e-062
1534	76750	2.40114e-062
1535	76800	2.40114e-062
1536	76850	2.10606e-062
1537	76900	1.98321e-062
1538	76950	1.9412e-062
1539	77000	1.9412e-062
1540	77050	1.84551e-062
1541	77100	1.84551e-062
1542	77150	1.84551e-062
1543	77200	1.12387e-062
1544	77250	1.12387e-062
1545	77300	1.12387e-062
1546	77350	1.12387e-062
1547	77400	7.63587e-063
1548	77450	5.70603e-063
1549	77500	5.70603e-063
1550	77550	5.70603e-063
1551	77600	5.38857e-063
1552	77650	5.38857e-063
1553	77700	5.38857e-063
1554	77750	3.99465e-063
1555	77800	3.99465e-063
1556	77850	3.99465e-063
1557	77900	3.99465e-063
1558	77950	3.99465e-063
1559	78000	3.99465e-063
1560	78050	3.99465e-063
1561	78100	3.49666e-063
1562	78150	3.30706e-063
1563	78200	3.21154e-063
1564	78250	2.4125e-063
1565	78300	2.12307e-063
1566	78350	2.12307e-063
1567	78400	2.12307e-063
1568	78450	1.95168e-063
1569	78500	1.58292e-063
1570	78550	9.70911e-064
1571	78600	9.70911e-064
1572	78650	9.70911e-064
1573	78700	6.89397e-064
1574	78750	6.89397e-064
1575	78800	6.66179e-064
1576	78850	6.59027e-064
1577	78900	6.59027e-064
1578	78950	5.51198e-064
1579	79000	5.51198e-064
1580	79050	5.51198e-064
1581	79100	4.27129e-064
1582	79150	3.99554e-064
1583	79200	3.99554e-064
1584	79250	3.88566e-064
1585	79300	3.88566e-064
1586	79350	3.40425e-064
1587	79400	3.40425e-064
1588	79450	2.64005e-064
1589	79500	2.42016e-064
1590	79550	2.42016e-064
1591	79600	2.11561e-064
1592	79650	2.11561e-064
1593	79700	2.11561e-064
1594	79750	1.78011e-064
1595	79800	1.78011e-064
1596	79850	1.42889e-064
1597	79900	1.41952e-064
1598	79950	1.39104e-064
1599	80000	7.49188e-065
1600	80050	6.05871e-065
1601	80100	6.05871e-065
1602	80150	5.62033e-065
1603	80200	4.22877e-065
1604	80250	4.22877e-065
1605	80300	3.32541e-065
1606	80350	3.32541e-065
1607	80400	3.32541e-065
1608	80450	3.32541e-065
1609	80500	2.27775e-065
1610	80550	2.27775e-065
1611	80600	2.27775e-065
1612	80650	2.13341e-065
1613	80700	1.37015e-065
1614	80750	1.37015e-065
1615	80800	1.37015e-065
1616	80850	1.37015e-065
1617	80900	1.37015e-065
1618	80950	1.37015e-065
1619	81000	1.37015e-065
1620	81050	1.22261e-065
1621	81100	6.028e-066
1622	81150	6.01936e-066
1623	81200	6.01936e-066
1624	81250	6.01936e-066
1625	81300	4.12496e-066
1626	81350	2.78115e-066
1627	81400	1.53214e-066
1628	81450	1.53214e-066
1629	81500	1.53214e-066
1630	81550	1.53214e-066
1631	81600	1.53214e-066
1632	81650	1.53214e-066
1633	81700	1.53214e-066
1634	81750	1.38291e-066
1635	81800	1.38291e-066
1636	81850	1.23665e-066
1637	81900	1.23665e-066
1638	81950	8.84957e-067
1639	82000	8.84957e-067
1640	82050	8.84957e-067
1641	82100	4.67151e-067
1642	82150	4.67151e-067
1643	82200	4.67151e-067
1644	82250	4.67151e-067
1645	82300	4.58863e-067
1646	82350	4.58863e-067
1647	82400	4.58863e-067
1648	82450	2.7642e-067
1649	82500	2.7642e-067
1650	82550	2.7642e-067
1651	82600	2.7642e-067
1652	82650	2.7642e-067
1653	82700	2.7642e-067
1654	82750	2.7642e-067
1655	82800	2.7642e-067
1656	82850	2.7642e-067
1657	82900	1.58377e-067
1658	82950	1.56827e-067
1659	83000	1.56827e-067
1660	83050	1.56827e-067
1661	83100	1.56827e-067
1662	83150	1.56827e-067
1663	83200	1.26657e-067
1664	83250	1.26657e-067
1665	83300	1.26657e-067
1666	83350	1.26657e-067
1667	83400	1.26657e-067
1668	83450	6.62959e-068
1669	83500	6.62959e-068
1670	83550	6.62959e-068
1671	83600	6.62959e-068
1672	83650	2.74732e-068
1673	83700	2.2993e-068
1674	83750	2.2993e-068
1675	83800	2.2993e-068
1676	83850	2.2993e-068
1677	83900	2.2993e-068
1678	83950	2.2993e-068
1679	84000	2.2993e-068
1680	84050	1.93442e-068
1681	84100	1.81323e-068
1682	84150	1.81323e-068
1683	84200	1.81323e-068
1684	84250	1.80867e-068
1685	84300	1.80867e-068
1686	84350	1.52287e-068
1687	84400	1.52287e-068
1688	84450	1.52287e-068
1689	84500	1.52287e-068
1690	84550	1.254e-068
1691	84600	5.16806e-069
1692	84650	5.16806e-069
1693	84700	5.16806e-069
1694	84750	5.16806e-069
1695	84800	5.16806e-069
1696	84850	4.86414e-069
1697	84900	4.86414e-069
1698	84950	4.86414e-069
1699	85000	4.34988e-069
1700	85050	3.783e-069
1701	85100	2.67614e-069
1702	85150	2.67614e-069
1703	85200	2.67614e-069
1704	85250	2.67614e-069
1705	85300	2.67614e-069
1706	85350	2.67614e-069
1707	85400	2.15519e-069
1708	85450	2.15519e-069
1709	85500	9.90835e-070
1710	85550	9.90835e-070
1711	85600	9.90835e-070
1712	85650	9.90835e-070
1713	85700	9.43874e-070
1714	85750	8.62592e-070
1715	85800	8.62592e-070
1716	85850	8.62592e-070
1717	85900	8.62592e-070
1718	85950	7.86926e-070
1719	86000	7.86926e-070
1720	86050	4.74064e-070
1721	86100	4.74064e-070
1722	86150	4.74064e-070
1723	86200	4.21811e-070
1724	86250	3.72742e-070
1725	86300	3.72742e-070
1726	86350	3.72742e-070
1727	86400	3.12905e-070
1728	86450	3.12905e-070
1729	86500	3.12905e-070
1730	86550	2.33744e-070
1731	86600	2.33744e-070
1732	86650	2.33744e-070
1733	86700	2.27659e-070
1734	86750	2.22609e-070
1735	86800	2.17086e-070
1736	86850	1.40728e-070
1737	86900	1.40728e-070
1738	86950	1.40728e-070
1739	87000	1.40728e-070
1740	87050	1.09429e-070
1741	87100	1.09429e-070
1742	87150	9.24225e-071
1743	87200	9.24225e-071
1744	87250	9.24225e-071
1745	87300	9.24225e-071
1746	87350	7.88313e-071
1747	87400	7.88313e-071
1748	87450	7.88087e-071
1749	87500	6.8155e-071
1750	87550	6.8155e-071
1751	87600	6.8155e-071
1752	87650	5.41065e-071
1753	87700	4.47422e-071
1754	87750	4.47422e-071
1755	87800	2.82927e-071
1756	87850	1.58705e-071
1757	87900	1.48686e-071
1758	87950	1.48686e-071
1759	88000	1.48686e-071
1760	88050	1.48686e-071
1761	88100	1.48686e-071
1762	88150	1.45866e-071
1763	88200	1.25688e-071
1764	88250	9.57354e-072
1765	88300	6.02829e-072
1766	88350	6.02829e-072
1767	88400	6.02829e-072
1768	88450	6.02829e-072
1769	88500	6.02829e-072
1770	88550	6.02829e-072
1771	88600	6.02829e-072
1772	88650	6.02829e-072
1773	88700	6.02829e-072
1774	88750	6.02829e-072
1775	88800	5.74163e-072
1776	88850	5.74163e-072
1777	88900	5.74163e-072
1778	88950	3.59198e-072
1779	89000	3.26739e-072
1780	89050	1.77547e-072
1781	89100	1.77547e-072
1782	89150	1.67458e-072
1783	89200	1.67458e-072
1784	89250	1.67458e-072
1785	89300	1.15932e-072
1786	89350	1.04098e-072
1787	89400	1.04098e-072
1788	89450	1.04098e-072
1789	89500	1.04098e-072
1790	89550	1.04098e-072
1791	89600	1.04098e-072
1792	89650	1.04098e-072
1793	89700	9.8675e-073
1794	89750	7.06045e-073
1795	89800	5.45802e-073
1796	89850	5.41978e-073
1797	89900	4.34583e-073
1798	89950	4.34583e-073
1799	90000	4.34583e-073
1800	90050	4.23658e-073
1801	90100	4.23658e-073
1802	90150	4.02497e-073
1803	90200	4.02497e-073
1804	90250	3.66406e-073
1805	90300	3.22176e-073
1806	90350	3.17518e-073
1807	90400	2.36032e-073
1808	90450	2.36032e-073
1809	90500	2.36032e-073
1810	90550	1.73768e-073
1811	90600	1.68424e-073
1812	90650	1.57341e-073
1813	90700	9.96429e-074
1814	90750	9.96429e-074
1815	90800	9.96429e-074
1816	90850	6.61718e-074
1817	90900	6.61718e-074
1818	90950	6.61718e-074
1819	91000	6.61718e-074
1820	91050	6.61718e-074
1821	91100	6.61718e-074
1822	91150	6.61718e-074
1823	91200	4.76335e-074
1824	91250	4.76335e-074
1825	91300	4.38001e-074
1826	91350	2.3979e-074
1827	91400	2.3979e-074
1828	91450	1.91528e-074
1829	91500	1.91528e-074
1830	91550	1.91528e-074
1831	91600	1.91528e-074
1832	91650	1.91528e-074
1833	91700	9.82768e-075
1834	91750	9.82768e-075
1835	91800	9.82768e-075
1836	91850	9.82768e-075
1837	91900	9.82768e-075
1838	91950	9.82768e-075
1839	92000	9.82768e-075
1840	92050	9.82768e-075
1841	92100	9.77117e-075
1842	92150	9.46246e-075
1843	92200	6.45018e-075
1844	92250	6.02414e-075
1845	92300	4.9599e-075
1846	92350	4.9599e-075
1847	92400	4.1864e-075
1848	92450	3.43804e-075
1849	92500	3.16891e-075
1850	92550	2.61809e-075
1851	92600	2.38527e-075
1852	92650	2.38527e-075
1853	92700	2.22524e-075
1854	92750	1.71466e-075
1855	92800	1.5943e-075
1856	92850	1.5943e-075
1857	92900	1.5943e-075
1858	92950	7.54342e-076
1859	93000	7.44006e-076
1860	93050	7.44006e-076
1861	93100	7.44006e-076
1862	93150	7.44006e-076
1863	93200	5.90515e-076
1864	93250	5.90515e-076
1865	93300	5.90515e-076
1866	93350	5.90515e-076
1867	93400	2.67571e-076
1868	93450	2.67571e-076
1869	93500	2.67571e-076
1870	93550	2.67571e-076
1871	93600	2.40224e-076
1872	93650	2.40224e-076
1873	93700	2.40224e-076
1874	93750	2.40224e-076
1875	93800	2.40224e-076
1876	93850	2.40224e-076
1877	93900	2.29387e-076
1878	93950	1.49122e-076
1879	94000	1.49122e-076
1880	94050	1.49122e-076
1881	94100	1.49122e-076
1882	94150	1.49122e-076
1883	94200	1.49122e-076
1884	94250	1.14796e-076
1885	94300	1.14796e-076
1886	94350	1.14796e-076
1887	94400	7.13774e-077
1888	94450	7.13774e-077
1889	94500	7.13774e-077
1890	94550	7.13774e-077
1891	94600	4.7583e-077
1892	94650	4.7583e-077
1893	94700	4.7583e-077
1894	94750	4.7583e-077
1895	94800	4.7583e-077
1896	94850	4.7583e-077
1897	94900	3.68612e-077
1898	94950	3.68612e-077
1899	95000	2.19678e-077
1900	95050	2.19678e-077
1901	95100	1.17469e-077
1902	95150	1.17469e-077
1903	95200	1.17469e-077
1904	95250	1.17469e-077
1905	95300	1.17469e-077
1906	95350	1.17469e-077
1907	95400	1.0124e-077
1908	95450	1.0124e-077
1909	95500	9.96134e-078
1910	95550	6.89924e-078
1911	95600	5.26939e-078
1912	95650	5.26939e-078
1913	95700	5.26939e-078
1914	95750	4.04157e-078
1915	95800	4.04157e-078
1916	95850	4.04157e-078
1917	95900	2.19579e-078
1918	95950	2.19579e-078
1919	96000	2.19579e-078
1920	96050	1.30391e-078
1921	96100	1.30391e-078
1922	96150	1.30391e-078
1923	96200	1.30391e-078
1924	96250	1.30391e-078
1925	96300	8.19527e-079
1926	96350	8.19527e-079
1927	96400	8.19527e-079
1928	96450	8.19527e-079
1929	96500	8.19527e-079
1930	96550	8.19527e-079
1931	96600	8.19527e-079
1932	96650	8.19527e-079
1933	96700	8.19527e-079
1934	96750	8.19527e-079
1935	96800	8.19527e-079
1936	96850	5.10189e-079
1937	96900	5.10189e-079
1938	96950	5.10189e-079
1939	97000	3.04892e-079
1940	97050	3.04892e-079
1941	97100	3.04892e-079
1942	97150	3.04892e-079
1943	97200	2.74343e-079
1944	97250	2.74343e-079
1945	97300	2.74343e-079
1946	97350	2.45826e-079
1947	97400	2.45826e-079
1948	97450	2.45826e-079
1949	97500	1.22387e-079
1950	97550	1.22387e-079
1951	97600	1.22387e-079
1952	97650	8.08073e-080
1953	97700	7.46565e-080
1954	97750	7.46565e-080
1955	97800	7.46565e-080
1956	97850	6.89746e-080
1957	97900	6.89746e-080
1958	97950	6.89746e-080
1959	98000	5.14665e-080
1960	98050	4.76568e-080
1961	98100	4.76568e-080
1962	98150	4.76568e-080
1963	98200	4.76568e-080
1964	98250	4.76568e-080
1965	98300	3.05606e-080
1966	98350	3.05606e-080
1967	98400	3.05606e-080
1968	98450	3.05606e-080
1969	98500	3.05606e-080
1970	98550	1.92363e-080
1971	98600	1.66127e-080
1972	98650	1.55768e-080
1973	98700	1.29321e-080
1974	98750	1.27931e-080
1975	98800	1.27628e-080
1976	98850	1.18369e-080
1977	98900	1.13213e-080
1978	98950	9.58285e-081
1979	99000	9.58285e-081
1980	99050	9.58285e-081
1981	99100	6.91464e-081
1982	99150	6.91464e-081
1983	99200	6.402e-081
1984	99250	6.402e-081
1985	99300	6.402e-081
1986	99350	6.10871e-081
1987	99400	5.93916e-081
1988	99450	5.93916e-081
1989	99500	4.24972e-081
1990	99550	4.23411e-081
1991	99600	4.23411e-081
1992	99650	3.78201e-081
1993	99700	3.78201e-081
1994	99750	3.72894e-081
1995	99800	3.17448e-081
1996	99850	2.34203e-081
1997	99900	2.34203e-081
1998	99950	2.34161e-081
1999	100000	2.34161e-081
2000	100050	2.34161e-081
