1	100	540.809
2	150	540.809
3	200	526.759
4	250	436.699
5	300	436.699
6	350	436.699
7	400	347.652
8	450	347.652
9	500	347.652
10	550	347.652
11	600	320.584
12	650	320.584
13	700	201.423
14	750	173.985
15	800	173.985
16	850	173.985
17	900	173.985
18	950	173.985
19	1000	127.767
20	1050	123.382
21	1100	123.078
22	1150	122.308
23	1200	72.7043
24	1250	72.7043
25	1300	72.7043
26	1350	65.9937
27	1400	56.9379
28	1450	56.9379
29	1500	44.2072
30	1550	32.0127
31	1600	32.0127
32	1650	28.2828
33	1700	28.2828
34	1750	20.4935
35	1800	20.4935
36	1850	13.0232
37	1900	13.0232
38	1950	7.6459
39	2000	7.6459
40	2050	4.26521
41	2100	4.26521
42	2150	4.26521
43	2200	4.26521
44	2250	3.56195
45	2300	3.56195
46	2350	3.56195
47	2400	3.56195
48	2450	3.56195
49	2500	3.26203
50	2550	3.26203
51	2600	3.26203
52	2650	3.26203
53	2700	3.14964
54	2750	3.14964
55	2800	3.11554
56	2850	3.11554
57	2900	3.01452
58	2950	2.83342
59	3000	2.83342
60	3050	2.12014
61	3100	1.30868
62	3150	1.30868
63	3200	1.21667
64	3250	1.21667
65	3300	1.21667
66	3350	1.14529
67	3400	0.705086
68	3450	0.705086
69	3500	0.705086
70	3550	0.705086
71	3600	0.705086
72	3650	0.705086
73	3700	0.705086
74	3750	0.692708
75	3800	0.601392
76	3850	0.559238
77	3900	0.367447
78	3950	0.367447
79	4000	0.367102
80	4050	0.20734
81	4100	0.172784
82	4150	0.172784
83	4200	0.172784
84	4250	0.169156
85	4300	0.169156
86	4350	0.153547
87	4400	0.153547
88	4450	0.103022
89	4500	0.101939
90	4550	0.0967658
91	4600	0.0872425
92	4650	0.0814917
93	4700	0.0744914
94	4750	0.0744914
95	4800	0.0744914
96	4850	0.0669238
97	4900	0.058984
98	4950	0.058984
99	5000	0.0530313
100	5050	0.0530313
101	5100	0.0530313
102	5150	0.0530313
103	5200	0.0498458
104	5250	0.0435116
105	5300	0.0398242
106	5350	0.0240244
107	5400	0.0240244
108	5450	0.0240244
109	5500	0.0240244
110	5550	0.024009
111	5600	0.024009
112	5650	0.0236761
113	5700	0.022743
114	5750	0.0199346
115	5800	0.0189659
116	5850	0.0170965
117	5900	0.0170965
118	5950	0.0125444
119	6000	0.0125444
120	6050	0.0125444
121	6100	0.0117657
122	6150	0.00923483
123	6200	0.00923483
124	6250	0.00458694
125	6300	0.00458694
126	6350	0.00458694
127	6400	0.00458694
128	6450	0.00392656
129	6500	0.00356807
130	6550	0.00356807
131	6600	0.00356807
132	6650	0.00267352
133	6700	0.00267352
134	6750	0.0020805
135	6800	0.0020805
136	6850	0.00177952
137	6900	0.00159357
138	6950	0.00159357
139	7000	0.00114736
140	7050	0.000983873
141	7100	0.000983873
142	7150	0.000983873
143	7200	0.000643227
144	7250	0.000643227
145	7300	0.000495344
146	7350	0.000495344
147	7400	0.000495344
148	7450	0.000422461
149	7500	0.000422461
150	7550	0.00032276
151	7600	0.00032276
152	7650	0.00032276
153	7700	0.000311302
154	7750	0.000311302
155	7800	0.000289684
156	7850	0.000248097
157	7900	0.000226509
158	7950	0.000173752
159	8000	0.000173752
160	8050	0.000173752
161	8100	0.000173752
162	8150	0.000173752
163	8200	0.000173752
164	8250	0.000161679
165	8300	0.000117243
166	8350	0.000117243
167	8400	9.90109e-005
168	8450	7.18518e-005
169	8500	7.18518e-005
170	8550	7.18518e-005
171	8600	7.07781e-005
172	8650	6.48759e-005
173	8700	6.30819e-005
174	8750	5.34362e-005
175	8800	5.02604e-005
176	8850	3.97019e-005
177	8900	2.60938e-005
178	8950	2.60938e-005
179	9000	2.60938e-005
180	9050	2.60938e-005
181	9100	2.60938e-005
182	9150	1.95556e-005
183	9200	1.95556e-005
184	9250	1.95556e-005
185	9300	1.95556e-005
186	9350	1.29416e-005
187	9400	1.0948e-005
188	9450	1.0948e-005
189	9500	8.28948e-006
190	9550	8.28388e-006
191	9600	8.28388e-006
192	9650	7.89571e-006
193	9700	7.89571e-006
194	9750	6.48405e-006
195	9800	6.48405e-006
196	9850	6.48405e-006
197	9900	3.11263e-006
198	9950	3.11263e-006
199	10000	2.0992e-006
200	10050	2.0992e-006
201	10100	2.0992e-006
202	10150	2.0992e-006
203	10200	2.0992e-006
204	10250	2.0992e-006
205	10300	2.0992e-006
206	10350	2.0992e-006
207	10400	2.0992e-006
208	10450	1.3659e-006
209	10500	1.3659e-006
210	10550	1.3659e-006
211	10600	1.3659e-006
212	10650	1.11817e-006
213	10700	9.76e-007
214	10750	9.76e-007
215	10800	9.76e-007
216	10850	7.77271e-007
217	10900	7.77271e-007
218	10950	7.1336e-007
219	11000	6.61867e-007
220	11050	6.61867e-007
221	11100	6.56644e-007
222	11150	6.56644e-007
223	11200	3.98822e-007
224	11250	3.98822e-007
225	11300	3.98822e-007
226	11350	2.35915e-007
227	11400	2.35915e-007
228	11450	2.35915e-007
229	11500	2.35915e-007
230	11550	2.35915e-007
231	11600	2.35915e-007
232	11650	2.35915e-007
233	11700	2.16999e-007
234	11750	1.61372e-007
235	11800	1.29633e-007
236	11850	1.03898e-007
237	11900	7.6713e-008
238	11950	7.6713e-008
239	12000	7.6713e-008
240	12050	6.68315e-008
241	12100	6.68315e-008
242	12150	6.68315e-008
243	12200	6.68315e-008
244	12250	6.68315e-008
245	12300	6.44468e-008
246	12350	6.44468e-008
247	12400	6.07678e-008
248	12450	3.74101e-008
249	12500	3.30761e-008
250	12550	3.30761e-008
251	12600	3.24033e-008
252	12650	2.90858e-008
253	12700	2.35297e-008
254	12750	2.27315e-008
255	12800	2.1053e-008
256	12850	2.07261e-008
257	12900	1.74651e-008
258	12950	1.19837e-008
259	13000	1.1467e-008
260	13050	7.92031e-009
261	13100	7.92031e-009
262	13150	7.92031e-009
263	13200	7.92031e-009
264	13250	7.92031e-009
265	13300	6.77043e-009
266	13350	6.77043e-009
267	13400	6.65827e-009
268	13450	6.65827e-009
269	13500	6.65827e-009
270	13550	6.26652e-009
271	13600	6.26652e-009
272	13650	5.44666e-009
273	13700	3.62304e-009
274	13750	3.62304e-009
275	13800	3.59222e-009
276	13850	2.34318e-009
277	13900	2.29856e-009
278	13950	2.07421e-009
279	14000	9.47626e-010
280	14050	9.47626e-010
281	14100	9.47626e-010
282	14150	8.50089e-010
283	14200	8.50089e-010
284	14250	7.80908e-010
285	14300	6.44489e-010
286	14350	6.44489e-010
287	14400	4.33798e-010
288	14450	3.80484e-010
289	14500	3.80484e-010
290	14550	3.80484e-010
291	14600	3.66084e-010
292	14650	3.66084e-010
293	14700	3.26223e-010
294	14750	3.26223e-010
295	14800	2.92845e-010
296	14850	2.92845e-010
297	14900	1.1101e-010
298	14950	1.1101e-010
299	15000	1.1101e-010
300	15050	1.1101e-010
301	15100	1.1101e-010
302	15150	1.1101e-010
303	15200	1.0524e-010
304	15250	1.0524e-010
305	15300	1.0524e-010
306	15350	1.0524e-010
307	15400	1.0524e-010
308	15450	1.0524e-010
309	15500	8.44828e-011
310	15550	6.0575e-011
311	15600	6.0575e-011
312	15650	6.0575e-011
313	15700	6.0575e-011
314	15750	6.0575e-011
315	15800	6.0575e-011
316	15850	6.0575e-011
317	15900	6.0575e-011
318	15950	5.18303e-011
319	16000	4.55727e-011
320	16050	4.55727e-011
321	16100	3.9722e-011
322	16150	3.9722e-011
323	16200	1.6141e-011
324	16250	1.5506e-011
325	16300	1.5506e-011
326	16350	1.06334e-011
327	16400	1.06334e-011
328	16450	1.06334e-011
329	16500	3.43137e-012
330	16550	3.43137e-012
331	16600	3.43137e-012
332	16650	3.43137e-012
333	16700	3.43137e-012
334	16750	3.43137e-012
335	16800	3.43137e-012
336	16850	3.36016e-012
337	16900	3.36016e-012
338	16950	3.36016e-012
339	17000	3.36016e-012
340	17050	3.36016e-012
341	17100	3.10721e-012
342	17150	3.10721e-012
343	17200	2.98034e-012
344	17250	2.74066e-012
345	17300	2.74066e-012
346	17350	2.74066e-012
347	17400	2.61353e-012
348	17450	2.31865e-012
349	17500	2.31865e-012
350	17550	2.2509e-012
351	17600	1.49713e-012
352	17650	1.49713e-012
353	17700	1.49713e-012
354	17750	1.2787e-012
355	17800	1.2787e-012
356	17850	8.28456e-013
357	17900	8.28456e-013
358	17950	8.16805e-013
359	18000	8.16805e-013
360	18050	5.8742e-013
361	18100	5.8742e-013
362	18150	5.8742e-013
363	18200	5.59078e-013
364	18250	5.59078e-013
365	18300	3.75977e-013
366	18350	3.30922e-013
367	18400	3.30922e-013
368	18450	3.30922e-013
369	18500	2.95804e-013
370	18550	2.27527e-013
371	18600	2.00648e-013
372	18650	2.00648e-013
373	18700	1.95808e-013
374	18750	1.95808e-013
375	18800	1.51646e-013
376	18850	1.46399e-013
377	18900	1.46399e-013
378	18950	1.33217e-013
379	19000	1.25353e-013
380	19050	6.17119e-014
381	19100	6.17119e-014
382	19150	6.11604e-014
383	19200	6.11604e-014
384	19250	5.53516e-014
385	19300	1.99861e-014
386	19350	1.99861e-014
387	19400	1.99587e-014
388	19450	1.99587e-014
389	19500	1.99587e-014
390	19550	1.99587e-014
391	19600	1.37422e-014
392	19650	1.37422e-014
393	19700	1.37422e-014
394	19750	1.37422e-014
395	19800	1.19262e-014
396	19850	1.19262e-014
397	19900	1.1173e-014
398	19950	1.10842e-014
399	20000	1.02832e-014
400	20050	8.37541e-015
401	20100	6.60027e-015
402	20150	6.60027e-015
403	20200	6.60027e-015
404	20250	5.5738e-015
405	20300	5.5738e-015
406	20350	4.69042e-015
407	20400	4.69042e-015
408	20450	3.58663e-015
409	20500	3.46003e-015
410	20550	3.12885e-015
411	20600	2.55754e-015
412	20650	2.55754e-015
413	20700	2.55754e-015
414	20750	2.55754e-015
415	20800	2.55754e-015
416	20850	2.49672e-015
417	20900	1.81403e-015
418	20950	1.67936e-015
419	21000	1.67936e-015
420	21050	1.23034e-015
421	21100	1.23034e-015
422	21150	1.20763e-015
423	21200	1.20763e-015
424	21250	8.51056e-016
425	21300	8.51056e-016
426	21350	8.04612e-016
427	21400	5.0166e-016
428	21450	4.16937e-016
429	21500	4.00076e-016
430	21550	4.00076e-016
431	21600	4.00076e-016
432	21650	3.78393e-016
433	21700	2.39416e-016
434	21750	2.39416e-016
435	21800	1.83742e-016
436	21850	1.69209e-016
437	21900	1.69209e-016
438	21950	1.69209e-016
439	22000	1.69209e-016
440	22050	1.32008e-016
441	22100	1.32008e-016
442	22150	1.32008e-016
443	22200	1.32008e-016
444	22250	1.32008e-016
445	22300	5.0467e-017
446	22350	5.0467e-017
447	22400	5.0467e-017
448	22450	5.0467e-017
449	22500	1.76881e-017
450	22550	1.76881e-017
451	22600	1.76881e-017
452	22650	1.76881e-017
453	22700	1.76881e-017
454	22750	1.76881e-017
455	22800	1.76881e-017
456	22850	1.76881e-017
457	22900	1.76881e-017
458	22950	1.60214e-017
459	23000	1.60214e-017
460	23050	1.60214e-017
461	23100	1.56498e-017
462	23150	1.56498e-017
463	23200	1.48187e-017
464	23250	1.48187e-017
465	23300	5.79155e-018
466	23350	5.79155e-018
467	23400	5.79155e-018
468	23450	5.79155e-018
469	23500	4.86561e-018
470	23550	4.86561e-018
471	23600	4.86561e-018
472	23650	4.54361e-018
473	23700	4.54361e-018
474	23750	4.54361e-018
475	23800	4.54361e-018
476	23850	4.54361e-018
477	23900	4.45004e-018
478	23950	4.45004e-018
479	24000	4.45004e-018
480	24050	4.45004e-018
481	24100	4.45004e-018
482	24150	4.25581e-018
483	24200	4.25581e-018
484	24250	3.77518e-018
485	24300	3.77518e-018
486	24350	2.33665e-018
487	24400	2.33665e-018
488	24450	2.33665e-018
489	24500	2.26622e-018
490	24550	2.18935e-018
491	24600	2.18935e-018
492	24650	2.18935e-018
493	24700	2.18935e-018
494	24750	1.50536e-018
495	24800	1.47501e-018
496	24850	1.47501e-018
497	24900	1.06148e-018
498	24950	1.06148e-018
499	25000	8.45003e-019
500	25050	6.98044e-019
501	25100	6.29675e-019
502	25150	6.29675e-019
503	25200	4.604e-019
504	25250	4.604e-019
505	25300	4.604e-019
506	25350	4.36992e-019
507	25400	3.46474e-019
508	25450	2.96347e-019
509	25500	2.52103e-019
510	25550	2.52103e-019
511	25600	1.83327e-019
512	25650	1.83327e-019
513	25700	1.54269e-019
514	25750	1.54269e-019
515	25800	1.54269e-019
516	25850	1.54269e-019
517	25900	1.45779e-019
518	25950	1.11719e-019
519	26000	1.11719e-019
520	26050	1.11719e-019
521	26100	1.11719e-019
522	26150	1.11719e-019
523	26200	7.68496e-020
524	26250	5.35433e-020
525	26300	5.35433e-020
526	26350	5.35433e-020
527	26400	3.47197e-020
528	26450	3.47197e-020
529	26500	3.02097e-020
530	26550	3.02097e-020
531	26600	3.02097e-020
532	26650	2.33676e-020
533	26700	2.31041e-020
534	26750	2.22276e-020
535	26800	1.54742e-020
536	26850	1.54742e-020
537	26900	1.54742e-020
538	26950	1.54742e-020
539	27000	1.31977e-020
540	27050	1.31977e-020
541	27100	5.41919e-021
542	27150	5.41919e-021
543	27200	5.30228e-021
544	27250	5.30228e-021
545	27300	5.0417e-021
546	27350	5.0417e-021
547	27400	4.58239e-021
548	27450	3.7731e-021
549	27500	3.7731e-021
550	27550	3.7731e-021
551	27600	3.7731e-021
552	27650	3.7731e-021
553	27700	3.7731e-021
554	27750	3.7731e-021
555	27800	3.7731e-021
556	27850	3.16031e-021
557	27900	3.16031e-021
558	27950	3.16031e-021
559	28000	3.16031e-021
560	28050	2.92976e-021
561	28100	2.02231e-021
562	28150	1.0038e-021
563	28200	9.86479e-022
564	28250	9.86479e-022
565	28300	9.86479e-022
566	28350	9.86479e-022
567	28400	4.78036e-022
568	28450	4.78036e-022
569	28500	4.78036e-022
570	28550	4.78036e-022
571	28600	2.84532e-022
572	28650	2.84532e-022
573	28700	2.84532e-022
574	28750	2.84532e-022
575	28800	2.84532e-022
576	28850	2.68269e-022
577	28900	2.68269e-022
578	28950	2.60448e-022
579	29000	2.60448e-022
580	29050	2.60448e-022
581	29100	2.60448e-022
582	29150	2.60448e-022
583	29200	2.09555e-022
584	29250	2.09555e-022
585	29300	2.09555e-022
586	29350	2.09555e-022
587	29400	1.71763e-022
588	29450	1.50114e-022
589	29500	6.3155e-023
590	29550	6.3155e-023
591	29600	4.4602e-023
592	29650	4.4602e-023
593	29700	4.4602e-023
594	29750	4.4602e-023
595	29800	4.4602e-023
596	29850	4.4602e-023
597	29900	4.4602e-023
598	29950	3.59174e-023
599	30000	3.59174e-023
600	30050	3.59174e-023
601	30100	3.01013e-023
602	30150	3.01013e-023
603	30200	2.97358e-023
604	30250	2.97358e-023
605	30300	2.97358e-023
606	30350	2.95805e-023
607	30400	2.95805e-023
608	30450	2.95805e-023
609	30500	2.26481e-023
610	30550	2.12228e-023
611	30600	1.88705e-023
612	30650	1.88705e-023
613	30700	1.44668e-023
614	30750	8.87357e-024
615	30800	6.00246e-024
616	30850	6.00246e-024
617	30900	6.00246e-024
618	30950	4.21274e-024
619	31000	4.21274e-024
620	31050	4.14896e-024
621	31100	2.512e-024
622	31150	2.512e-024
623	31200	2.512e-024
624	31250	2.512e-024
625	31300	2.512e-024
626	31350	2.512e-024
627	31400	2.512e-024
628	31450	2.512e-024
629	31500	2.512e-024
630	31550	2.512e-024
631	31600	2.512e-024
632	31650	2.512e-024
633	31700	2.512e-024
634	31750	1.1055e-024
635	31800	1.1055e-024
636	31850	1.1055e-024
637	31900	1.1055e-024
638	31950	9.52834e-025
639	32000	9.52834e-025
640	32050	9.52834e-025
641	32100	8.39514e-025
642	32150	8.39514e-025
643	32200	3.5314e-025
644	32250	3.5314e-025
645	32300	3.5314e-025
646	32350	3.39473e-025
647	32400	3.39473e-025
648	32450	2.16316e-025
649	32500	2.16316e-025
650	32550	2.16316e-025
651	32600	2.13918e-025
652	32650	2.13918e-025
653	32700	2.13918e-025
654	32750	2.13918e-025
655	32800	2.13918e-025
656	32850	2.13918e-025
657	32900	2.12774e-025
658	32950	1.40403e-025
659	33000	1.00259e-025
660	33050	1.00259e-025
661	33100	1.00259e-025
662	33150	1.00259e-025
663	33200	8.24523e-026
664	33250	8.24523e-026
665	33300	6.79133e-026
666	33350	6.79133e-026
667	33400	6.79133e-026
668	33450	5.28378e-026
669	33500	5.28378e-026
670	33550	5.28378e-026
671	33600	5.28378e-026
672	33650	5.28378e-026
673	33700	4.10663e-026
674	33750	4.10663e-026
675	33800	4.03613e-026
676	33850	4.03613e-026
677	33900	3.58974e-026
678	33950	3.58974e-026
679	34000	3.43434e-026
680	34050	2.6143e-026
681	34100	2.6143e-026
682	34150	2.6143e-026
683	34200	1.91301e-026
684	34250	1.84756e-026
685	34300	1.84756e-026
686	34350	1.80674e-026
687	34400	1.80674e-026
688	34450	1.60118e-026
689	34500	1.03956e-026
690	34550	1.01393e-026
691	34600	1.01393e-026
692	34650	1.01393e-026
693	34700	9.23448e-027
694	34750	8.26042e-027
695	34800	7.92909e-027
696	34850	6.59987e-027
697	34900	6.59987e-027
698	34950	6.59987e-027
699	35000	4.27197e-027
700	35050	4.27197e-027
701	35100	4.24756e-027
702	35150	4.18821e-027
703	35200	3.12431e-027
704	35250	3.12431e-027
705	35300	2.71753e-027
706	35350	2.16936e-027
707	35400	2.16936e-027
708	35450	2.16936e-027
709	35500	1.17189e-027
710	35550	1.17189e-027
711	35600	9.63569e-028
712	35650	9.63569e-028
713	35700	9.63569e-028
714	35750	9.63569e-028
715	35800	9.63569e-028
716	35850	7.14068e-028
717	35900	4.74863e-028
718	35950	4.74863e-028
719	36000	4.74863e-028
720	36050	4.69725e-028
721	36100	4.50013e-028
722	36150	4.50013e-028
723	36200	4.50013e-028
724	36250	3.51386e-028
725	36300	3.51386e-028
726	36350	2.98348e-028
727	36400	2.63558e-028
728	36450	2.63558e-028
729	36500	2.63558e-028
730	36550	2.63558e-028
731	36600	2.63558e-028
732	36650	6.53317e-029
733	36700	6.53317e-029
734	36750	6.53317e-029
735	36800	6.53317e-029
736	36850	6.53317e-029
737	36900	6.53317e-029
738	36950	6.53317e-029
739	37000	6.53317e-029
740	37050	6.30998e-029
741	37100	6.30998e-029
742	37150	6.30998e-029
743	37200	6.30998e-029
744	37250	6.30998e-029
745	37300	2.20865e-029
746	37350	2.19308e-029
747	37400	2.19308e-029
748	37450	2.19308e-029
749	37500	2.19308e-029
750	37550	2.19308e-029
751	37600	2.19308e-029
752	37650	2.19308e-029
753	37700	1.39203e-029
754	37750	1.05029e-029
755	37800	1.05029e-029
756	37850	1.0056e-029
757	37900	1.0056e-029
758	37950	1.0056e-029
759	38000	1.0056e-029
760	38050	1.0056e-029
761	38100	9.42177e-030
762	38150	9.42177e-030
763	38200	9.42177e-030
764	38250	9.42177e-030
765	38300	9.42177e-030
766	38350	9.42177e-030
767	38400	8.7025e-030
768	38450	7.15418e-030
769	38500	7.15418e-030
770	38550	5.16e-030
771	38600	5.16e-030
772	38650	5.16e-030
773	38700	2.44355e-030
774	38750	2.44355e-030
775	38800	2.44355e-030
776	38850	2.44355e-030
777	38900	2.44355e-030
778	38950	2.44355e-030
779	39000	1.2922e-030
780	39050	1.06181e-030
781	39100	1.06181e-030
782	39150	1.06181e-030
783	39200	1.06181e-030
784	39250	1.06181e-030
785	39300	1.06181e-030
786	39350	1.06181e-030
787	39400	1.06181e-030
788	39450	1.06181e-030
789	39500	4.37007e-031
790	39550	4.10116e-031
791	39600	4.10116e-031
792	39650	3.96905e-031
793	39700	3.96905e-031
794	39750	3.96905e-031
795	39800	3.4698e-031
796	39850	2.95666e-031
797	39900	2.57877e-031
798	39950	2.55431e-031
799	40000	2.55431e-031
800	40050	2.55431e-031
801	40100	2.22742e-031
802	40150	2.22742e-031
803	40200	2.17113e-031
804	40250	2.16155e-031
805	40300	2.09912e-031
806	40350	1.91712e-031
807	40400	1.51663e-031
808	40450	1.51663e-031
809	40500	1.05796e-031
810	40550	1.05796e-031
811	40600	1.05796e-031
812	40650	1.05796e-031
813	40700	1.05796e-031
814	40750	5.13544e-032
815	40800	5.09327e-032
816	40850	4.87561e-032
817	40900	4.87561e-032
818	40950	4.58875e-032
819	41000	4.58875e-032
820	41050	4.58875e-032
821	41100	4.58875e-032
822	41150	4.58875e-032
823	41200	4.58875e-032
824	41250	4.05616e-032
825	41300	3.40118e-032
826	41350	3.29453e-032
827	41400	3.23109e-032
828	41450	2.34538e-032
829	41500	1.41385e-032
830	41550	1.41385e-032
831	41600	1.41385e-032
832	41650	1.41385e-032
833	41700	1.06335e-032
834	41750	1.06335e-032
835	41800	1.06335e-032
836	41850	1.06335e-032
837	41900	1.06335e-032
838	41950	1.06335e-032
839	42000	1.06335e-032
840	42050	1.06335e-032
841	42100	3.60804e-033
842	42150	3.60804e-033
843	42200	3.60804e-033
844	42250	3.60804e-033
845	42300	3.60804e-033
846	42350	3.60804e-033
847	42400	3.60804e-033
848	42450	1.54274e-033
849	42500	1.54274e-033
850	42550	1.54274e-033
851	42600	1.54274e-033
852	42650	1.54274e-033
853	42700	5.04323e-034
854	42750	5.04323e-034
855	42800	5.04323e-034
856	42850	5.04323e-034
857	42900	5.04323e-034
858	42950	4.41903e-034
859	43000	4.41903e-034
860	43050	4.41903e-034
861	43100	4.41903e-034
862	43150	4.41903e-034
863	43200	4.41903e-034
864	43250	3.12241e-034
865	43300	3.12241e-034
866	43350	3.12241e-034
867	43400	3.12241e-034
868	43450	1.86072e-034
869	43500	1.86072e-034
870	43550	1.86072e-034
871	43600	1.32986e-034
872	43650	1.32986e-034
873	43700	1.32986e-034
874	43750	1.30852e-034
875	43800	1.30852e-034
876	43850	1.30852e-034
877	43900	1.30852e-034
878	43950	6.6683e-035
879	44000	6.6683e-035
880	44050	6.6683e-035
881	44100	6.6683e-035
882	44150	5.37352e-035
883	44200	5.37352e-035
884	44250	5.09059e-035
885	44300	3.64958e-035
886	44350	3.64958e-035
887	44400	3.64958e-035
888	44450	2.7425e-035
889	44500	2.7425e-035
890	44550	1.80432e-035
891	44600	1.48633e-035
892	44650	1.48633e-035
893	44700	1.48633e-035
894	44750	1.48633e-035
895	44800	1.48633e-035
896	44850	1.48633e-035
897	44900	1.4262e-035
898	44950	1.4262e-035
899	45000	1.4262e-035
900	45050	1.4262e-035
901	45100	5.31037e-036
902	45150	5.31037e-036
903	45200	5.31037e-036
904	45250	5.31037e-036
905	45300	5.31037e-036
906	45350	5.31037e-036
907	45400	3.88262e-036
908	45450	3.57639e-036
909	45500	3.57639e-036
910	45550	3.29301e-036
911	45600	3.29301e-036
912	45650	3.29301e-036
913	45700	3.22941e-036
914	45750	2.0912e-036
915	45800	1.67973e-036
916	45850	1.64634e-036
917	45900	1.64634e-036
918	45950	1.54162e-036
919	46000	1.45364e-036
920	46050	1.45364e-036
921	46100	9.79993e-037
922	46150	5.88221e-037
923	46200	5.88221e-037
924	46250	5.73074e-037
925	46300	5.49984e-037
926	46350	5.49984e-037
927	46400	5.49984e-037
928	46450	5.49984e-037
929	46500	4.9528e-037
930	46550	4.9528e-037
931	46600	4.9528e-037
932	46650	4.9528e-037
933	46700	3.66856e-037
934	46750	1.65994e-037
935	46800	1.65994e-037
936	46850	1.65994e-037
937	46900	1.65994e-037
938	46950	1.65994e-037
939	47000	1.65994e-037
940	47050	1.65994e-037
941	47100	1.65994e-037
942	47150	1.65994e-037
943	47200	1.65994e-037
944	47250	1.65994e-037
945	47300	1.65994e-037
946	47350	7.15601e-038
947	47400	7.15601e-038
948	47450	7.15601e-038
949	47500	7.15601e-038
950	47550	6.89886e-038
951	47600	5.89837e-038
952	47650	5.8783e-038
953	47700	5.5281e-038
954	47750	5.5281e-038
955	47800	5.5281e-038
956	47850	5.5281e-038
957	47900	5.5281e-038
958	47950	3.72309e-038
959	48000	3.72309e-038
960	48050	3.72309e-038
961	48100	1.75416e-038
962	48150	1.75416e-038
963	48200	1.75416e-038
964	48250	1.75416e-038
965	48300	6.55407e-039
966	48350	6.55407e-039
967	48400	6.55407e-039
968	48450	5.28819e-039
969	48500	5.28819e-039
970	48550	5.28819e-039
971	48600	5.28819e-039
972	48650	5.28819e-039
973	48700	5.28819e-039
974	48750	5.28819e-039
975	48800	5.28819e-039
976	48850	3.61136e-039
977	48900	2.75185e-039
978	48950	2.30183e-039
979	49000	2.30183e-039
980	49050	2.30183e-039
981	49100	2.30183e-039
982	49150	1.5433e-039
983	49200	1.5433e-039
984	49250	1.42509e-039
985	49300	1.39168e-039
986	49350	1.39168e-039
987	49400	1.39168e-039
988	49450	1.39168e-039
989	49500	1.33787e-039
990	49550	9.48506e-040
991	49600	8.40428e-040
992	49650	8.40428e-040
993	49700	8.40428e-040
994	49750	8.40428e-040
995	49800	8.40428e-040
996	49850	8.40428e-040
997	49900	8.40428e-040
998	49950	8.40428e-040
999	50000	7.40844e-040
1000	50050	7.40844e-040
1001	50100	6.22957e-040
1002	50150	6.22957e-040
1003	50200	6.22957e-040
1004	50250	6.17761e-040
1005	50300	6.17761e-040
1006	50350	4.19366e-040
1007	50400	4.19366e-040
1008	50450	4.19366e-040
1009	50500	3.80339e-040
1010	50550	3.80339e-040
1011	50600	3.80339e-040
1012	50650	3.80339e-040
1013	50700	3.80339e-040
1014	50750	2.95609e-040
1015	50800	2.70664e-040
1016	50850	7.81654e-041
1017	50900	7.81654e-041
1018	50950	7.81654e-041
1019	51000	7.81654e-041
1020	51050	7.81654e-041
1021	51100	7.81654e-041
1022	51150	7.81654e-041
1023	51200	7.81654e-041
1024	51250	7.22401e-041
1025	51300	6.59878e-041
1026	51350	6.57916e-041
1027	51400	5.53269e-041
1028	51450	5.53269e-041
1029	51500	5.53269e-041
1030	51550	3.61275e-041
1031	51600	3.61275e-041
1032	51650	3.61275e-041
1033	51700	3.61275e-041
1034	51750	3.61275e-041
1035	51800	3.61275e-041
1036	51850	1.87969e-041
1037	51900	1.87969e-041
1038	51950	1.87969e-041
1039	52000	1.87969e-041
1040	52050	1.87969e-041
1041	52100	1.87969e-041
1042	52150	1.87969e-041
1043	52200	1.87969e-041
1044	52250	1.8406e-041
1045	52300	1.8406e-041
1046	52350	1.45775e-041
1047	52400	1.45775e-041
1048	52450	1.45775e-041
1049	52500	1.43474e-041
1050	52550	1.43474e-041
1051	52600	1.43474e-041
1052	52650	1.43474e-041
1053	52700	1.00618e-041
1054	52750	5.20495e-042
1055	52800	5.20495e-042
1056	52850	3.58263e-042
1057	52900	3.58263e-042
1058	52950	3.58263e-042
1059	53000	3.58263e-042
1060	53050	3.58263e-042
1061	53100	2.36782e-042
1062	53150	2.36782e-042
1063	53200	1.50261e-042
1064	53250	1.15017e-042
1065	53300	1.15014e-042
1066	53350	1.15014e-042
1067	53400	1.15014e-042
1068	53450	1.15014e-042
1069	53500	9.53765e-043
1070	53550	9.37573e-043
1071	53600	9.29896e-043
1072	53650	4.81796e-043
1073	53700	4.81796e-043
1074	53750	4.81796e-043
1075	53800	4.81796e-043
1076	53850	4.47069e-043
1077	53900	4.47069e-043
1078	53950	4.47069e-043
1079	54000	4.47069e-043
1080	54050	2.51585e-043
1081	54100	2.51585e-043
1082	54150	2.44323e-043
1083	54200	2.44323e-043
1084	54250	2.44323e-043
1085	54300	2.28512e-043
1086	54350	2.28512e-043
1087	54400	2.28512e-043
1088	54450	2.28512e-043
1089	54500	2.28512e-043
1090	54550	2.28512e-043
1091	54600	1.13968e-043
1092	54650	1.13968e-043
1093	54700	1.13968e-043
1094	54750	1.13968e-043
1095	54800	1.02318e-043
1096	54850	1.02318e-043
1097	54900	1.02318e-043
1098	54950	1.02318e-043
1099	55000	6.5197e-044
1100	55050	6.5197e-044
1101	55100	6.5197e-044
1102	55150	6.15169e-044
1103	55200	3.29766e-044
1104	55250	1.48261e-044
1105	55300	1.48261e-044
1106	55350	1.48261e-044
1107	55400	1.48261e-044
1108	55450	1.48261e-044
1109	55500	1.01181e-044
1110	55550	1.01181e-044
1111	55600	1.01181e-044
1112	55650	9.87109e-045
1113	55700	9.87109e-045
1114	55750	9.87109e-045
1115	55800	9.32253e-045
1116	55850	9.32253e-045
1117	55900	9.32253e-045
1118	55950	9.32253e-045
1119	56000	9.32253e-045
1120	56050	6.50057e-045
1121	56100	4.25934e-045
1122	56150	4.25605e-045
1123	56200	3.72782e-045
1124	56250	3.72782e-045
1125	56300	3.72782e-045
1126	56350	3.72782e-045
1127	56400	3.68018e-045
1128	56450	3.68018e-045
1129	56500	2.25356e-045
1130	56550	2.25356e-045
1131	56600	2.25356e-045
1132	56650	2.25356e-045
1133	56700	2.25356e-045
1134	56750	1.70341e-045
1135	56800	1.70341e-045
1136	56850	1.70341e-045
1137	56900	1.44571e-045
1138	56950	1.44571e-045
1139	57000	1.44571e-045
1140	57050	9.40527e-046
1141	57100	9.40527e-046
1142	57150	9.40527e-046
1143	57200	9.40527e-046
1144	57250	9.40527e-046
1145	57300	7.0112e-046
1146	57350	7.0112e-046
1147	57400	7.0112e-046
1148	57450	6.8846e-046
1149	57500	6.8846e-046
1150	57550	6.8846e-046
1151	57600	5.69604e-046
1152	57650	4.80367e-046
1153	57700	4.80367e-046
1154	57750	4.80367e-046
1155	57800	2.55904e-046
1156	57850	2.55904e-046
1157	57900	2.55904e-046
1158	57950	2.2797e-046
1159	58000	2.02429e-046
1160	58050	2.02429e-046
1161	58100	2.02429e-046
1162	58150	1.58615e-046
1163	58200	1.58615e-046
1164	58250	1.58615e-046
1165	58300	1.58615e-046
1166	58350	1.58615e-046
1167	58400	1.48333e-046
1168	58450	1.36037e-046
1169	58500	1.16038e-046
1170	58550	9.69463e-047
1171	58600	6.59934e-047
1172	58650	3.53511e-047
1173	58700	3.53511e-047
1174	58750	3.43911e-047
1175	58800	3.43911e-047
1176	58850	3.43911e-047
1177	58900	3.43911e-047
1178	58950	3.43911e-047
1179	59000	3.43911e-047
1180	59050	2.81258e-047
1181	59100	2.81258e-047
1182	59150	2.81258e-047
1183	59200	2.81258e-047
1184	59250	2.18511e-047
1185	59300	2.18511e-047
1186	59350	2.07675e-047
1187	59400	2.07675e-047
1188	59450	1.2572e-047
1189	59500	1.03036e-047
1190	59550	1.03036e-047
1191	59600	1.01106e-047
1192	59650	9.92834e-048
1193	59700	9.92834e-048
1194	59750	9.75829e-048
1195	59800	6.8669e-048
1196	59850	6.8669e-048
1197	59900	4.81058e-048
1198	59950	3.02203e-048
1199	60000	3.02203e-048
1200	60050	3.01745e-048
1201	60100	3.01745e-048
1202	60150	3.00758e-048
1203	60200	3.00758e-048
1204	60250	2.89028e-048
1205	60300	1.68473e-048
1206	60350	1.68473e-048
1207	60400	1.68473e-048
1208	60450	1.68473e-048
1209	60500	1.68473e-048
1210	60550	1.68473e-048
1211	60600	1.68473e-048
1212	60650	1.4304e-048
1213	60700	1.4304e-048
1214	60750	1.33786e-048
1215	60800	1.31191e-048
1216	60850	1.26737e-048
1217	60900	1.18971e-048
1218	60950	1.18971e-048
1219	61000	7.11851e-049
1220	61050	7.10802e-049
1221	61100	7.10802e-049
1222	61150	7.10802e-049
1223	61200	7.04657e-049
1224	61250	7.04657e-049
1225	61300	7.04657e-049
1226	61350	5.31432e-049
1227	61400	4.09201e-049
1228	61450	4.09201e-049
1229	61500	4.09201e-049
1230	61550	3.91695e-049
1231	61600	3.46634e-049
1232	61650	3.46634e-049
1233	61700	2.64256e-049
1234	61750	2.51529e-049
1235	61800	2.51529e-049
1236	61850	1.67055e-049
1237	61900	7.50775e-050
1238	61950	7.50775e-050
1239	62000	7.50775e-050
1240	62050	7.50775e-050
1241	62100	6.41821e-050
1242	62150	6.41821e-050
1243	62200	5.1214e-050
1244	62250	4.89746e-050
1245	62300	4.86974e-050
1246	62350	4.86974e-050
1247	62400	4.53147e-050
1248	62450	4.0641e-050
1249	62500	4.0641e-050
1250	62550	3.62912e-050
1251	62600	3.22843e-050
1252	62650	3.12151e-050
1253	62700	3.12151e-050
1254	62750	2.59017e-050
1255	62800	2.53911e-050
1256	62850	2.53911e-050
1257	62900	2.53911e-050
1258	62950	2.53911e-050
1259	63000	2.53911e-050
1260	63050	2.53911e-050
1261	63100	1.85153e-050
1262	63150	9.12307e-051
1263	63200	9.12307e-051
1264	63250	8.33101e-051
1265	63300	6.56513e-051
1266	63350	6.56513e-051
1267	63400	6.56513e-051
1268	63450	6.56513e-051
1269	63500	6.5633e-051
1270	63550	6.5633e-051
1271	63600	5.88994e-051
1272	63650	5.88994e-051
1273	63700	4.0452e-051
1274	63750	4.0452e-051
1275	63800	4.0452e-051
1276	63850	3.54433e-051
1277	63900	2.86412e-051
1278	63950	2.43764e-051
1279	64000	2.43764e-051
1280	64050	2.43764e-051
1281	64100	2.17757e-051
1282	64150	1.79482e-051
1283	64200	1.79482e-051
1284	64250	1.17582e-051
1285	64300	1.17582e-051
1286	64350	1.17582e-051
1287	64400	1.09585e-051
1288	64450	4.34581e-052
1289	64500	4.34581e-052
1290	64550	4.34581e-052
1291	64600	4.34581e-052
1292	64650	3.81672e-052
1293	64700	3.81672e-052
1294	64750	3.81672e-052
1295	64800	3.81672e-052
1296	64850	3.51271e-052
1297	64900	3.15689e-052
1298	64950	3.15689e-052
1299	65000	2.76862e-052
1300	65050	9.69689e-053
1301	65100	9.69689e-053
1302	65150	9.69689e-053
1303	65200	9.69689e-053
1304	65250	9.38999e-053
1305	65300	9.13865e-053
1306	65350	9.13865e-053
1307	65400	9.13865e-053
1308	65450	9.13865e-053
1309	65500	9.13865e-053
1310	65550	9.13865e-053
1311	65600	5.01374e-053
1312	65650	4.51326e-053
1313	65700	4.51326e-053
1314	65750	4.51326e-053
1315	65800	3.88026e-053
1316	65850	3.88026e-053
1317	65900	3.88026e-053
1318	65950	3.88026e-053
1319	66000	3.88026e-053
1320	66050	3.88026e-053
1321	66100	3.88026e-053
1322	66150	3.88026e-053
1323	66200	3.88026e-053
1324	66250	2.43748e-053
1325	66300	2.43748e-053
1326	66350	2.31105e-053
1327	66400	2.31105e-053
1328	66450	1.86036e-053
1329	66500	1.86036e-053
1330	66550	1.86036e-053
1331	66600	1.86036e-053
1332	66650	1.86036e-053
1333	66700	1.69306e-053
1334	66750	1.15498e-053
1335	66800	1.15498e-053
1336	66850	1.15498e-053
1337	66900	1.14156e-053
1338	66950	9.22232e-054
1339	67000	9.22232e-054
1340	67050	9.22232e-054
1341	67100	8.58174e-054
1342	67150	6.65263e-054
1343	67200	6.50817e-054
1344	67250	6.50817e-054
1345	67300	6.50817e-054
1346	67350	6.50817e-054
1347	67400	5.54384e-054
1348	67450	5.54384e-054
1349	67500	5.54384e-054
1350	67550	5.54384e-054
1351	67600	5.54384e-054
1352	67650	5.54384e-054
1353	67700	3.57489e-054
1354	67750	3.57489e-054
1355	67800	3.57489e-054
1356	67850	1.76515e-054
1357	67900	1.4621e-054
1358	67950	1.4621e-054
1359	68000	1.4621e-054
1360	68050	1.4621e-054
1361	68100	1.11148e-054
1362	68150	1.03463e-054
1363	68200	1.03463e-054
1364	68250	1.03463e-054
1365	68300	1.03463e-054
1366	68350	1.03463e-054
1367	68400	1.03463e-054
1368	68450	7.90814e-055
1369	68500	7.90814e-055
1370	68550	5.90162e-055
1371	68600	5.4527e-055
1372	68650	5.4527e-055
1373	68700	5.4527e-055
1374	68750	3.20263e-055
1375	68800	2.71303e-055
1376	68850	2.71303e-055
1377	68900	2.71303e-055
1378	68950	2.71303e-055
1379	69000	1.33707e-055
1380	69050	1.33707e-055
1381	69100	1.33707e-055
1382	69150	8.34567e-056
1383	69200	8.34567e-056
1384	69250	8.34567e-056
1385	69300	8.34567e-056
1386	69350	8.29396e-056
1387	69400	8.29396e-056
1388	69450	8.29396e-056
1389	69500	7.32606e-056
1390	69550	7.32606e-056
1391	69600	7.32606e-056
1392	69650	7.32606e-056
1393	69700	4.09233e-056
1394	69750	4.09233e-056
1395	69800	4.09233e-056
1396	69850	4.09233e-056
1397	69900	4.09233e-056
1398	69950	3.88741e-056
1399	70000	1.20215e-056
1400	70050	1.19384e-056
1401	70100	1.19384e-056
1402	70150	1.19384e-056
1403	70200	1.19384e-056
1404	70250	1.19384e-056
1405	70300	8.81339e-057
1406	70350	8.14349e-057
1407	70400	6.99417e-057
1408	70450	6.99417e-057
1409	70500	6.99417e-057
1410	70550	6.99417e-057
1411	70600	6.99417e-057
1412	70650	6.89503e-057
1413	70700	6.89503e-057
1414	70750	6.21319e-057
1415	70800	6.21319e-057
1416	70850	6.21319e-057
1417	70900	6.21319e-057
1418	70950	6.21319e-057
1419	71000	4.75984e-057
1420	71050	4.75984e-057
1421	71100	4.75984e-057
1422	71150	4.40345e-057
1423	71200	3.12053e-057
1424	71250	3.12053e-057
1425	71300	2.53762e-057
1426	71350	2.53762e-057
1427	71400	1.87561e-057
1428	71450	1.87561e-057
1429	71500	1.87561e-057
1430	71550	1.87561e-057
1431	71600	1.87561e-057
1432	71650	1.87561e-057
1433	71700	1.87561e-057
1434	71750	1.87561e-057
1435	71800	1.87561e-057
1436	71850	1.34778e-057
1437	71900	1.34778e-057
1438	71950	1.03503e-057
1439	72000	1.03503e-057
1440	72050	1.03409e-057
1441	72100	6.5054e-058
1442	72150	6.5054e-058
1443	72200	6.5054e-058
1444	72250	2.8902e-058
1445	72300	2.8902e-058
1446	72350	1.30111e-058
1447	72400	1.30111e-058
1448	72450	1.30111e-058
1449	72500	1.27752e-058
1450	72550	1.27752e-058
1451	72600	1.27752e-058
1452	72650	1.27752e-058
1453	72700	1.27542e-058
1454	72750	1.27542e-058
1455	72800	1.27542e-058
1456	72850	1.27542e-058
1457	72900	1.21316e-058
1458	72950	1.21316e-058
1459	73000	1.21316e-058
1460	73050	1.21316e-058
1461	73100	1.21316e-058
1462	73150	1.21316e-058
1463	73200	1.21316e-058
1464	73250	1.19782e-058
1465	73300	1.04429e-058
1466	73350	1.03716e-058
1467	73400	9.7709e-059
1468	73450	5.68471e-059
1469	73500	5.68471e-059
1470	73550	5.68471e-059
1471	73600	5.68471e-059
1472	73650	4.8552e-059
1473	73700	4.31299e-059
1474	73750	4.31299e-059
1475	73800	3.84326e-059
1476	73850	3.84326e-059
1477	73900	3.36025e-059
1478	73950	2.64366e-059
1479	74000	2.64366e-059
1480	74050	2.64366e-059
1481	74100	2.64366e-059
1482	74150	1.64727e-059
1483	74200	1.64727e-059
1484	74250	1.47971e-059
1485	74300	1.47971e-059
1486	74350	1.29387e-059
1487	74400	9.5615e-060
1488	74450	9.5615e-060
1489	74500	7.2173e-060
1490	74550	6.59224e-060
1491	74600	5.40578e-060
1492	74650	5.40578e-060
1493	74700	4.04931e-060
1494	74750	3.74884e-060
1495	74800	3.74884e-060
1496	74850	3.74884e-060
1497	74900	3.74884e-060
1498	74950	3.74884e-060
1499	75000	3.37154e-060
1500	75050	3.37154e-060
1501	75100	3.37154e-060
1502	75150	3.12897e-060
1503	75200	1.94487e-060
1504	75250	1.94487e-060
1505	75300	1.94487e-060
1506	75350	1.94487e-060
1507	75400	1.94487e-060
1508	75450	1.72532e-060
1509	75500	1.43895e-060
1510	75550	1.3191e-060
1511	75600	9.48368e-061
1512	75650	9.48368e-061
1513	75700	8.36308e-061
1514	75750	6.23971e-061
1515	75800	6.23971e-061
1516	75850	6.23971e-061
1517	75900	2.24407e-061
1518	75950	2.24407e-061
1519	76000	2.24407e-061
1520	76050	2.24407e-061
1521	76100	2.24407e-061
1522	76150	1.90983e-061
1523	76200	1.79501e-061
1524	76250	1.79501e-061
1525	76300	1.79501e-061
1526	76350	1.79501e-061
1527	76400	1.75148e-061
1528	76450	1.72791e-061
1529	76500	1.2709e-061
1530	76550	1.2709e-061
1531	76600	1.2709e-061
1532	76650	1.2709e-061
1533	76700	8.0053e-062
1534	76750	8.0053e-062
1535	76800	8.0053e-062
1536	76850	8.0053e-062
1537	76900	5.66719e-062
1538	76950	5.66719e-062
1539	77000	5.66719e-062
1540	77050	5.66719e-062
1541	77100	5.66719e-062
1542	77150	5.66719e-062
1543	77200	5.66719e-062
1544	77250	5.66719e-062
1545	77300	5.66719e-062
1546	77350	2.95674e-062
1547	77400	2.95674e-062
1548	77450	2.09704e-062
1549	77500	1.89882e-062
1550	77550	1.89882e-062
1551	77600	1.89882e-062
1552	77650	1.89882e-062
1553	77700	1.61603e-062
1554	77750	1.61603e-062
1555	77800	1.61603e-062
1556	77850	1.61603e-062
1557	77900	1.61603e-062
1558	77950	1.58503e-062
1559	78000	1.42389e-062
1560	78050	1.42389e-062
1561	78100	1.05984e-062
1562	78150	1.05984e-062
1563	78200	7.70794e-063
1564	78250	7.30626e-063
1565	78300	4.44495e-063
1566	78350	4.44495e-063
1567	78400	4.36606e-063
1568	78450	4.36606e-063
1569	78500	4.36606e-063
1570	78550	4.36606e-063
1571	78600	3.35524e-063
1572	78650	3.35524e-063
1573	78700	3.35524e-063
1574	78750	3.35524e-063
1575	78800	3.35524e-063
1576	78850	3.35524e-063
1577	78900	2.55428e-063
1578	78950	1.7095e-063
1579	79000	1.7095e-063
1580	79050	1.60944e-063
1581	79100	1.5082e-063
1582	79150	1.33559e-063
1583	79200	1.27543e-063
1584	79250	1.27543e-063
1585	79300	8.6885e-064
1586	79350	8.6885e-064
1587	79400	8.6885e-064
1588	79450	8.6885e-064
1589	79500	4.16001e-064
1590	79550	4.16001e-064
1591	79600	4.16001e-064
1592	79650	4.16001e-064
1593	79700	3.50637e-064
1594	79750	3.50637e-064
1595	79800	3.50637e-064
1596	79850	3.50637e-064
1597	79900	3.50637e-064
1598	79950	3.50637e-064
1599	80000	3.13155e-064
1600	80050	3.13155e-064
1601	80100	3.13155e-064
1602	80150	3.13155e-064
1603	80200	2.83857e-064
1604	80250	2.61461e-064
1605	80300	2.61461e-064
1606	80350	2.50832e-064
1607	80400	2.41195e-064
1608	80450	1.80411e-064
1609	80500	1.15399e-064
1610	80550	1.15399e-064
1611	80600	1.01722e-064
1612	80650	7.65025e-065
1613	80700	6.87292e-065
1614	80750	5.40998e-065
1615	80800	5.40998e-065
1616	80850	5.40998e-065
1617	80900	5.40998e-065
1618	80950	4.96549e-065
1619	81000	4.96549e-065
1620	81050	3.06059e-065
1621	81100	2.70011e-065
1622	81150	2.70011e-065
1623	81200	2.70011e-065
1624	81250	2.70011e-065
1625	81300	2.60484e-065
1626	81350	2.60484e-065
1627	81400	1.78576e-065
1628	81450	1.42192e-065
1629	81500	1.42192e-065
1630	81550	1.29669e-065
1631	81600	1.29669e-065
1632	81650	1.29669e-065
1633	81700	1.11627e-065
1634	81750	1.11627e-065
1635	81800	8.18582e-066
1636	81850	7.97844e-066
1637	81900	6.69711e-066
1638	81950	3.9787e-066
1639	82000	3.68516e-066
1640	82050	3.68516e-066
1641	82100	3.68516e-066
1642	82150	3.68516e-066
1643	82200	1.55683e-066
1644	82250	1.55683e-066
1645	82300	1.55683e-066
1646	82350	1.48651e-066
1647	82400	1.48651e-066
1648	82450	1.48651e-066
1649	82500	1.48651e-066
1650	82550	1.23463e-066
1651	82600	1.23463e-066
1652	82650	1.0456e-066
1653	82700	1.0456e-066
1654	82750	1.0456e-066
1655	82800	1.0456e-066
1656	82850	1.0456e-066
1657	82900	1.0456e-066
1658	82950	1.0456e-066
1659	83000	7.32426e-067
1660	83050	7.32426e-067
1661	83100	7.32426e-067
1662	83150	5.39891e-067
1663	83200	5.39891e-067
1664	83250	4.44811e-067
1665	83300	4.44811e-067
1666	83350	4.44811e-067
1667	83400	4.14951e-067
1668	83450	4.14951e-067
1669	83500	3.01151e-067
1670	83550	2.03203e-067
1671	83600	2.03203e-067
1672	83650	2.03203e-067
1673	83700	1.43334e-067
1674	83750	1.43334e-067
1675	83800	1.43334e-067
1676	83850	1.43334e-067
1677	83900	1.43334e-067
1678	83950	1.43334e-067
1679	84000	1.06341e-067
1680	84050	9.58822e-068
1681	84100	9.58822e-068
1682	84150	8.51417e-068
1683	84200	8.51417e-068
1684	84250	6.34742e-068
1685	84300	6.34742e-068
1686	84350	6.34742e-068
1687	84400	4.84042e-068
1688	84450	4.04883e-068
1689	84500	4.04883e-068
1690	84550	4.04883e-068
1691	84600	4.04883e-068
1692	84650	4.04883e-068
1693	84700	2.79785e-068
1694	84750	2.79785e-068
1695	84800	2.79785e-068
1696	84850	2.79785e-068
1697	84900	2.79785e-068
1698	84950	1.74405e-068
1699	85000	1.67762e-068
1700	85050	1.67762e-068
1701	85100	1.55035e-068
1702	85150	5.15242e-069
1703	85200	5.15242e-069
1704	85250	5.15242e-069
1705	85300	5.15242e-069
1706	85350	3.85947e-069
1707	85400	3.85947e-069
1708	85450	3.22573e-069
1709	85500	3.22573e-069
1710	85550	3.22573e-069
1711	85600	3.22573e-069
1712	85650	3.22573e-069
1713	85700	3.22573e-069
1714	85750	3.22573e-069
1715	85800	2.95272e-069
1716	85850	2.95272e-069
1717	85900	2.95272e-069
1718	85950	1.29803e-069
1719	86000	1.29803e-069
1720	86050	1.29803e-069
1721	86100	1.29803e-069
1722	86150	1.29803e-069
1723	86200	8.31947e-070
1724	86250	8.31947e-070
1725	86300	8.31947e-070
1726	86350	7.83192e-070
1727	86400	7.49847e-070
1728	86450	7.49847e-070
1729	86500	7.49847e-070
1730	86550	4.88889e-070
1731	86600	4.88889e-070
1732	86650	4.88889e-070
1733	86700	4.88889e-070
1734	86750	4.82474e-070
1735	86800	4.82474e-070
1736	86850	3.00774e-070
1737	86900	3.00774e-070
1738	86950	3.00774e-070
1739	87000	2.60149e-070
1740	87050	2.60149e-070
1741	87100	2.13019e-070
1742	87150	2.13019e-070
1743	87200	2.13019e-070
1744	87250	2.13019e-070
1745	87300	1.09069e-070
1746	87350	1.09069e-070
1747	87400	1.09069e-070
1748	87450	1.09069e-070
1749	87500	1.09069e-070
1750	87550	9.97087e-071
1751	87600	8.7385e-071
1752	87650	8.7385e-071
1753	87700	8.7385e-071
1754	87750	8.7385e-071
1755	87800	6.97281e-071
1756	87850	6.68111e-071
1757	87900	4.75281e-071
1758	87950	4.75281e-071
1759	88000	4.75281e-071
1760	88050	2.2454e-071
1761	88100	2.2454e-071
1762	88150	2.2454e-071
1763	88200	2.2454e-071
1764	88250	2.2454e-071
1765	88300	2.2454e-071
1766	88350	2.2454e-071
1767	88400	7.16949e-072
1768	88450	6.72491e-072
1769	88500	6.72491e-072
1770	88550	6.72491e-072
1771	88600	6.72491e-072
1772	88650	6.72491e-072
1773	88700	6.06387e-072
1774	88750	6.06387e-072
1775	88800	5.59646e-072
1776	88850	5.59646e-072
1777	88900	4.5139e-072
1778	88950	4.5139e-072
1779	89000	4.5139e-072
1780	89050	4.5139e-072
1781	89100	2.64347e-072
1782	89150	2.64347e-072
1783	89200	2.60538e-072
1784	89250	2.60538e-072
1785	89300	2.60538e-072
1786	89350	2.60538e-072
1787	89400	2.58037e-072
1788	89450	2.58037e-072
1789	89500	1.21694e-072
1790	89550	1.21694e-072
1791	89600	1.21694e-072
1792	89650	1.21694e-072
1793	89700	1.21694e-072
1794	89750	1.21694e-072
1795	89800	1.21694e-072
1796	89850	1.21694e-072
1797	89900	5.13067e-073
1798	89950	5.13067e-073
1799	90000	4.91769e-073
1800	90050	4.91769e-073
1801	90100	4.66262e-073
1802	90150	4.66262e-073
1803	90200	4.51835e-073
1804	90250	4.51835e-073
1805	90300	3.50221e-073
1806	90350	3.37763e-073
1807	90400	3.37763e-073
1808	90450	3.10836e-073
1809	90500	1.65745e-073
1810	90550	1.65745e-073
1811	90600	1.65745e-073
1812	90650	1.45899e-073
1813	90700	1.45456e-073
1814	90750	1.1987e-073
1815	90800	1.00522e-073
1816	90850	1.00522e-073
1817	90900	1.00522e-073
1818	90950	8.63291e-074
1819	91000	8.63291e-074
1820	91050	7.18195e-074
1821	91100	6.10116e-074
1822	91150	6.10116e-074
1823	91200	5.69235e-074
1824	91250	5.6516e-074
1825	91300	5.6516e-074
1826	91350	2.34203e-074
1827	91400	2.34203e-074
1828	91450	2.34203e-074
1829	91500	1.88932e-074
1830	91550	1.88932e-074
1831	91600	1.88932e-074
1832	91650	1.88932e-074
1833	91700	1.16607e-074
1834	91750	1.16607e-074
1835	91800	1.14799e-074
1836	91850	1.14799e-074
1837	91900	1.14799e-074
1838	91950	1.09935e-074
1839	92000	1.09935e-074
1840	92050	1.04861e-074
1841	92100	1.04861e-074
1842	92150	5.41756e-075
1843	92200	5.41756e-075
1844	92250	5.41756e-075
1845	92300	5.41756e-075
1846	92350	5.41756e-075
1847	92400	5.41756e-075
1848	92450	3.55636e-075
1849	92500	3.55636e-075
1850	92550	3.29529e-075
1851	92600	3.29529e-075
1852	92650	3.29529e-075
1853	92700	3.28087e-075
1854	92750	3.28087e-075
1855	92800	3.28087e-075
1856	92850	2.24574e-075
1857	92900	1.2986e-075
1858	92950	1.2986e-075
1859	93000	1.2986e-075
1860	93050	1.25003e-075
1861	93100	4.14205e-076
1862	93150	4.14205e-076
1863	93200	4.14205e-076
1864	93250	4.14205e-076
1865	93300	4.14205e-076
1866	93350	4.14205e-076
1867	93400	4.14205e-076
1868	93450	4.14205e-076
1869	93500	4.14205e-076
1870	93550	4.14205e-076
1871	93600	4.14205e-076
1872	93650	4.14205e-076
1873	93700	4.14205e-076
1874	93750	1.7633e-076
1875	93800	1.7633e-076
1876	93850	1.7633e-076
1877	93900	1.7633e-076
1878	93950	1.7633e-076
1879	94000	1.71266e-076
1880	94050	1.71266e-076
1881	94100	1.71266e-076
1882	94150	1.71266e-076
1883	94200	9.0943e-077
1884	94250	9.0943e-077
1885	94300	9.0943e-077
1886	94350	9.0943e-077
1887	94400	9.0943e-077
1888	94450	9.0943e-077
1889	94500	9.0943e-077
1890	94550	9.0943e-077
1891	94600	9.07051e-077
1892	94650	6.49519e-077
1893	94700	6.49519e-077
1894	94750	6.49519e-077
1895	94800	6.49519e-077
1896	94850	2.11916e-077
1897	94900	2.11916e-077
1898	94950	2.11916e-077
1899	95000	2.11916e-077
1900	95050	2.11916e-077
1901	95100	2.11916e-077
1902	95150	2.11916e-077
1903	95200	2.11916e-077
1904	95250	2.11916e-077
1905	95300	1.79243e-077
1906	95350	1.79243e-077
1907	95400	1.79243e-077
1908	95450	1.11517e-077
1909	95500	1.11517e-077
1910	95550	5.00186e-078
1911	95600	5.00186e-078
1912	95650	5.00186e-078
1913	95700	5.00186e-078
1914	95750	5.00186e-078
1915	95800	5.00186e-078
1916	95850	5.00186e-078
1917	95900	5.00186e-078
1918	95950	5.00186e-078
1919	96000	4.81638e-078
1920	96050	4.81638e-078
1921	96100	3.86141e-078
1922	96150	3.86141e-078
1923	96200	3.76315e-078
1924	96250	3.76315e-078
1925	96300	2.42286e-078
1926	96350	2.42286e-078
1927	96400	2.42286e-078
1928	96450	2.42286e-078
1929	96500	2.42286e-078
1930	96550	1.24725e-078
1931	96600	1.24725e-078
1932	96650	1.24725e-078
1933	96700	1.24725e-078
1934	96750	1.15444e-078
1935	96800	1.15444e-078
1936	96850	3.73166e-079
1937	96900	1.68031e-079
1938	96950	1.68031e-079
1939	97000	1.68031e-079
1940	97050	1.68031e-079
1941	97100	1.68031e-079
1942	97150	1.64595e-079
1943	97200	1.64595e-079
1944	97250	1.64595e-079
1945	97300	1.64595e-079
1946	97350	1.64595e-079
1947	97400	1.64595e-079
1948	97450	1.64595e-079
1949	97500	1.64595e-079
1950	97550	1.64595e-079
1951	97600	1.64595e-079
1952	97650	1.64595e-079
1953	97700	6.68813e-080
1954	97750	6.68813e-080
1955	97800	6.68813e-080
1956	97850	6.68813e-080
1957	97900	6.68813e-080
1958	97950	6.68813e-080
1959	98000	6.68813e-080
1960	98050	6.68813e-080
1961	98100	6.68813e-080
1962	98150	6.68813e-080
1963	98200	6.68813e-080
1964	98250	6.68813e-080
1965	98300	6.32072e-080
1966	98350	5.10864e-080
1967	98400	5.10864e-080
1968	98450	5.10864e-080
1969	98500	5.10864e-080
1970	98550	4.7045e-080
1971	98600	4.7045e-080
1972	98650	4.7045e-080
1973	98700	4.7045e-080
1974	98750	4.09234e-080
1975	98800	3.81337e-080
1976	98850	3.81337e-080
1977	98900	3.20821e-080
1978	98950	2.39037e-080
1979	99000	2.39037e-080
1980	99050	2.39037e-080
1981	99100	1.82207e-080
1982	99150	1.5746e-080
1983	99200	1.5746e-080
1984	99250	1.5746e-080
1985	99300	1.5746e-080
1986	99350	1.5746e-080
1987	99400	1.38575e-080
1988	99450	1.01758e-080
1989	99500	1.01758e-080
1990	99550	8.44264e-081
1991	99600	8.44264e-081
1992	99650	8.44264e-081
1993	99700	8.02549e-081
1994	99750	8.02549e-081
1995	99800	7.38105e-081
1996	99850	6.29588e-081
1997	99900	6.29588e-081
1998	99950	6.21661e-081
1999	100000	4.88235e-081
2000	100050	3.48509e-081
