1	100	574.37
2	150	574.37
3	200	439.45
4	250	439.45
5	300	405.522
6	350	405.522
7	400	330.946
8	450	284.225
9	500	284.225
10	550	175.051
11	600	175.051
12	650	175.051
13	700	175.051
14	750	175.051
15	800	175.051
16	850	145.511
17	900	145.511
18	950	121.873
19	1000	121.873
20	1050	57.7097
21	1100	57.7097
22	1150	57.7097
23	1200	57.7097
24	1250	51.2845
25	1300	48.4589
26	1350	48.3694
27	1400	48.3694
28	1450	48.3694
29	1500	45.2422
30	1550	45.2422
31	1600	43.2811
32	1650	43.2811
33	1700	43.2811
34	1750	37.548
35	1800	37.548
36	1850	32.9219
37	1900	28.0019
38	1950	27.2171
39	2000	25.3966
40	2050	21.1276
41	2100	20.5239
42	2150	15.8256
43	2200	14.3781
44	2250	14.3781
45	2300	12.962
46	2350	12.962
47	2400	12.1826
48	2450	8.44188
49	2500	6.06877
50	2550	6.06877
51	2600	6.06877
52	2650	6.06877
53	2700	5.61778
54	2750	5.07694
55	2800	3.57769
56	2850	3.53529
57	2900	2.45103
58	2950	2.11982
59	3000	1.8621
60	3050	1.8621
61	3100	1.8621
62	3150	1.8621
63	3200	1.85994
64	3250	1.47851
65	3300	0.809643
66	3350	0.809643
67	3400	0.809643
68	3450	0.809643
69	3500	0.383317
70	3550	0.383317
71	3600	0.383317
72	3650	0.383317
73	3700	0.383317
74	3750	0.380885
75	3800	0.211329
76	3850	0.211329
77	3900	0.211329
78	3950	0.211329
79	4000	0.211329
80	4050	0.211329
81	4100	0.211329
82	4150	0.211329
83	4200	0.211329
84	4250	0.183547
85	4300	0.153832
86	4350	0.153832
87	4400	0.153832
88	4450	0.153832
89	4500	0.139936
90	4550	0.139936
91	4600	0.116549
92	4650	0.116549
93	4700	0.102457
94	4750	0.102457
95	4800	0.102457
96	4850	0.0356054
97	4900	0.0356054
98	4950	0.0356054
99	5000	0.0356054
100	5050	0.0356054
101	5100	0.0356054
102	5150	0.0356054
103	5200	0.0356054
104	5250	0.0356054
105	5300	0.0356054
106	5350	0.0291164
107	5400	0.0291164
108	5450	0.0288146
109	5500	0.0201574
110	5550	0.0201574
111	5600	0.0186664
112	5650	0.00992052
113	5700	0.00935664
114	5750	0.00935664
115	5800	0.00935664
116	5850	0.00935664
117	5900	0.00586881
118	5950	0.00586881
119	6000	0.00586881
120	6050	0.00586881
121	6100	0.00524809
122	6150	0.00524809
123	6200	0.00501956
124	6250	0.00501956
125	6300	0.00439716
126	6350	0.00227562
127	6400	0.00211756
128	6450	0.00211756
129	6500	0.00211756
130	6550	0.00211756
131	6600	0.00211756
132	6650	0.00153005
133	6700	0.00153005
134	6750	0.00126489
135	6800	0.0010845
136	6850	0.000792735
137	6900	0.000792735
138	6950	0.000792735
139	7000	0.000792735
140	7050	0.000792735
141	7100	0.000792735
142	7150	0.000792735
143	7200	0.000792735
144	7250	0.000792735
145	7300	0.000654544
146	7350	0.000647952
147	7400	0.000557655
148	7450	0.000557655
149	7500	0.000557655
150	7550	0.000557655
151	7600	0.000557655
152	7650	0.000549797
153	7700	0.000549797
154	7750	0.000131691
155	7800	0.000131691
156	7850	0.000131691
157	7900	0.000131691
158	7950	0.000131691
159	8000	0.000114855
160	8050	0.000114855
161	8100	0.000114855
162	8150	0.000114855
163	8200	0.000114855
164	8250	0.000114855
165	8300	0.000114855
166	8350	0.000114855
167	8400	7.2641e-005
168	8450	5.8096e-005
169	8500	5.8096e-005
170	8550	5.25025e-005
171	8600	5.25025e-005
172	8650	5.25025e-005
173	8700	4.88717e-005
174	8750	4.88717e-005
175	8800	4.56151e-005
176	8850	4.56151e-005
177	8900	4.2881e-005
178	8950	4.2051e-005
179	9000	3.2679e-005
180	9050	1.87943e-005
181	9100	1.87943e-005
182	9150	1.87943e-005
183	9200	1.50005e-005
184	9250	1.41499e-005
185	9300	1.41499e-005
186	9350	7.5264e-006
187	9400	7.5264e-006
188	9450	7.5264e-006
189	9500	7.5264e-006
190	9550	7.5264e-006
191	9600	7.5264e-006
192	9650	7.5264e-006
193	9700	7.5264e-006
194	9750	2.99998e-006
195	9800	2.99998e-006
196	9850	2.99998e-006
197	9900	2.99862e-006
198	9950	2.99862e-006
199	10000	2.44038e-006
200	10050	2.42704e-006
201	10100	2.42704e-006
202	10150	2.14762e-006
203	10200	1.90233e-006
204	10250	1.90233e-006
205	10300	1.90233e-006
206	10350	1.69267e-006
207	10400	1.69267e-006
208	10450	1.58997e-006
209	10500	1.58997e-006
210	10550	1.45403e-006
211	10600	1.45403e-006
212	10650	1.45403e-006
213	10700	1.45403e-006
214	10750	9.45794e-007
215	10800	9.3951e-007
216	10850	9.3951e-007
217	10900	9.3951e-007
218	10950	7.94536e-007
219	11000	7.83846e-007
220	11050	7.00494e-007
221	11100	5.35608e-007
222	11150	5.35608e-007
223	11200	5.35608e-007
224	11250	3.01543e-007
225	11300	3.01543e-007
226	11350	2.80145e-007
227	11400	2.80145e-007
228	11450	2.80145e-007
229	11500	2.42389e-007
230	11550	2.42389e-007
231	11600	2.42389e-007
232	11650	2.42389e-007
233	11700	2.37948e-007
234	11750	1.72705e-007
235	11800	1.13642e-007
236	11850	1.13642e-007
237	11900	1.13642e-007
238	11950	1.13642e-007
239	12000	1.13642e-007
240	12050	1.13642e-007
241	12100	1.13642e-007
242	12150	6.54549e-008
243	12200	6.54549e-008
244	12250	6.54549e-008
245	12300	6.54549e-008
246	12350	6.54549e-008
247	12400	6.19515e-008
248	12450	6.19515e-008
249	12500	3.21752e-008
250	12550	2.20575e-008
251	12600	2.20575e-008
252	12650	2.20575e-008
253	12700	1.86739e-008
254	12750	1.86739e-008
255	12800	1.86739e-008
256	12850	1.86739e-008
257	12900	1.86739e-008
258	12950	6.83587e-009
259	13000	6.83587e-009
260	13050	6.47522e-009
261	13100	6.47522e-009
262	13150	5.26748e-009
263	13200	5.26748e-009
264	13250	5.26748e-009
265	13300	5.26748e-009
266	13350	5.26748e-009
267	13400	5.26748e-009
268	13450	5.26748e-009
269	13500	5.26748e-009
270	13550	5.26748e-009
271	13600	4.87453e-009
272	13650	3.01901e-009
273	13700	2.21166e-009
274	13750	1.75468e-009
275	13800	1.75468e-009
276	13850	1.05316e-009
277	13900	1.05316e-009
278	13950	1.05316e-009
279	14000	1.05316e-009
280	14050	1.05316e-009
281	14100	1.02464e-009
282	14150	1.02464e-009
283	14200	1.02464e-009
284	14250	1.02464e-009
285	14300	1.02464e-009
286	14350	7.65927e-010
287	14400	6.86399e-010
288	14450	6.86399e-010
289	14500	6.86399e-010
290	14550	6.86399e-010
291	14600	6.86399e-010
292	14650	6.86399e-010
293	14700	3.41785e-010
294	14750	3.41785e-010
295	14800	3.41785e-010
296	14850	3.41785e-010
297	14900	3.41785e-010
298	14950	3.19019e-010
299	15000	3.19019e-010
300	15050	2.50831e-010
301	15100	2.43458e-010
302	15150	2.43458e-010
303	15200	2.43458e-010
304	15250	2.2321e-010
305	15300	1.99981e-010
306	15350	9.28079e-011
307	15400	9.28079e-011
308	15450	9.28079e-011
309	15500	9.28079e-011
310	15550	9.28079e-011
311	15600	9.28079e-011
312	15650	9.28079e-011
313	15700	9.28079e-011
314	15750	6.16596e-011
315	15800	6.16596e-011
316	15850	5.2617e-011
317	15900	5.09651e-011
318	15950	5.09651e-011
319	16000	5.09651e-011
320	16050	4.69611e-011
321	16100	3.20418e-011
322	16150	2.55577e-011
323	16200	8.43779e-012
324	16250	8.43779e-012
325	16300	8.43779e-012
326	16350	5.47158e-012
327	16400	5.32069e-012
328	16450	5.32069e-012
329	16500	5.32069e-012
330	16550	5.32069e-012
331	16600	5.32069e-012
332	16650	5.32069e-012
333	16700	5.32069e-012
334	16750	5.32069e-012
335	16800	5.32069e-012
336	16850	5.32069e-012
337	16900	5.32069e-012
338	16950	5.32069e-012
339	17000	5.32069e-012
340	17050	3.21346e-012
341	17100	3.21333e-012
342	17150	3.21333e-012
343	17200	3.21333e-012
344	17250	3.21333e-012
345	17300	2.51105e-012
346	17350	2.43746e-012
347	17400	2.10625e-012
348	17450	2.10625e-012
349	17500	2.10625e-012
350	17550	1.84631e-012
351	17600	1.84631e-012
352	17650	1.84631e-012
353	17700	1.71616e-012
354	17750	1.71616e-012
355	17800	1.71616e-012
356	17850	1.26712e-012
357	17900	1.13636e-012
358	17950	5.78253e-013
359	18000	5.78253e-013
360	18050	5.78253e-013
361	18100	5.08964e-013
362	18150	4.98915e-013
363	18200	4.98915e-013
364	18250	4.44044e-013
365	18300	3.99295e-013
366	18350	3.99295e-013
367	18400	3.99295e-013
368	18450	2.33299e-013
369	18500	2.33299e-013
370	18550	2.33299e-013
371	18600	2.33299e-013
372	18650	2.33299e-013
373	18700	1.94445e-013
374	18750	1.77291e-013
375	18800	1.31445e-013
376	18850	1.08535e-013
377	18900	1.08535e-013
378	18950	1.08535e-013
379	19000	1.08535e-013
380	19050	1.08535e-013
381	19100	9.90946e-014
382	19150	9.78874e-014
383	19200	8.93671e-014
384	19250	8.93671e-014
385	19300	4.15806e-014
386	19350	4.15806e-014
387	19400	4.12296e-014
388	19450	2.59288e-014
389	19500	2.59288e-014
390	19550	2.59288e-014
391	19600	2.59288e-014
392	19650	2.59288e-014
393	19700	2.59288e-014
394	19750	2.09188e-014
395	19800	2.09188e-014
396	19850	2.09188e-014
397	19900	2.09188e-014
398	19950	2.09188e-014
399	20000	2.09188e-014
400	20050	2.09188e-014
401	20100	1.37094e-014
402	20150	9.19566e-015
403	20200	8.84526e-015
404	20250	8.84526e-015
405	20300	8.84526e-015
406	20350	8.43843e-015
407	20400	7.49676e-015
408	20450	7.15927e-015
409	20500	6.95365e-015
410	20550	6.95365e-015
411	20600	4.79635e-015
412	20650	4.79635e-015
413	20700	3.89797e-015
414	20750	3.89797e-015
415	20800	3.89797e-015
416	20850	3.65954e-015
417	20900	3.65954e-015
418	20950	3.59734e-015
419	21000	3.23988e-015
420	21050	2.76189e-015
421	21100	1.29519e-015
422	21150	1.29519e-015
423	21200	1.29519e-015
424	21250	1.29519e-015
425	21300	1.13634e-015
426	21350	1.13634e-015
427	21400	1.05058e-015
428	21450	8.56275e-016
429	21500	7.49545e-016
430	21550	5.55338e-016
431	21600	5.55338e-016
432	21650	5.55338e-016
433	21700	5.55338e-016
434	21750	5.55338e-016
435	21800	3.63592e-016
436	21850	3.63592e-016
437	21900	3.63592e-016
438	21950	3.63592e-016
439	22000	3.63592e-016
440	22050	3.63592e-016
441	22100	3.63592e-016
442	22150	3.59774e-016
443	22200	3.59774e-016
444	22250	3.46194e-016
445	22300	1.2146e-016
446	22350	1.2146e-016
447	22400	1.2146e-016
448	22450	1.2146e-016
449	22500	1.2146e-016
450	22550	1.2146e-016
451	22600	4.58658e-017
452	22650	4.58658e-017
453	22700	4.58658e-017
454	22750	4.58658e-017
455	22800	4.58658e-017
456	22850	3.30697e-017
457	22900	2.66732e-017
458	22950	2.66732e-017
459	23000	2.66732e-017
460	23050	2.66732e-017
461	23100	2.66732e-017
462	23150	2.66732e-017
463	23200	2.66732e-017
464	23250	2.66732e-017
465	23300	2.62414e-017
466	23350	2.62414e-017
467	23400	2.41075e-017
468	23450	2.41075e-017
469	23500	2.34731e-017
470	23550	2.34731e-017
471	23600	2.34731e-017
472	23650	2.34731e-017
473	23700	1.23041e-017
474	23750	1.23041e-017
475	23800	1.10008e-017
476	23850	1.07982e-017
477	23900	9.61261e-018
478	23950	9.61261e-018
479	24000	9.61261e-018
480	24050	4.33155e-018
481	24100	4.33155e-018
482	24150	4.33155e-018
483	24200	4.33155e-018
484	24250	3.69205e-018
485	24300	3.66084e-018
486	24350	2.02226e-018
487	24400	2.01849e-018
488	24450	2.01849e-018
489	24500	2.01849e-018
490	24550	2.01849e-018
491	24600	2.01849e-018
492	24650	2.01849e-018
493	24700	2.01849e-018
494	24750	2.01849e-018
495	24800	1.49144e-018
496	24850	1.49144e-018
497	24900	1.49144e-018
498	24950	9.40581e-019
499	25000	9.40581e-019
500	25050	9.40581e-019
501	25100	9.40581e-019
502	25150	1.52689e-019
503	25200	1.52689e-019
504	25250	1.52689e-019
505	25300	1.52689e-019
506	25350	1.52689e-019
507	25400	1.52689e-019
508	25450	1.52689e-019
509	25500	1.52689e-019
510	25550	1.49541e-019
511	25600	1.49541e-019
512	25650	1.34293e-019
513	25700	1.29405e-019
514	25750	1.29405e-019
515	25800	1.29405e-019
516	25850	1.29405e-019
517	25900	1.29405e-019
518	25950	1.29405e-019
519	26000	6.32148e-020
520	26050	6.32148e-020
521	26100	6.32148e-020
522	26150	6.32148e-020
523	26200	6.32148e-020
524	26250	6.32148e-020
525	26300	6.32148e-020
526	26350	6.32148e-020
527	26400	6.32148e-020
528	26450	6.32148e-020
529	26500	6.32148e-020
530	26550	4.39127e-020
531	26600	4.39127e-020
532	26650	3.63554e-020
533	26700	3.63554e-020
534	26750	3.63554e-020
535	26800	3.63554e-020
536	26850	3.63554e-020
537	26900	3.63554e-020
538	26950	2.24002e-020
539	27000	2.24002e-020
540	27050	2.24002e-020
541	27100	2.24002e-020
542	27150	1.89148e-020
543	27200	1.89148e-020
544	27250	1.39145e-020
545	27300	1.39145e-020
546	27350	1.39145e-020
547	27400	1.39145e-020
548	27450	1.12568e-020
549	27500	1.12568e-020
550	27550	1.12568e-020
551	27600	4.94692e-021
552	27650	4.94692e-021
553	27700	4.94692e-021
554	27750	4.80693e-021
555	27800	4.75935e-021
556	27850	4.75935e-021
557	27900	4.75935e-021
558	27950	3.60135e-021
559	28000	3.60135e-021
560	28050	3.60135e-021
561	28100	3.60135e-021
562	28150	3.60135e-021
563	28200	3.53042e-021
564	28250	3.53042e-021
565	28300	3.07066e-021
566	28350	3.07066e-021
567	28400	3.07066e-021
568	28450	2.93708e-021
569	28500	2.05557e-021
570	28550	2.05557e-021
571	28600	2.0444e-021
572	28650	1.30266e-021
573	28700	1.07017e-021
574	28750	1.07017e-021
575	28800	1.07017e-021
576	28850	4.91095e-022
577	28900	4.79531e-022
578	28950	4.79531e-022
579	29000	4.79531e-022
580	29050	4.79531e-022
581	29100	4.79531e-022
582	29150	4.79531e-022
583	29200	4.79531e-022
584	29250	3.31106e-022
585	29300	3.31106e-022
586	29350	3.31106e-022
587	29400	2.96653e-022
588	29450	2.96653e-022
589	29500	2.96653e-022
590	29550	2.90648e-022
591	29600	2.37058e-022
592	29650	2.37058e-022
593	29700	2.37058e-022
594	29750	1.95069e-022
595	29800	1.04998e-022
596	29850	1.04998e-022
597	29900	1.04937e-022
598	29950	8.19908e-023
599	30000	7.23008e-023
600	30050	7.23008e-023
601	30100	6.27877e-023
602	30150	6.27877e-023
603	30200	4.25333e-023
604	30250	2.1156e-023
605	30300	1.97721e-023
606	30350	1.03012e-023
607	30400	1.00311e-023
608	30450	1.00311e-023
609	30500	8.7212e-024
610	30550	8.7212e-024
611	30600	8.7212e-024
612	30650	8.7212e-024
613	30700	8.7212e-024
614	30750	8.7212e-024
615	30800	8.7212e-024
616	30850	8.7212e-024
617	30900	8.7212e-024
618	30950	8.7212e-024
619	31000	8.7212e-024
620	31050	6.02613e-024
621	31100	6.02613e-024
622	31150	6.02613e-024
623	31200	6.02613e-024
624	31250	6.02613e-024
625	31300	2.93091e-024
626	31350	2.93091e-024
627	31400	2.93091e-024
628	31450	2.93091e-024
629	31500	2.93091e-024
630	31550	2.93091e-024
631	31600	2.93091e-024
632	31650	2.93091e-024
633	31700	2.79422e-024
634	31750	2.79422e-024
635	31800	1.39404e-024
636	31850	1.39404e-024
637	31900	1.39404e-024
638	31950	1.39404e-024
639	32000	1.06253e-024
640	32050	9.92526e-025
641	32100	9.92526e-025
642	32150	9.92526e-025
643	32200	9.92526e-025
644	32250	9.92526e-025
645	32300	9.92526e-025
646	32350	5.6626e-025
647	32400	5.6626e-025
648	32450	5.29824e-025
649	32500	5.29824e-025
650	32550	4.09756e-025
651	32600	4.07524e-025
652	32650	3.20729e-025
653	32700	3.20729e-025
654	32750	3.0676e-025
655	32800	3.0676e-025
656	32850	2.9243e-025
657	32900	2.29209e-025
658	32950	2.29209e-025
659	33000	1.71428e-025
660	33050	1.71428e-025
661	33100	1.59003e-025
662	33150	1.59003e-025
663	33200	1.59003e-025
664	33250	1.59003e-025
665	33300	1.23307e-025
666	33350	1.06324e-025
667	33400	1.06324e-025
668	33450	9.26566e-026
669	33500	9.26566e-026
670	33550	9.26566e-026
671	33600	9.26566e-026
672	33650	8.46331e-026
673	33700	6.15184e-026
674	33750	5.45323e-026
675	33800	5.33373e-026
676	33850	3.98081e-026
677	33900	2.0335e-026
678	33950	2.0335e-026
679	34000	2.0335e-026
680	34050	1.56065e-026
681	34100	1.56065e-026
682	34150	1.56065e-026
683	34200	1.45134e-026
684	34250	1.45134e-026
685	34300	1.45134e-026
686	34350	1.45134e-026
687	34400	1.45134e-026
688	34450	1.45134e-026
689	34500	1.45134e-026
690	34550	1.27172e-026
691	34600	1.24581e-026
692	34650	9.9564e-027
693	34700	9.9564e-027
694	34750	8.32035e-027
695	34800	5.91291e-027
696	34850	4.8418e-027
697	34900	4.48777e-027
698	34950	4.48777e-027
699	35000	2.53853e-027
700	35050	2.53853e-027
701	35100	2.12092e-027
702	35150	2.12092e-027
703	35200	2.12092e-027
704	35250	2.12092e-027
705	35300	2.12092e-027
706	35350	2.03106e-027
707	35400	1.76854e-027
708	35450	1.76854e-027
709	35500	1.76854e-027
710	35550	1.41767e-027
711	35600	1.37547e-027
712	35650	1.37547e-027
713	35700	1.11562e-027
714	35750	9.28409e-028
715	35800	9.04549e-028
716	35850	9.04549e-028
717	35900	8.50362e-028
718	35950	4.42554e-028
719	36000	4.42554e-028
720	36050	3.75968e-028
721	36100	3.75679e-028
722	36150	3.75679e-028
723	36200	3.75679e-028
724	36250	3.75679e-028
725	36300	3.75679e-028
726	36350	2.57269e-028
727	36400	8.34278e-029
728	36450	8.34278e-029
729	36500	8.34278e-029
730	36550	8.04774e-029
731	36600	8.04774e-029
732	36650	8.04774e-029
733	36700	8.04774e-029
734	36750	8.04774e-029
735	36800	5.38336e-029
736	36850	5.38336e-029
737	36900	5.38336e-029
738	36950	5.38336e-029
739	37000	5.38336e-029
740	37050	5.23189e-029
741	37100	5.23189e-029
742	37150	5.23189e-029
743	37200	5.23189e-029
744	37250	5.23189e-029
745	37300	5.23189e-029
746	37350	4.52485e-029
747	37400	2.83812e-029
748	37450	2.83812e-029
749	37500	2.48756e-029
750	37550	2.04485e-029
751	37600	2.04485e-029
752	37650	1.94012e-029
753	37700	1.94012e-029
754	37750	1.94012e-029
755	37800	1.94012e-029
756	37850	1.89645e-029
757	37900	1.89645e-029
758	37950	1.89645e-029
759	38000	1.08788e-029
760	38050	1.08788e-029
761	38100	1.06623e-029
762	38150	1.06623e-029
763	38200	8.77326e-030
764	38250	8.77326e-030
765	38300	5.91747e-030
766	38350	5.54435e-030
767	38400	4.54383e-030
768	38450	3.9361e-030
769	38500	3.9361e-030
770	38550	3.9361e-030
771	38600	2.72563e-030
772	38650	2.39624e-030
773	38700	2.39624e-030
774	38750	2.39624e-030
775	38800	2.39624e-030
776	38850	2.39624e-030
777	38900	2.39624e-030
778	38950	2.39624e-030
779	39000	1.86875e-030
780	39050	1.86875e-030
781	39100	9.52598e-031
782	39150	9.52598e-031
783	39200	9.37192e-031
784	39250	6.65024e-031
785	39300	4.2453e-031
786	39350	4.2453e-031
787	39400	4.2453e-031
788	39450	2.14308e-031
789	39500	2.14308e-031
790	39550	2.14308e-031
791	39600	2.14308e-031
792	39650	2.14308e-031
793	39700	2.14308e-031
794	39750	2.14308e-031
795	39800	1.36519e-031
796	39850	1.36519e-031
797	39900	1.36519e-031
798	39950	1.36519e-031
799	40000	1.31095e-031
800	40050	1.31095e-031
801	40100	1.31095e-031
802	40150	1.20124e-031
803	40200	8.92355e-032
804	40250	8.87721e-032
805	40300	8.87721e-032
806	40350	8.87721e-032
807	40400	8.87721e-032
808	40450	8.62219e-032
809	40500	7.9974e-032
810	40550	6.66516e-032
811	40600	5.77171e-032
812	40650	3.83166e-032
813	40700	2.61108e-032
814	40750	2.61108e-032
815	40800	2.61108e-032
816	40850	2.61108e-032
817	40900	2.35169e-032
818	40950	2.35169e-032
819	41000	2.35169e-032
820	41050	2.31546e-032
821	41100	2.31546e-032
822	41150	1.35411e-032
823	41200	1.35411e-032
824	41250	1.35411e-032
825	41300	1.35411e-032
826	41350	1.34954e-032
827	41400	1.34954e-032
828	41450	5.56522e-033
829	41500	5.56522e-033
830	41550	5.56522e-033
831	41600	3.63851e-033
832	41650	3.63851e-033
833	41700	3.63851e-033
834	41750	3.63851e-033
835	41800	3.63851e-033
836	41850	2.71215e-033
837	41900	2.25884e-033
838	41950	2.25884e-033
839	42000	2.25884e-033
840	42050	2.25884e-033
841	42100	2.25884e-033
842	42150	2.25884e-033
843	42200	1.85976e-033
844	42250	1.85164e-033
845	42300	1.61233e-033
846	42350	1.61233e-033
847	42400	1.61233e-033
848	42450	1.61233e-033
849	42500	1.53195e-033
850	42550	1.53195e-033
851	42600	1.37254e-033
852	42650	1.37254e-033
853	42700	6.70536e-034
854	42750	5.48845e-034
855	42800	5.48845e-034
856	42850	5.48845e-034
857	42900	5.48845e-034
858	42950	5.48845e-034
859	43000	5.48845e-034
860	43050	5.48845e-034
861	43100	2.06254e-034
862	43150	2.06254e-034
863	43200	2.06254e-034
864	43250	2.06254e-034
865	43300	2.06254e-034
866	43350	2.06254e-034
867	43400	2.06254e-034
868	43450	2.06254e-034
869	43500	2.06254e-034
870	43550	2.06254e-034
871	43600	2.06254e-034
872	43650	1.28238e-034
873	43700	1.28238e-034
874	43750	1.28238e-034
875	43800	1.28238e-034
876	43850	1.03816e-034
877	43900	1.03816e-034
878	43950	1.03816e-034
879	44000	1.03816e-034
880	44050	9.8485e-035
881	44100	7.57754e-035
882	44150	7.56595e-035
883	44200	7.05504e-035
884	44250	7.05504e-035
885	44300	6.68666e-035
886	44350	3.21564e-035
887	44400	3.21564e-035
888	44450	3.21564e-035
889	44500	2.50959e-035
890	44550	2.50959e-035
891	44600	2.50959e-035
892	44650	2.50959e-035
893	44700	2.50959e-035
894	44750	1.49371e-035
895	44800	1.49371e-035
896	44850	1.49371e-035
897	44900	1.42111e-035
898	44950	1.42111e-035
899	45000	1.20958e-035
900	45050	1.20958e-035
901	45100	1.20958e-035
902	45150	1.20958e-035
903	45200	1.07022e-035
904	45250	1.07022e-035
905	45300	1.07022e-035
906	45350	1.07022e-035
907	45400	5.10816e-036
908	45450	5.10467e-036
909	45500	4.60859e-036
910	45550	4.60859e-036
911	45600	3.36043e-036
912	45650	3.36043e-036
913	45700	2.97465e-036
914	45750	2.97465e-036
915	45800	2.97092e-036
916	45850	2.97092e-036
917	45900	2.97092e-036
918	45950	2.91061e-036
919	46000	1.85952e-036
920	46050	1.85952e-036
921	46100	7.19129e-037
922	46150	6.84332e-037
923	46200	4.18952e-037
924	46250	3.78267e-037
925	46300	3.78267e-037
926	46350	3.78267e-037
927	46400	3.59952e-037
928	46450	3.59952e-037
929	46500	3.59952e-037
930	46550	3.59952e-037
931	46600	3.59952e-037
932	46650	3.59952e-037
933	46700	3.59952e-037
934	46750	3.59952e-037
935	46800	3.59952e-037
936	46850	3.59952e-037
937	46900	3.20193e-037
938	46950	2.97123e-037
939	47000	2.60734e-037
940	47050	2.60734e-037
941	47100	2.50339e-037
942	47150	2.12064e-037
943	47200	1.76252e-037
944	47250	1.09649e-037
945	47300	1.09649e-037
946	47350	1.09649e-037
947	47400	1.09649e-037
948	47450	5.65318e-038
949	47500	5.65318e-038
950	47550	5.65318e-038
951	47600	5.65318e-038
952	47650	5.65318e-038
953	47700	5.37115e-038
954	47750	5.37115e-038
955	47800	5.37115e-038
956	47850	5.37115e-038
957	47900	4.61856e-038
958	47950	4.61856e-038
959	48000	4.3475e-038
960	48050	4.00473e-038
961	48100	3.45445e-038
962	48150	3.25857e-038
963	48200	3.15809e-038
964	48250	1.79568e-038
965	48300	1.79568e-038
966	48350	1.7093e-038
967	48400	1.7093e-038
968	48450	1.64868e-038
969	48500	1.43468e-038
970	48550	1.3077e-038
971	48600	1.3077e-038
972	48650	1.3077e-038
973	48700	1.28546e-038
974	48750	1.27424e-038
975	48800	1.27424e-038
976	48850	1.25154e-038
977	48900	1.25055e-038
978	48950	1.18077e-038
979	49000	1.00245e-038
980	49050	5.30651e-039
981	49100	5.30651e-039
982	49150	3.79912e-039
983	49200	3.79912e-039
984	49250	3.74511e-039
985	49300	3.74511e-039
986	49350	3.74511e-039
987	49400	3.26824e-039
988	49450	3.26824e-039
989	49500	1.62822e-039
990	49550	1.62822e-039
991	49600	1.59385e-039
992	49650	1.59385e-039
993	49700	1.40279e-039
994	49750	1.40279e-039
995	49800	1.40279e-039
996	49850	1.40279e-039
997	49900	1.13151e-039
998	49950	9.75882e-040
999	50000	9.52855e-040
1000	50050	8.3691e-040
1001	50100	5.06631e-040
1002	50150	5.06631e-040
1003	50200	2.35843e-040
1004	50250	2.35843e-040
1005	50300	2.29921e-040
1006	50350	2.29921e-040
1007	50400	2.29921e-040
1008	50450	2.29921e-040
1009	50500	2.29921e-040
1010	50550	2.29921e-040
1011	50600	1.99452e-040
1012	50650	1.97727e-040
1013	50700	1.31773e-040
1014	50750	1.31773e-040
1015	50800	1.31773e-040
1016	50850	8.70742e-041
1017	50900	8.70742e-041
1018	50950	8.45879e-041
1019	51000	5.15519e-041
1020	51050	5.15519e-041
1021	51100	5.15519e-041
1022	51150	5.15519e-041
1023	51200	5.15519e-041
1024	51250	5.15519e-041
1025	51300	5.15519e-041
1026	51350	5.15519e-041
1027	51400	5.15519e-041
1028	51450	5.15519e-041
1029	51500	5.15519e-041
1030	51550	4.93246e-041
1031	51600	4.93246e-041
1032	51650	4.49253e-041
1033	51700	3.06626e-041
1034	51750	1.34252e-041
1035	51800	1.34252e-041
1036	51850	1.34252e-041
1037	51900	1.34252e-041
1038	51950	1.34252e-041
1039	52000	1.34252e-041
1040	52050	7.06256e-042
1041	52100	7.06256e-042
1042	52150	7.06256e-042
1043	52200	7.06256e-042
1044	52250	6.8023e-042
1045	52300	5.21259e-042
1046	52350	5.21259e-042
1047	52400	4.42689e-042
1048	52450	4.42689e-042
1049	52500	4.42689e-042
1050	52550	2.99383e-042
1051	52600	2.99383e-042
1052	52650	2.99383e-042
1053	52700	2.99383e-042
1054	52750	2.99383e-042
1055	52800	2.99383e-042
1056	52850	1.27051e-042
1057	52900	1.27051e-042
1058	52950	1.27051e-042
1059	53000	1.27051e-042
1060	53050	1.27051e-042
1061	53100	1.26957e-042
1062	53150	1.26957e-042
1063	53200	1.19375e-042
1064	53250	1.19375e-042
1065	53300	7.0593e-043
1066	53350	7.0593e-043
1067	53400	6.17592e-043
1068	53450	5.69843e-043
1069	53500	5.69843e-043
1070	53550	5.67547e-043
1071	53600	5.04747e-043
1072	53650	3.52792e-043
1073	53700	3.52792e-043
1074	53750	3.52792e-043
1075	53800	3.48702e-043
1076	53850	3.48702e-043
1077	53900	3.26065e-043
1078	53950	3.1879e-043
1079	54000	2.92744e-043
1080	54050	2.39673e-043
1081	54100	2.39673e-043
1082	54150	1.89524e-043
1083	54200	1.74367e-043
1084	54250	1.74367e-043
1085	54300	1.74367e-043
1086	54350	1.43907e-043
1087	54400	1.43907e-043
1088	54450	1.43393e-043
1089	54500	7.62183e-044
1090	54550	7.62183e-044
1091	54600	7.62183e-044
1092	54650	7.3348e-044
1093	54700	7.3348e-044
1094	54750	7.3348e-044
1095	54800	6.19567e-044
1096	54850	6.19567e-044
1097	54900	5.73399e-044
1098	54950	2.83834e-044
1099	55000	2.83834e-044
1100	55050	2.83834e-044
1101	55100	1.54032e-044
1102	55150	1.54032e-044
1103	55200	1.54032e-044
1104	55250	1.18736e-044
1105	55300	1.18736e-044
1106	55350	9.72908e-045
1107	55400	9.72908e-045
1108	55450	9.72908e-045
1109	55500	9.72908e-045
1110	55550	9.72908e-045
1111	55600	9.72908e-045
1112	55650	9.72908e-045
1113	55700	9.09881e-045
1114	55750	6.4821e-045
1115	55800	6.4821e-045
1116	55850	6.4821e-045
1117	55900	6.15053e-045
1118	55950	6.15053e-045
1119	56000	6.15053e-045
1120	56050	6.15053e-045
1121	56100	6.15053e-045
1122	56150	6.15053e-045
1123	56200	6.15053e-045
1124	56250	1.48462e-045
1125	56300	1.48462e-045
1126	56350	1.48462e-045
1127	56400	1.45778e-045
1128	56450	1.45778e-045
1129	56500	1.45778e-045
1130	56550	1.45778e-045
1131	56600	1.42826e-045
1132	56650	1.42826e-045
1133	56700	1.42826e-045
1134	56750	1.42826e-045
1135	56800	8.92363e-046
1136	56850	6.3787e-046
1137	56900	6.3787e-046
1138	56950	6.3787e-046
1139	57000	6.11475e-046
1140	57050	6.11475e-046
1141	57100	6.11475e-046
1142	57150	3.96281e-046
1143	57200	3.96281e-046
1144	57250	2.73053e-046
1145	57300	2.73053e-046
1146	57350	2.73053e-046
1147	57400	2.73053e-046
1148	57450	2.72593e-046
1149	57500	2.72593e-046
1150	57550	1.72418e-046
1151	57600	1.72418e-046
1152	57650	1.72418e-046
1153	57700	1.45527e-046
1154	57750	1.07497e-046
1155	57800	1.07497e-046
1156	57850	9.52796e-047
1157	57900	6.75949e-047
1158	57950	6.75949e-047
1159	58000	4.73913e-047
1160	58050	4.73913e-047
1161	58100	4.73913e-047
1162	58150	4.73913e-047
1163	58200	4.73913e-047
1164	58250	4.73913e-047
1165	58300	4.73913e-047
1166	58350	4.52558e-047
1167	58400	4.30333e-047
1168	58450	4.3016e-047
1169	58500	2.75025e-047
1170	58550	2.75025e-047
1171	58600	2.36823e-047
1172	58650	2.05413e-047
1173	58700	2.05413e-047
1174	58750	1.68291e-047
1175	58800	1.68291e-047
1176	58850	1.06214e-047
1177	58900	1.06214e-047
1178	58950	5.81991e-048
1179	59000	5.81991e-048
1180	59050	5.81991e-048
1181	59100	5.81991e-048
1182	59150	5.81991e-048
1183	59200	5.21051e-048
1184	59250	5.21051e-048
1185	59300	2.83922e-048
1186	59350	2.83922e-048
1187	59400	2.83922e-048
1188	59450	2.83922e-048
1189	59500	2.83922e-048
1190	59550	2.83922e-048
1191	59600	2.30144e-048
1192	59650	1.5192e-048
1193	59700	1.5192e-048
1194	59750	1.21306e-048
1195	59800	1.21306e-048
1196	59850	1.21306e-048
1197	59900	1.21306e-048
1198	59950	1.21306e-048
1199	60000	1.21306e-048
1200	60050	1.21306e-048
1201	60100	1.21306e-048
1202	60150	9.75798e-049
1203	60200	9.75798e-049
1204	60250	9.75798e-049
1205	60300	6.94155e-049
1206	60350	6.94155e-049
1207	60400	2.62113e-049
1208	60450	2.16621e-049
1209	60500	1.38143e-049
1210	60550	1.38143e-049
1211	60600	1.38143e-049
1212	60650	1.38143e-049
1213	60700	1.38143e-049
1214	60750	1.28802e-049
1215	60800	1.28802e-049
1216	60850	1.28802e-049
1217	60900	1.28802e-049
1218	60950	1.09127e-049
1219	61000	1.09127e-049
1220	61050	1.09127e-049
1221	61100	1.09127e-049
1222	61150	1.09127e-049
1223	61200	9.01621e-050
1224	61250	9.01621e-050
1225	61300	7.61957e-050
1226	61350	7.61957e-050
1227	61400	4.76884e-050
1228	61450	2.9907e-050
1229	61500	2.9907e-050
1230	61550	2.9907e-050
1231	61600	2.9907e-050
1232	61650	2.9907e-050
1233	61700	2.79888e-050
1234	61750	2.73697e-050
1235	61800	2.73697e-050
1236	61850	2.26352e-050
1237	61900	2.26352e-050
1238	61950	1.95627e-050
1239	62000	1.69377e-050
1240	62050	1.69377e-050
1241	62100	1.67206e-050
1242	62150	1.21669e-050
1243	62200	1.1812e-050
1244	62250	7.98921e-051
1245	62300	7.98921e-051
1246	62350	7.75867e-051
1247	62400	7.75867e-051
1248	62450	7.75867e-051
1249	62500	7.75867e-051
1250	62550	7.75867e-051
1251	62600	5.62831e-051
1252	62650	5.62831e-051
1253	62700	5.62831e-051
1254	62750	5.27801e-051
1255	62800	5.27801e-051
1256	62850	5.154e-051
1257	62900	5.154e-051
1258	62950	5.154e-051
1259	63000	4.33959e-051
1260	63050	4.29161e-051
1261	63100	3.30747e-051
1262	63150	3.21739e-051
1263	63200	3.21739e-051
1264	63250	2.49641e-051
1265	63300	2.31182e-051
1266	63350	2.31182e-051
1267	63400	2.31182e-051
1268	63450	1.77683e-051
1269	63500	1.77683e-051
1270	63550	1.77683e-051
1271	63600	1.66422e-051
1272	63650	1.04865e-051
1273	63700	1.04865e-051
1274	63750	1.04865e-051
1275	63800	8.40027e-052
1276	63850	7.37037e-052
1277	63900	3.88656e-052
1278	63950	3.88656e-052
1279	64000	3.86063e-052
1280	64050	3.86063e-052
1281	64100	3.86063e-052
1282	64150	3.86063e-052
1283	64200	3.86063e-052
1284	64250	3.86063e-052
1285	64300	3.86063e-052
1286	64350	2.48952e-052
1287	64400	2.48952e-052
1288	64450	2.48952e-052
1289	64500	2.48952e-052
1290	64550	2.48952e-052
1291	64600	2.48952e-052
1292	64650	1.86107e-052
1293	64700	1.86107e-052
1294	64750	1.33804e-052
1295	64800	1.33804e-052
1296	64850	1.33804e-052
1297	64900	1.01247e-052
1298	64950	1.01247e-052
1299	65000	6.61782e-053
1300	65050	5.25964e-053
1301	65100	5.25964e-053
1302	65150	5.25964e-053
1303	65200	4.94456e-053
1304	65250	4.68528e-053
1305	65300	4.68528e-053
1306	65350	3.99149e-053
1307	65400	3.99149e-053
1308	65450	3.99149e-053
1309	65500	3.99149e-053
1310	65550	3.99149e-053
1311	65600	2.31446e-053
1312	65650	2.31446e-053
1313	65700	2.31446e-053
1314	65750	1.25958e-053
1315	65800	1.25958e-053
1316	65850	1.11701e-053
1317	65900	1.11701e-053
1318	65950	1.11701e-053
1319	66000	6.21646e-054
1320	66050	6.21646e-054
1321	66100	4.91925e-054
1322	66150	4.91925e-054
1323	66200	4.91925e-054
1324	66250	4.91925e-054
1325	66300	4.16562e-054
1326	66350	4.16562e-054
1327	66400	3.64658e-054
1328	66450	3.64658e-054
1329	66500	3.64658e-054
1330	66550	3.31322e-054
1331	66600	2.47836e-054
1332	66650	2.47836e-054
1333	66700	2.47836e-054
1334	66750	2.11611e-054
1335	66800	1.05613e-054
1336	66850	1.05613e-054
1337	66900	1.05613e-054
1338	66950	1.05613e-054
1339	67000	1.05613e-054
1340	67050	1.05613e-054
1341	67100	1.05613e-054
1342	67150	8.00194e-055
1343	67200	8.00194e-055
1344	67250	8.00194e-055
1345	67300	8.00194e-055
1346	67350	6.70697e-055
1347	67400	6.70697e-055
1348	67450	6.70697e-055
1349	67500	6.60173e-055
1350	67550	6.60173e-055
1351	67600	1.39185e-055
1352	67650	1.39185e-055
1353	67700	8.655e-056
1354	67750	8.655e-056
1355	67800	8.655e-056
1356	67850	8.655e-056
1357	67900	8.655e-056
1358	67950	8.655e-056
1359	68000	8.655e-056
1360	68050	8.655e-056
1361	68100	8.655e-056
1362	68150	8.655e-056
1363	68200	8.63925e-056
1364	68250	8.63925e-056
1365	68300	8.63925e-056
1366	68350	8.63925e-056
1367	68400	8.63925e-056
1368	68450	8.63925e-056
1369	68500	7.60874e-056
1370	68550	7.60874e-056
1371	68600	7.60874e-056
1372	68650	7.60874e-056
1373	68700	7.52416e-056
1374	68750	4.6341e-056
1375	68800	4.6341e-056
1376	68850	4.6341e-056
1377	68900	4.59347e-056
1378	68950	3.64241e-056
1379	69000	3.64241e-056
1380	69050	3.64241e-056
1381	69100	2.91696e-056
1382	69150	2.91696e-056
1383	69200	2.91696e-056
1384	69250	2.91696e-056
1385	69300	2.91696e-056
1386	69350	2.56337e-056
1387	69400	5.44598e-057
1388	69450	5.44598e-057
1389	69500	5.44598e-057
1390	69550	5.44598e-057
1391	69600	5.44598e-057
1392	69650	5.44598e-057
1393	69700	5.44598e-057
1394	69750	3.15899e-057
1395	69800	3.15899e-057
1396	69850	3.15899e-057
1397	69900	3.15899e-057
1398	69950	3.15899e-057
1399	70000	3.15899e-057
1400	70050	3.15899e-057
1401	70100	3.15899e-057
1402	70150	3.15899e-057
1403	70200	3.04901e-057
1404	70250	3.04901e-057
1405	70300	3.04901e-057
1406	70350	2.97979e-057
1407	70400	2.01555e-057
1408	70450	1.17857e-057
1409	70500	1.17857e-057
1410	70550	1.17857e-057
1411	70600	1.17857e-057
1412	70650	1.17857e-057
1413	70700	1.17857e-057
1414	70750	1.17857e-057
1415	70800	1.17857e-057
1416	70850	1.17857e-057
1417	70900	7.66977e-058
1418	70950	7.31901e-058
1419	71000	7.31901e-058
1420	71050	7.31901e-058
1421	71100	7.31901e-058
1422	71150	7.31901e-058
1423	71200	6.58522e-058
1424	71250	6.58522e-058
1425	71300	6.58522e-058
1426	71350	5.33426e-058
1427	71400	5.33426e-058
1428	71450	5.33426e-058
1429	71500	5.32953e-058
1430	71550	5.32953e-058
1431	71600	5.32953e-058
1432	71650	3.14423e-058
1433	71700	3.09603e-058
1434	71750	1.54585e-058
1435	71800	1.54585e-058
1436	71850	1.54585e-058
1437	71900	1.27127e-058
1438	71950	1.27127e-058
1439	72000	1.27127e-058
1440	72050	1.27127e-058
1441	72100	1.27127e-058
1442	72150	1.08894e-058
1443	72200	1.08894e-058
1444	72250	1.08894e-058
1445	72300	8.74765e-059
1446	72350	6.05007e-059
1447	72400	6.05007e-059
1448	72450	6.05007e-059
1449	72500	6.05007e-059
1450	72550	4.84132e-059
1451	72600	4.84132e-059
1452	72650	3.95489e-059
1453	72700	3.95489e-059
1454	72750	3.56852e-059
1455	72800	1.90868e-059
1456	72850	1.90868e-059
1457	72900	1.90868e-059
1458	72950	1.67752e-059
1459	73000	1.09619e-059
1460	73050	1.09619e-059
1461	73100	1.09619e-059
1462	73150	1.09619e-059
1463	73200	1.04296e-059
1464	73250	1.0396e-059
1465	73300	7.09677e-060
1466	73350	7.09677e-060
1467	73400	4.67246e-060
1468	73450	4.67246e-060
1469	73500	4.64268e-060
1470	73550	4.64268e-060
1471	73600	4.64268e-060
1472	73650	4.64268e-060
1473	73700	2.93644e-060
1474	73750	2.83072e-060
1475	73800	1.56406e-060
1476	73850	1.56406e-060
1477	73900	1.56406e-060
1478	73950	1.56406e-060
1479	74000	1.56406e-060
1480	74050	1.56406e-060
1481	74100	1.18684e-060
1482	74150	1.18684e-060
1483	74200	1.18684e-060
1484	74250	1.18612e-060
1485	74300	1.18612e-060
1486	74350	9.10196e-061
1487	74400	9.10196e-061
1488	74450	9.10196e-061
1489	74500	6.06267e-061
1490	74550	6.06267e-061
1491	74600	4.7968e-061
1492	74650	4.7968e-061
1493	74700	4.7968e-061
1494	74750	4.7968e-061
1495	74800	4.7968e-061
1496	74850	4.7968e-061
1497	74900	4.7968e-061
1498	74950	4.7968e-061
1499	75000	3.06244e-061
1500	75050	3.06244e-061
1501	75100	2.57053e-061
1502	75150	1.58656e-061
1503	75200	1.58656e-061
1504	75250	1.58656e-061
1505	75300	1.58656e-061
1506	75350	1.58656e-061
1507	75400	1.58656e-061
1508	75450	1.58656e-061
1509	75500	1.51459e-061
1510	75550	1.51459e-061
1511	75600	1.46817e-061
1512	75650	9.48906e-062
1513	75700	9.48906e-062
1514	75750	9.48906e-062
1515	75800	9.48906e-062
1516	75850	5.86209e-062
1517	75900	5.86209e-062
1518	75950	5.07322e-062
1519	76000	5.07322e-062
1520	76050	5.07322e-062
1521	76100	5.07322e-062
1522	76150	5.07322e-062
1523	76200	5.07322e-062
1524	76250	4.38873e-062
1525	76300	3.76006e-062
1526	76350	1.83775e-062
1527	76400	1.83775e-062
1528	76450	1.83775e-062
1529	76500	1.83775e-062
1530	76550	1.83775e-062
1531	76600	1.83775e-062
1532	76650	1.83775e-062
1533	76700	1.192e-062
1534	76750	1.192e-062
1535	76800	1.192e-062
1536	76850	1.192e-062
1537	76900	1.14896e-062
1538	76950	1.14896e-062
1539	77000	1.14896e-062
1540	77050	9.28665e-063
1541	77100	8.63995e-063
1542	77150	8.63995e-063
1543	77200	6.8688e-063
1544	77250	6.51411e-063
1545	77300	6.05017e-063
1546	77350	6.05017e-063
1547	77400	6.05017e-063
1548	77450	5.9134e-063
1549	77500	5.24424e-063
1550	77550	4.76804e-063
1551	77600	3.20236e-063
1552	77650	3.20236e-063
1553	77700	2.75239e-063
1554	77750	2.71272e-063
1555	77800	2.71272e-063
1556	77850	2.71272e-063
1557	77900	2.01176e-063
1558	77950	2.01176e-063
1559	78000	2.01176e-063
1560	78050	1.95668e-063
1561	78100	1.95668e-063
1562	78150	1.41747e-063
1563	78200	1.41747e-063
1564	78250	1.41747e-063
1565	78300	1.05933e-063
1566	78350	1.05933e-063
1567	78400	7.89415e-064
1568	78450	7.66625e-064
1569	78500	7.66625e-064
1570	78550	7.66625e-064
1571	78600	7.66625e-064
1572	78650	7.11632e-064
1573	78700	7.11632e-064
1574	78750	6.12384e-064
1575	78800	4.8752e-064
1576	78850	4.84068e-064
1577	78900	3.52296e-064
1578	78950	3.36039e-064
1579	79000	2.08625e-064
1580	79050	2.08625e-064
1581	79100	2.08625e-064
1582	79150	2.08625e-064
1583	79200	1.99054e-064
1584	79250	1.99054e-064
1585	79300	1.21311e-064
1586	79350	1.13578e-064
1587	79400	1.13578e-064
1588	79450	1.13578e-064
1589	79500	1.13578e-064
1590	79550	1.04283e-064
1591	79600	9.66399e-065
1592	79650	5.55306e-065
1593	79700	5.55306e-065
1594	79750	3.85924e-065
1595	79800	3.85924e-065
1596	79850	3.85924e-065
1597	79900	3.80021e-065
1598	79950	3.80021e-065
1599	80000	3.80021e-065
1600	80050	3.80021e-065
1601	80100	3.80021e-065
1602	80150	3.80021e-065
1603	80200	2.84194e-065
1604	80250	2.00517e-065
1605	80300	1.64151e-065
1606	80350	1.64151e-065
1607	80400	1.58607e-065
1608	80450	1.58607e-065
1609	80500	1.58607e-065
1610	80550	1.58607e-065
1611	80600	9.19506e-066
1612	80650	9.19506e-066
1613	80700	9.19506e-066
1614	80750	9.19506e-066
1615	80800	9.09272e-066
1616	80850	9.04004e-066
1617	80900	9.04004e-066
1618	80950	7.28802e-066
1619	81000	7.23007e-066
1620	81050	7.23007e-066
1621	81100	7.23007e-066
1622	81150	6.19336e-066
1623	81200	5.67375e-066
1624	81250	5.66728e-066
1625	81300	4.8138e-066
1626	81350	3.76715e-066
1627	81400	3.76715e-066
1628	81450	3.76715e-066
1629	81500	3.76715e-066
1630	81550	3.76715e-066
1631	81600	3.76715e-066
1632	81650	2.41471e-066
1633	81700	1.38915e-066
1634	81750	1.38915e-066
1635	81800	1.38915e-066
1636	81850	1.38915e-066
1637	81900	1.38915e-066
1638	81950	1.38915e-066
1639	82000	1.38915e-066
1640	82050	6.88583e-067
1641	82100	6.08675e-067
1642	82150	6.08675e-067
1643	82200	6.08675e-067
1644	82250	6.08675e-067
1645	82300	6.08675e-067
1646	82350	4.90644e-067
1647	82400	4.81765e-067
1648	82450	4.81765e-067
1649	82500	3.051e-067
1650	82550	3.051e-067
1651	82600	3.051e-067
1652	82650	3.051e-067
1653	82700	3.04457e-067
1654	82750	3.04457e-067
1655	82800	3.04457e-067
1656	82850	3.04457e-067
1657	82900	1.90953e-067
1658	82950	1.59988e-067
1659	83000	1.59988e-067
1660	83050	1.59988e-067
1661	83100	1.59988e-067
1662	83150	1.48287e-067
1663	83200	1.07748e-067
1664	83250	7.06937e-068
1665	83300	7.06937e-068
1666	83350	5.70281e-068
1667	83400	3.67471e-068
1668	83450	3.67471e-068
1669	83500	3.4188e-068
1670	83550	3.4188e-068
1671	83600	2.55687e-068
1672	83650	2.55687e-068
1673	83700	2.55687e-068
1674	83750	2.55687e-068
1675	83800	2.55687e-068
1676	83850	2.55687e-068
1677	83900	2.24764e-068
1678	83950	2.24764e-068
1679	84000	1.64992e-068
1680	84050	1.64992e-068
1681	84100	1.64992e-068
1682	84150	1.64992e-068
1683	84200	1.64992e-068
1684	84250	1.6402e-068
1685	84300	1.6402e-068
1686	84350	1.6402e-068
1687	84400	1.6402e-068
1688	84450	1.63832e-068
1689	84500	1.52251e-068
1690	84550	1.16979e-068
1691	84600	1.02088e-068
1692	84650	9.30758e-069
1693	84700	9.30758e-069
1694	84750	4.11811e-069
1695	84800	4.11811e-069
1696	84850	3.16476e-069
1697	84900	2.00785e-069
1698	84950	2.00785e-069
1699	85000	2.00785e-069
1700	85050	1.93449e-069
1701	85100	1.93449e-069
1702	85150	1.93449e-069
1703	85200	1.93449e-069
1704	85250	1.4447e-069
1705	85300	1.4447e-069
1706	85350	1.4447e-069
1707	85400	1.4447e-069
1708	85450	1.4447e-069
1709	85500	1.4447e-069
1710	85550	1.4447e-069
1711	85600	1.4447e-069
1712	85650	1.06118e-069
1713	85700	1.06118e-069
1714	85750	1.06118e-069
1715	85800	1.06118e-069
1716	85850	8.35991e-070
1717	85900	8.07792e-070
1718	85950	7.50131e-070
1719	86000	7.50131e-070
1720	86050	7.0523e-070
1721	86100	5.81834e-070
1722	86150	5.6484e-070
1723	86200	5.08175e-070
1724	86250	1.54932e-070
1725	86300	1.54932e-070
1726	86350	1.54932e-070
1727	86400	1.54932e-070
1728	86450	1.54932e-070
1729	86500	1.53869e-070
1730	86550	1.53869e-070
1731	86600	1.13024e-070
1732	86650	1.13024e-070
1733	86700	1.13024e-070
1734	86750	1.13024e-070
1735	86800	1.13024e-070
1736	86850	7.92928e-071
1737	86900	7.92928e-071
1738	86950	7.61941e-071
1739	87000	7.61941e-071
1740	87050	7.61941e-071
1741	87100	7.33256e-071
1742	87150	5.68664e-071
1743	87200	5.68664e-071
1744	87250	5.68664e-071
1745	87300	5.20929e-071
1746	87350	5.20929e-071
1747	87400	4.95061e-071
1748	87450	3.84653e-071
1749	87500	3.84653e-071
1750	87550	3.76693e-071
1751	87600	3.11376e-071
1752	87650	2.58492e-071
1753	87700	2.58492e-071
1754	87750	2.04582e-071
1755	87800	2.04582e-071
1756	87850	2.04582e-071
1757	87900	1.51908e-071
1758	87950	1.51908e-071
1759	88000	1.51908e-071
1760	88050	1.44464e-071
1761	88100	8.48711e-072
1762	88150	8.48711e-072
1763	88200	8.48711e-072
1764	88250	8.48711e-072
1765	88300	6.75179e-072
1766	88350	6.75179e-072
1767	88400	6.75179e-072
1768	88450	6.75179e-072
1769	88500	6.75179e-072
1770	88550	6.75179e-072
1771	88600	3.17625e-072
1772	88650	2.75096e-072
1773	88700	2.75096e-072
1774	88750	2.75096e-072
1775	88800	2.75096e-072
1776	88850	2.75096e-072
1777	88900	2.51839e-072
1778	88950	2.25963e-072
1779	89000	1.51009e-072
1780	89050	1.37245e-072
1781	89100	1.37245e-072
1782	89150	1.37245e-072
1783	89200	1.37245e-072
1784	89250	1.37245e-072
1785	89300	1.30367e-072
1786	89350	1.13808e-072
1787	89400	9.73119e-073
1788	89450	9.73119e-073
1789	89500	9.73119e-073
1790	89550	9.73119e-073
1791	89600	9.73119e-073
1792	89650	8.49993e-073
1793	89700	6.15695e-073
1794	89750	5.60636e-073
1795	89800	4.83855e-073
1796	89850	4.83855e-073
1797	89900	3.16758e-073
1798	89950	3.16758e-073
1799	90000	3.16758e-073
1800	90050	2.42019e-073
1801	90100	2.42019e-073
1802	90150	2.0671e-073
1803	90200	2.0671e-073
1804	90250	1.62105e-073
1805	90300	1.62105e-073
1806	90350	1.62105e-073
1807	90400	1.62105e-073
1808	90450	1.28154e-073
1809	90500	1.28154e-073
1810	90550	5.10436e-074
1811	90600	5.10436e-074
1812	90650	5.10436e-074
1813	90700	5.10436e-074
1814	90750	4.85869e-074
1815	90800	4.85869e-074
1816	90850	4.85869e-074
1817	90900	4.85869e-074
1818	90950	4.85869e-074
1819	91000	4.85869e-074
1820	91050	4.85869e-074
1821	91100	2.949e-074
1822	91150	2.949e-074
1823	91200	1.01441e-074
1824	91250	1.01441e-074
1825	91300	1.01441e-074
1826	91350	1.01441e-074
1827	91400	1.01441e-074
1828	91450	1.01441e-074
1829	91500	1.01441e-074
1830	91550	1.01441e-074
1831	91600	1.01441e-074
1832	91650	1.01441e-074
1833	91700	9.99994e-075
1834	91750	9.99994e-075
1835	91800	6.91077e-075
1836	91850	6.91077e-075
1837	91900	6.91077e-075
1838	91950	6.86654e-075
1839	92000	6.86654e-075
1840	92050	6.86654e-075
1841	92100	6.86654e-075
1842	92150	4.88163e-075
1843	92200	4.85035e-075
1844	92250	2.75431e-075
1845	92300	2.75431e-075
1846	92350	1.20459e-075
1847	92400	1.20459e-075
1848	92450	1.20459e-075
1849	92500	1.20459e-075
1850	92550	1.20459e-075
1851	92600	1.20459e-075
1852	92650	9.29761e-076
1853	92700	9.29761e-076
1854	92750	9.29761e-076
1855	92800	9.29761e-076
1856	92850	9.29761e-076
1857	92900	9.29761e-076
1858	92950	9.29761e-076
1859	93000	9.29761e-076
1860	93050	9.29761e-076
1861	93100	9.29761e-076
1862	93150	9.29761e-076
1863	93200	9.29761e-076
1864	93250	9.29761e-076
1865	93300	9.29761e-076
1866	93350	3.49769e-076
1867	93400	3.49769e-076
1868	93450	3.49769e-076
1869	93500	3.49769e-076
1870	93550	3.49769e-076
1871	93600	3.49769e-076
1872	93650	3.49769e-076
1873	93700	3.49769e-076
1874	93750	3.49769e-076
1875	93800	3.47627e-076
1876	93850	1.68958e-076
1877	93900	1.68958e-076
1878	93950	1.68958e-076
1879	94000	1.47011e-076
1880	94050	1.33982e-076
1881	94100	1.33982e-076
1882	94150	1.29939e-076
1883	94200	1.29939e-076
1884	94250	1.29939e-076
1885	94300	1.16166e-076
1886	94350	1.02401e-076
1887	94400	1.02401e-076
1888	94450	1.02401e-076
1889	94500	8.46724e-077
1890	94550	7.08642e-077
1891	94600	5.8065e-077
1892	94650	4.87968e-077
1893	94700	4.87968e-077
1894	94750	4.87355e-077
1895	94800	4.87355e-077
1896	94850	3.9126e-077
1897	94900	3.37381e-077
1898	94950	3.37381e-077
1899	95000	3.17974e-077
1900	95050	3.17974e-077
1901	95100	2.50056e-077
1902	95150	1.93853e-077
1903	95200	1.91138e-077
1904	95250	1.90254e-077
1905	95300	1.90254e-077
1906	95350	1.90254e-077
1907	95400	1.90254e-077
1908	95450	1.19369e-077
1909	95500	1.0826e-077
1910	95550	1.0826e-077
1911	95600	1.07276e-077
1912	95650	1.07276e-077
1913	95700	6.82727e-078
1914	95750	6.82727e-078
1915	95800	3.72445e-078
1916	95850	3.72445e-078
1917	95900	3.72445e-078
1918	95950	3.72445e-078
1919	96000	3.72445e-078
1920	96050	3.72445e-078
1921	96100	3.72445e-078
1922	96150	3.72445e-078
1923	96200	3.72445e-078
1924	96250	2.62286e-078
1925	96300	2.06623e-078
1926	96350	2.06623e-078
1927	96400	2.04505e-078
1928	96450	1.54243e-078
1929	96500	1.0085e-078
1930	96550	5.4576e-079
1931	96600	5.4576e-079
1932	96650	5.4576e-079
1933	96700	5.4576e-079
1934	96750	5.4576e-079
1935	96800	5.4576e-079
1936	96850	5.4576e-079
1937	96900	5.4576e-079
1938	96950	5.4576e-079
1939	97000	5.4576e-079
1940	97050	3.72881e-079
1941	97100	3.72792e-079
1942	97150	3.72792e-079
1943	97200	3.72792e-079
1944	97250	3.72792e-079
1945	97300	3.72792e-079
1946	97350	2.86296e-079
1947	97400	1.99243e-079
1948	97450	1.99243e-079
1949	97500	1.99243e-079
1950	97550	1.99243e-079
1951	97600	1.28421e-079
1952	97650	1.11408e-079
1953	97700	9.67074e-080
1954	97750	9.67074e-080
1955	97800	9.67074e-080
1956	97850	7.87608e-080
1957	97900	7.87608e-080
1958	97950	7.87608e-080
1959	98000	7.87608e-080
1960	98050	6.74989e-080
1961	98100	6.74989e-080
1962	98150	5.40485e-080
1963	98200	5.40485e-080
1964	98250	5.40485e-080
1965	98300	3.79718e-080
1966	98350	3.14823e-080
1967	98400	3.14823e-080
1968	98450	3.14823e-080
1969	98500	2.93911e-080
1970	98550	2.93911e-080
1971	98600	2.30675e-080
1972	98650	2.01374e-080
1973	98700	2.01374e-080
1974	98750	1.87352e-080
1975	98800	1.72482e-080
1976	98850	1.0535e-080
1977	98900	1.0535e-080
1978	98950	8.75734e-081
1979	99000	8.75734e-081
1980	99050	8.75734e-081
1981	99100	8.42176e-081
1982	99150	5.81627e-081
1983	99200	4.36971e-081
1984	99250	4.36971e-081
1985	99300	4.36971e-081
1986	99350	4.36971e-081
1987	99400	4.36971e-081
1988	99450	1.56851e-081
1989	99500	1.56851e-081
1990	99550	1.56851e-081
1991	99600	1.56851e-081
1992	99650	1.56851e-081
1993	99700	1.56851e-081
1994	99750	1.56851e-081
1995	99800	1.56851e-081
1996	99850	1.56851e-081
1997	99900	1.56851e-081
1998	99950	1.56851e-081
1999	100000	1.50547e-081
2000	100050	1.15738e-081
