1	100	403.251
2	150	403.251
3	200	349.497
4	250	349.497
5	300	343.52
6	350	343.52
7	400	343.52
8	450	318.437
9	500	253.225
10	550	175.526
11	600	174.685
12	650	174.685
13	700	143.203
14	750	140.605
15	800	124.461
16	850	124.461
17	900	102.006
18	950	80.027
19	1000	77.5353
20	1050	52.8358
21	1100	52.8358
22	1150	52.8358
23	1200	52.8358
24	1250	45.6238
25	1300	45.6238
26	1350	43.8899
27	1400	41.6193
28	1450	24.5467
29	1500	24.5467
30	1550	24.5467
31	1600	23.8023
32	1650	17.1397
33	1700	17.1397
34	1750	11.7997
35	1800	6.45258
36	1850	5.08197
37	1900	5.08197
38	1950	5.08197
39	2000	5.08197
40	2050	5.08197
41	2100	5.08197
42	2150	5.08197
43	2200	3.67218
44	2250	3.67218
45	2300	3.67218
46	2350	3.67218
47	2400	2.41494
48	2450	2.41494
49	2500	2.41494
50	2550	2.41494
51	2600	2.41494
52	2650	2.08515
53	2700	2.08279
54	2750	2.08279
55	2800	2.08279
56	2850	1.25978
57	2900	1.25978
58	2950	1.25978
59	3000	1.25978
60	3050	1.21567
61	3100	1.21567
62	3150	1.21524
63	3200	1.21524
64	3250	1.21524
65	3300	1.21524
66	3350	1.21524
67	3400	1.07428
68	3450	0.83766
69	3500	0.78475
70	3550	0.632106
71	3600	0.552847
72	3650	0.552847
73	3700	0.552847
74	3750	0.485264
75	3800	0.43167
76	3850	0.328439
77	3900	0.328439
78	3950	0.24218
79	4000	0.24218
80	4050	0.24218
81	4100	0.24218
82	4150	0.206443
83	4200	0.206443
84	4250	0.163132
85	4300	0.0679218
86	4350	0.0679218
87	4400	0.0679218
88	4450	0.0679218
89	4500	0.0679218
90	4550	0.0679218
91	4600	0.0639646
92	4650	0.0639646
93	4700	0.0498621
94	4750	0.0471423
95	4800	0.0257865
96	4850	0.0233125
97	4900	0.0233125
98	4950	0.0233125
99	5000	0.0233125
100	5050	0.0225213
101	5100	0.0225213
102	5150	0.011844
103	5200	0.011844
104	5250	0.00864768
105	5300	0.00864768
106	5350	0.00864768
107	5400	0.00864768
108	5450	0.00864768
109	5500	0.00864768
110	5550	0.00593307
111	5600	0.00593307
112	5650	0.00593307
113	5700	0.00593307
114	5750	0.00593307
115	5800	0.00593307
116	5850	0.00416153
117	5900	0.00184353
118	5950	0.00184353
119	6000	0.00174298
120	6050	0.00174298
121	6100	0.00174298
122	6150	0.00174298
123	6200	0.00174298
124	6250	0.00174298
125	6300	0.00174298
126	6350	0.00174298
127	6400	0.00174298
128	6450	0.00174298
129	6500	0.00174298
130	6550	0.00174298
131	6600	0.00150673
132	6650	0.00106639
133	6700	0.00106639
134	6750	0.00106639
135	6800	0.00106639
136	6850	0.000908042
137	6900	0.000908042
138	6950	0.000752028
139	7000	0.000752028
140	7050	0.000752028
141	7100	0.000752028
142	7150	0.000657434
143	7200	0.00062998
144	7250	0.00062998
145	7300	0.000614374
146	7350	0.000527909
147	7400	0.000527909
148	7450	0.000527909
149	7500	0.000527909
150	7550	0.000500417
151	7600	0.000373607
152	7650	0.000373607
153	7700	0.000343515
154	7750	0.00015531
155	7800	0.00015531
156	7850	0.000115663
157	7900	0.000115663
158	7950	0.000115663
159	8000	0.000115663
160	8050	0.000115663
161	8100	7.91048e-005
162	8150	7.86665e-005
163	8200	7.86665e-005
164	8250	5.06524e-005
165	8300	5.06524e-005
166	8350	5.06524e-005
167	8400	5.06524e-005
168	8450	5.06524e-005
169	8500	2.78527e-005
170	8550	2.78527e-005
171	8600	1.50879e-005
172	8650	1.50879e-005
173	8700	1.50879e-005
174	8750	1.50879e-005
175	8800	1.50879e-005
176	8850	1.50879e-005
177	8900	1.50879e-005
178	8950	1.45359e-005
179	9000	1.45359e-005
180	9050	1.45359e-005
181	9100	1.45359e-005
182	9150	1.45359e-005
183	9200	1.0755e-005
184	9250	9.90836e-006
185	9300	8.87187e-006
186	9350	8.28781e-006
187	9400	7.59746e-006
188	9450	6.62217e-006
189	9500	6.62217e-006
190	9550	5.40278e-006
191	9600	5.40278e-006
192	9650	5.40278e-006
193	9700	3.0573e-006
194	9750	3.0573e-006
195	9800	2.24308e-006
196	9850	2.24308e-006
197	9900	2.24308e-006
198	9950	1.87342e-006
199	10000	1.45414e-006
200	10050	1.45414e-006
201	10100	1.45414e-006
202	10150	1.45414e-006
203	10200	1.34881e-006
204	10250	1.34881e-006
205	10300	1.34881e-006
206	10350	8.01917e-007
207	10400	8.01917e-007
208	10450	6.11238e-007
209	10500	6.11238e-007
210	10550	6.11238e-007
211	10600	4.50431e-007
212	10650	4.04007e-007
213	10700	4.04007e-007
214	10750	4.04007e-007
215	10800	4.04007e-007
216	10850	3.67682e-007
217	10900	3.67682e-007
218	10950	3.05536e-007
219	11000	3.05536e-007
220	11050	2.84099e-007
221	11100	2.31195e-007
222	11150	1.9517e-007
223	11200	1.43664e-007
224	11250	1.13958e-007
225	11300	1.06953e-007
226	11350	1.06953e-007
227	11400	6.81175e-008
228	11450	6.81175e-008
229	11500	6.81175e-008
230	11550	6.28e-008
231	11600	6.28e-008
232	11650	6.28e-008
233	11700	6.28e-008
234	11750	6.28e-008
235	11800	6.28e-008
236	11850	5.98784e-008
237	11900	3.75882e-008
238	11950	3.72634e-008
239	12000	3.72634e-008
240	12050	3.72634e-008
241	12100	3.72634e-008
242	12150	3.72634e-008
243	12200	3.26989e-008
244	12250	2.52956e-008
245	12300	2.52956e-008
246	12350	2.52956e-008
247	12400	2.52956e-008
248	12450	2.52617e-008
249	12500	1.8544e-008
250	12550	1.8544e-008
251	12600	1.8544e-008
252	12650	6.39979e-009
253	12700	6.39979e-009
254	12750	6.39979e-009
255	12800	5.65585e-009
256	12850	5.65585e-009
257	12900	5.29804e-009
258	12950	5.29804e-009
259	13000	5.29804e-009
260	13050	4.30097e-009
261	13100	4.30097e-009
262	13150	4.30097e-009
263	13200	2.27439e-009
264	13250	2.27439e-009
265	13300	2.27439e-009
266	13350	2.27439e-009
267	13400	2.27439e-009
268	13450	2.27439e-009
269	13500	2.27439e-009
270	13550	1.5452e-009
271	13600	1.23975e-009
272	13650	1.09515e-009
273	13700	8.72143e-010
274	13750	8.72143e-010
275	13800	8.72143e-010
276	13850	8.72143e-010
277	13900	8.72143e-010
278	13950	7.34644e-010
279	14000	7.34644e-010
280	14050	7.34644e-010
281	14100	7.34644e-010
282	14150	7.34644e-010
283	14200	7.18705e-010
284	14250	6.80559e-010
285	14300	5.96474e-010
286	14350	5.7559e-010
287	14400	4.55937e-010
288	14450	4.55937e-010
289	14500	4.19287e-010
290	14550	3.90932e-010
291	14600	3.90932e-010
292	14650	2.18296e-010
293	14700	2.18296e-010
294	14750	2.13007e-010
295	14800	2.13007e-010
296	14850	1.29783e-010
297	14900	1.29783e-010
298	14950	1.29783e-010
299	15000	1.16993e-010
300	15050	1.16993e-010
301	15100	1.16993e-010
302	15150	7.63478e-011
303	15200	7.63478e-011
304	15250	7.44223e-011
305	15300	7.44223e-011
306	15350	5.87436e-011
307	15400	5.87436e-011
308	15450	5.87436e-011
309	15500	5.10469e-011
310	15550	3.00479e-011
311	15600	3.00479e-011
312	15650	3.00479e-011
313	15700	3.00479e-011
314	15750	2.33492e-011
315	15800	2.33492e-011
316	15850	2.33492e-011
317	15900	2.17497e-011
318	15950	2.17497e-011
319	16000	2.17497e-011
320	16050	1.96794e-011
321	16100	1.33091e-011
322	16150	1.33091e-011
323	16200	1.33091e-011
324	16250	1.33091e-011
325	16300	1.33091e-011
326	16350	7.40679e-012
327	16400	4.16492e-012
328	16450	4.16492e-012
329	16500	4.16492e-012
330	16550	4.16492e-012
331	16600	4.16492e-012
332	16650	4.16492e-012
333	16700	4.16492e-012
334	16750	4.16492e-012
335	16800	3.90249e-012
336	16850	3.90249e-012
337	16900	3.90249e-012
338	16950	3.90249e-012
339	17000	9.99656e-013
340	17050	9.6301e-013
341	17100	9.6301e-013
342	17150	9.6301e-013
343	17200	9.6301e-013
344	17250	9.6301e-013
345	17300	9.6301e-013
346	17350	9.6301e-013
347	17400	9.6301e-013
348	17450	7.60875e-013
349	17500	7.60875e-013
350	17550	7.60875e-013
351	17600	6.0902e-013
352	17650	6.0902e-013
353	17700	6.0902e-013
354	17750	6.0902e-013
355	17800	6.0902e-013
356	17850	6.0902e-013
357	17900	4.03431e-013
358	17950	4.03431e-013
359	18000	4.03431e-013
360	18050	2.00816e-013
361	18100	2.00816e-013
362	18150	2.00816e-013
363	18200	2.00816e-013
364	18250	2.00816e-013
365	18300	1.54588e-013
366	18350	1.54588e-013
367	18400	1.54588e-013
368	18450	1.54588e-013
369	18500	7.55024e-014
370	18550	7.55024e-014
371	18600	7.55024e-014
372	18650	7.55024e-014
373	18700	7.55024e-014
374	18750	7.55024e-014
375	18800	7.55024e-014
376	18850	7.55024e-014
377	18900	7.55024e-014
378	18950	7.55024e-014
379	19000	7.55024e-014
380	19050	7.55024e-014
381	19100	6.34909e-014
382	19150	3.94999e-014
383	19200	3.94999e-014
384	19250	3.94999e-014
385	19300	3.94999e-014
386	19350	3.594e-014
387	19400	3.594e-014
388	19450	2.7654e-014
389	19500	2.70439e-014
390	19550	2.3408e-014
391	19600	2.17584e-014
392	19650	2.17584e-014
393	19700	2.17584e-014
394	19750	2.11739e-014
395	19800	2.11739e-014
396	19850	2.11739e-014
397	19900	2.02396e-014
398	19950	1.79195e-014
399	20000	3.44662e-015
400	20050	3.44662e-015
401	20100	3.44662e-015
402	20150	3.06379e-015
403	20200	3.06379e-015
404	20250	3.06379e-015
405	20300	3.06379e-015
406	20350	3.06379e-015
407	20400	3.06379e-015
408	20450	3.06379e-015
409	20500	2.16375e-015
410	20550	2.16375e-015
411	20600	2.16375e-015
412	20650	2.16375e-015
413	20700	2.16375e-015
414	20750	1.91465e-015
415	20800	1.629e-015
416	20850	1.629e-015
417	20900	1.629e-015
418	20950	1.629e-015
419	21000	1.02541e-015
420	21050	1.02541e-015
421	21100	8.56278e-016
422	21150	8.49322e-016
423	21200	8.49322e-016
424	21250	8.49322e-016
425	21300	8.49322e-016
426	21350	7.80874e-016
427	21400	7.80874e-016
428	21450	6.63522e-016
429	21500	4.10087e-016
430	21550	3.81707e-016
431	21600	3.81707e-016
432	21650	3.45051e-016
433	21700	3.31127e-016
434	21750	3.0917e-016
435	21800	3.0917e-016
436	21850	1.28934e-016
437	21900	1.28934e-016
438	21950	1.17655e-016
439	22000	1.17655e-016
440	22050	1.17655e-016
441	22100	1.17655e-016
442	22150	9.93251e-017
443	22200	7.87239e-017
444	22250	7.87239e-017
445	22300	7.87239e-017
446	22350	7.87239e-017
447	22400	4.93456e-017
448	22450	4.93456e-017
449	22500	3.42796e-017
450	22550	3.42796e-017
451	22600	3.42796e-017
452	22650	3.04118e-017
453	22700	3.04118e-017
454	22750	3.04118e-017
455	22800	3.04118e-017
456	22850	3.04118e-017
457	22900	2.71512e-017
458	22950	2.71512e-017
459	23000	2.63326e-017
460	23050	9.66812e-018
461	23100	9.66812e-018
462	23150	9.66812e-018
463	23200	9.24494e-018
464	23250	9.24494e-018
465	23300	5.91822e-018
466	23350	5.08951e-018
467	23400	5.08951e-018
468	23450	5.08951e-018
469	23500	5.08951e-018
470	23550	4.89941e-018
471	23600	1.29885e-018
472	23650	1.29885e-018
473	23700	1.29885e-018
474	23750	1.29885e-018
475	23800	1.29885e-018
476	23850	1.29885e-018
477	23900	1.29885e-018
478	23950	1.12137e-018
479	24000	1.12137e-018
480	24050	1.12137e-018
481	24100	1.12137e-018
482	24150	1.12137e-018
483	24200	1.12137e-018
484	24250	1.12137e-018
485	24300	1.12137e-018
486	24350	1.12137e-018
487	24400	1.06607e-018
488	24450	1.06607e-018
489	24500	1.06607e-018
490	24550	1.06607e-018
491	24600	1.06607e-018
492	24650	1.04532e-018
493	24700	6.16885e-019
494	24750	6.16885e-019
495	24800	6.16885e-019
496	24850	6.16885e-019
497	24900	6.16885e-019
498	24950	6.16885e-019
499	25000	6.16885e-019
500	25050	4.06481e-019
501	25100	4.06481e-019
502	25150	4.06481e-019
503	25200	4.06481e-019
504	25250	3.13131e-019
505	25300	3.13131e-019
506	25350	2.10845e-019
507	25400	2.10845e-019
508	25450	2.10845e-019
509	25500	1.26828e-019
510	25550	1.13332e-019
511	25600	1.13332e-019
512	25650	1.13332e-019
513	25700	9.24334e-020
514	25750	9.24334e-020
515	25800	9.24334e-020
516	25850	7.60263e-020
517	25900	7.60263e-020
518	25950	6.62954e-020
519	26000	6.62954e-020
520	26050	6.32e-020
521	26100	6.32e-020
522	26150	5.98676e-020
523	26200	5.90796e-020
524	26250	5.0611e-020
525	26300	4.9798e-020
526	26350	4.35212e-020
527	26400	4.35212e-020
528	26450	4.35212e-020
529	26500	2.87468e-020
530	26550	2.86362e-020
531	26600	2.86362e-020
532	26650	2.48879e-020
533	26700	2.37086e-020
534	26750	1.17113e-020
535	26800	1.17113e-020
536	26850	1.17113e-020
537	26900	1.08831e-020
538	26950	1.08831e-020
539	27000	1.08831e-020
540	27050	1.08831e-020
541	27100	1.08831e-020
542	27150	1.08831e-020
543	27200	1.08831e-020
544	27250	1.08831e-020
545	27300	8.42269e-021
546	27350	8.42269e-021
547	27400	6.20943e-021
548	27450	6.20943e-021
549	27500	3.36259e-021
550	27550	3.36259e-021
551	27600	2.3661e-021
552	27650	2.3661e-021
553	27700	2.3661e-021
554	27750	2.3661e-021
555	27800	2.23417e-021
556	27850	9.58357e-022
557	27900	9.58357e-022
558	27950	9.58357e-022
559	28000	9.58357e-022
560	28050	7.84237e-022
561	28100	7.84237e-022
562	28150	7.84237e-022
563	28200	7.84237e-022
564	28250	6.61342e-022
565	28300	4.78845e-022
566	28350	4.78845e-022
567	28400	2.02621e-022
568	28450	2.02621e-022
569	28500	2.02621e-022
570	28550	2.02621e-022
571	28600	1.74498e-022
572	28650	1.69642e-022
573	28700	1.56086e-022
574	28750	1.56086e-022
575	28800	1.56086e-022
576	28850	1.3235e-022
577	28900	1.23819e-022
578	28950	1.23819e-022
579	29000	1.23819e-022
580	29050	1.23819e-022
581	29100	1.23819e-022
582	29150	1.23819e-022
583	29200	7.87779e-023
584	29250	7.87779e-023
585	29300	6.95454e-023
586	29350	6.95454e-023
587	29400	6.92553e-023
588	29450	1.94228e-023
589	29500	1.94228e-023
590	29550	1.94228e-023
591	29600	1.94228e-023
592	29650	1.94228e-023
593	29700	1.08688e-023
594	29750	1.08688e-023
595	29800	1.08688e-023
596	29850	1.08688e-023
597	29900	1.04777e-023
598	29950	1.04777e-023
599	30000	1.04777e-023
600	30050	1.04777e-023
601	30100	1.04777e-023
602	30150	1.04777e-023
603	30200	1.04777e-023
604	30250	1.04777e-023
605	30300	1.04777e-023
606	30350	8.0327e-024
607	30400	8.0327e-024
608	30450	7.86703e-024
609	30500	7.86703e-024
610	30550	6.84794e-024
611	30600	5.77927e-024
612	30650	5.77927e-024
613	30700	5.77927e-024
614	30750	5.5474e-024
615	30800	5.5474e-024
616	30850	3.651e-024
617	30900	2.47908e-024
618	30950	2.47908e-024
619	31000	2.47908e-024
620	31050	2.47908e-024
621	31100	2.47908e-024
622	31150	2.47908e-024
623	31200	2.47908e-024
624	31250	2.47908e-024
625	31300	2.47908e-024
626	31350	2.47908e-024
627	31400	2.47908e-024
628	31450	1.66548e-024
629	31500	1.66548e-024
630	31550	1.16826e-024
631	31600	1.15532e-024
632	31650	1.15532e-024
633	31700	1.15532e-024
634	31750	6.2667e-025
635	31800	6.2667e-025
636	31850	6.2667e-025
637	31900	6.2667e-025
638	31950	6.2667e-025
639	32000	6.1549e-025
640	32050	5.36827e-025
641	32100	4.67784e-025
642	32150	2.61251e-025
643	32200	2.49497e-025
644	32250	2.49497e-025
645	32300	2.49497e-025
646	32350	2.21834e-025
647	32400	2.21834e-025
648	32450	1.22612e-025
649	32500	1.22612e-025
650	32550	1.22612e-025
651	32600	1.22612e-025
652	32650	1.22612e-025
653	32700	1.22612e-025
654	32750	1.22612e-025
655	32800	1.22612e-025
656	32850	1.19126e-025
657	32900	1.19126e-025
658	32950	1.05064e-025
659	33000	7.48218e-026
660	33050	7.48218e-026
661	33100	7.48218e-026
662	33150	7.48218e-026
663	33200	6.01945e-026
664	33250	5.59245e-026
665	33300	5.25538e-026
666	33350	5.25538e-026
667	33400	5.01055e-026
668	33450	3.45702e-026
669	33500	3.45702e-026
670	33550	3.13485e-026
671	33600	3.13485e-026
672	33650	1.60354e-026
673	33700	1.60354e-026
674	33750	1.60354e-026
675	33800	1.60354e-026
676	33850	1.29613e-026
677	33900	1.29613e-026
678	33950	1.29613e-026
679	34000	1.29613e-026
680	34050	1.29613e-026
681	34100	1.29613e-026
682	34150	9.33079e-027
683	34200	9.33079e-027
684	34250	8.05951e-027
685	34300	8.05951e-027
686	34350	7.48208e-027
687	34400	7.36297e-027
688	34450	7.36297e-027
689	34500	4.81113e-027
690	34550	4.81113e-027
691	34600	4.81113e-027
692	34650	3.73552e-027
693	34700	3.73552e-027
694	34750	3.644e-027
695	34800	3.644e-027
696	34850	2.61229e-027
697	34900	2.61229e-027
698	34950	2.10676e-027
699	35000	2.10676e-027
700	35050	2.10676e-027
701	35100	2.10676e-027
702	35150	2.10676e-027
703	35200	2.10676e-027
704	35250	1.45006e-027
705	35300	1.45006e-027
706	35350	1.37769e-027
707	35400	1.02592e-027
708	35450	9.57517e-028
709	35500	8.44282e-028
710	35550	8.44282e-028
711	35600	7.57497e-028
712	35650	5.66215e-028
713	35700	5.66215e-028
714	35750	5.66215e-028
715	35800	5.66215e-028
716	35850	2.95443e-028
717	35900	2.95443e-028
718	35950	2.59657e-028
719	36000	2.59657e-028
720	36050	2.59657e-028
721	36100	2.34548e-028
722	36150	2.34548e-028
723	36200	1.77974e-028
724	36250	1.7501e-028
725	36300	1.44031e-028
726	36350	1.44031e-028
727	36400	1.37336e-028
728	36450	1.19644e-028
729	36500	1.19644e-028
730	36550	1.0623e-028
731	36600	8.24817e-029
732	36650	8.06549e-029
733	36700	8.06549e-029
734	36750	8.06549e-029
735	36800	8.06549e-029
736	36850	7.18844e-029
737	36900	7.18844e-029
738	36950	7.1636e-029
739	37000	5.10147e-029
740	37050	3.45519e-029
741	37100	3.45519e-029
742	37150	3.45519e-029
743	37200	2.36911e-029
744	37250	2.36911e-029
745	37300	2.36911e-029
746	37350	2.36911e-029
747	37400	2.29783e-029
748	37450	1.42765e-029
749	37500	1.42765e-029
750	37550	8.13699e-030
751	37600	8.13699e-030
752	37650	8.13699e-030
753	37700	8.13699e-030
754	37750	7.42846e-030
755	37800	7.42846e-030
756	37850	7.42846e-030
757	37900	5.32247e-030
758	37950	5.32247e-030
759	38000	5.32247e-030
760	38050	5.32247e-030
761	38100	5.32247e-030
762	38150	4.20307e-030
763	38200	4.20307e-030
764	38250	4.20307e-030
765	38300	4.20307e-030
766	38350	3.71571e-030
767	38400	2.36978e-030
768	38450	2.36978e-030
769	38500	2.36978e-030
770	38550	2.36978e-030
771	38600	2.36978e-030
772	38650	1.69845e-030
773	38700	1.69845e-030
774	38750	1.69845e-030
775	38800	9.38304e-031
776	38850	9.38304e-031
777	38900	9.38304e-031
778	38950	6.36536e-031
779	39000	6.36536e-031
780	39050	6.36536e-031
781	39100	6.36536e-031
782	39150	6.36536e-031
783	39200	6.36536e-031
784	39250	6.14238e-031
785	39300	6.14238e-031
786	39350	6.14238e-031
787	39400	3.65484e-031
788	39450	3.65484e-031
789	39500	3.58454e-031
790	39550	3.58454e-031
791	39600	3.49847e-031
792	39650	3.49847e-031
793	39700	3.04419e-031
794	39750	2.72074e-031
795	39800	2.72074e-031
796	39850	2.72074e-031
797	39900	2.19737e-031
798	39950	1.60391e-031
799	40000	1.10616e-031
800	40050	1.00116e-031
801	40100	1.00116e-031
802	40150	1.00116e-031
803	40200	1.00116e-031
804	40250	1.00116e-031
805	40300	9.73918e-032
806	40350	8.57308e-032
807	40400	7.28611e-032
808	40450	7.28611e-032
809	40500	7.28611e-032
810	40550	3.81549e-032
811	40600	3.81549e-032
812	40650	3.81549e-032
813	40700	3.81549e-032
814	40750	2.6857e-032
815	40800	2.6857e-032
816	40850	2.6857e-032
817	40900	2.6857e-032
818	40950	1.64917e-032
819	41000	1.64917e-032
820	41050	1.64917e-032
821	41100	1.33855e-032
822	41150	1.33855e-032
823	41200	1.01186e-032
824	41250	1.01186e-032
825	41300	8.40599e-033
826	41350	7.60382e-033
827	41400	6.40337e-033
828	41450	5.91375e-033
829	41500	5.91375e-033
830	41550	2.96921e-033
831	41600	2.96921e-033
832	41650	2.96921e-033
833	41700	2.96921e-033
834	41750	2.96921e-033
835	41800	2.96921e-033
836	41850	2.96921e-033
837	41900	2.96921e-033
838	41950	2.96921e-033
839	42000	2.5046e-033
840	42050	2.10871e-033
841	42100	2.10871e-033
842	42150	1.94036e-033
843	42200	1.60795e-033
844	42250	1.60795e-033
845	42300	1.42932e-033
846	42350	1.42932e-033
847	42400	1.42932e-033
848	42450	1.28359e-033
849	42500	1.24446e-033
850	42550	1.18702e-033
851	42600	8.3398e-034
852	42650	8.3398e-034
853	42700	7.57448e-034
854	42750	7.57448e-034
855	42800	7.57448e-034
856	42850	3.85207e-034
857	42900	3.85207e-034
858	42950	3.85207e-034
859	43000	3.85207e-034
860	43050	3.85207e-034
861	43100	2.54738e-034
862	43150	2.54738e-034
863	43200	2.54738e-034
864	43250	2.53709e-034
865	43300	1.75589e-034
866	43350	1.64585e-034
867	43400	1.37392e-034
868	43450	1.08726e-034
869	43500	1.08726e-034
870	43550	1.08726e-034
871	43600	1.08726e-034
872	43650	1.08726e-034
873	43700	1.08726e-034
874	43750	1.08726e-034
875	43800	9.59499e-035
876	43850	9.59499e-035
877	43900	4.97556e-035
878	43950	2.57482e-035
879	44000	2.57482e-035
880	44050	2.57482e-035
881	44100	2.57482e-035
882	44150	2.21241e-035
883	44200	1.98015e-035
884	44250	1.98015e-035
885	44300	1.98015e-035
886	44350	1.98015e-035
887	44400	1.98015e-035
888	44450	1.98015e-035
889	44500	1.93518e-035
890	44550	1.93518e-035
891	44600	1.93518e-035
892	44650	1.43732e-035
893	44700	1.35261e-035
894	44750	1.35261e-035
895	44800	1.35261e-035
896	44850	1.35261e-035
897	44900	1.35261e-035
898	44950	8.29696e-036
899	45000	8.29696e-036
900	45050	8.29696e-036
901	45100	7.71013e-036
902	45150	7.71013e-036
903	45200	7.01889e-036
904	45250	7.01889e-036
905	45300	7.01889e-036
906	45350	7.01889e-036
907	45400	4.45351e-036
908	45450	4.45351e-036
909	45500	2.98433e-036
910	45550	2.98433e-036
911	45600	2.98433e-036
912	45650	2.98433e-036
913	45700	2.98433e-036
914	45750	1.83256e-036
915	45800	1.83256e-036
916	45850	1.83256e-036
917	45900	1.47042e-036
918	45950	1.02214e-036
919	46000	1.02214e-036
920	46050	9.64381e-037
921	46100	7.90523e-037
922	46150	7.43112e-037
923	46200	3.96934e-037
924	46250	3.96934e-037
925	46300	3.96934e-037
926	46350	3.96934e-037
927	46400	3.96934e-037
928	46450	3.96934e-037
929	46500	3.96934e-037
930	46550	3.96934e-037
931	46600	1.7549e-037
932	46650	1.7549e-037
933	46700	1.7549e-037
934	46750	1.7549e-037
935	46800	1.7549e-037
936	46850	1.47357e-037
937	46900	1.47357e-037
938	46950	1.47357e-037
939	47000	1.47357e-037
940	47050	1.47357e-037
941	47100	1.30749e-037
942	47150	1.30749e-037
943	47200	1.30749e-037
944	47250	1.30749e-037
945	47300	7.00702e-038
946	47350	6.56044e-038
947	47400	6.56044e-038
948	47450	6.56044e-038
949	47500	6.56044e-038
950	47550	6.56044e-038
951	47600	6.56044e-038
952	47650	6.56044e-038
953	47700	6.56044e-038
954	47750	5.33617e-038
955	47800	5.33617e-038
956	47850	3.96205e-038
957	47900	3.96205e-038
958	47950	2.69406e-038
959	48000	2.69406e-038
960	48050	2.69406e-038
961	48100	2.50907e-038
962	48150	2.47842e-038
963	48200	2.44432e-038
964	48250	1.25034e-038
965	48300	1.05577e-038
966	48350	1.05577e-038
967	48400	1.05577e-038
968	48450	1.05577e-038
969	48500	1.05577e-038
970	48550	1.05577e-038
971	48600	1.05577e-038
972	48650	1.05577e-038
973	48700	5.63338e-039
974	48750	5.63338e-039
975	48800	5.63338e-039
976	48850	5.63338e-039
977	48900	5.63338e-039
978	48950	5.63338e-039
979	49000	5.63338e-039
980	49050	5.34249e-039
981	49100	4.15142e-039
982	49150	1.5868e-039
983	49200	1.5868e-039
984	49250	1.39048e-039
985	49300	1.35773e-039
986	49350	1.31791e-039
987	49400	1.31791e-039
988	49450	1.31791e-039
989	49500	8.232e-040
990	49550	8.232e-040
991	49600	8.232e-040
992	49650	8.232e-040
993	49700	8.232e-040
994	49750	7.91641e-040
995	49800	7.91432e-040
996	49850	7.91432e-040
997	49900	7.27147e-040
998	49950	5.33957e-040
999	50000	5.33957e-040
1000	50050	5.33957e-040
1001	50100	5.11441e-040
1002	50150	2.73564e-040
1003	50200	2.73564e-040
1004	50250	2.73564e-040
1005	50300	2.73564e-040
1006	50350	2.73564e-040
1007	50400	2.73564e-040
1008	50450	1.34365e-040
1009	50500	1.34365e-040
1010	50550	1.34365e-040
1011	50600	1.34365e-040
1012	50650	1.27452e-040
1013	50700	1.27452e-040
1014	50750	1.17384e-040
1015	50800	1.16833e-040
1016	50850	8.32533e-041
1017	50900	8.32533e-041
1018	50950	5.47712e-041
1019	51000	5.47712e-041
1020	51050	3.70158e-041
1021	51100	3.57916e-041
1022	51150	3.57916e-041
1023	51200	2.67872e-041
1024	51250	2.67872e-041
1025	51300	2.67872e-041
1026	51350	2.51563e-041
1027	51400	1.44024e-041
1028	51450	1.44024e-041
1029	51500	1.44024e-041
1030	51550	1.44024e-041
1031	51600	1.34619e-041
1032	51650	1.34619e-041
1033	51700	1.06772e-041
1034	51750	1.06282e-041
1035	51800	1.06282e-041
1036	51850	1.06282e-041
1037	51900	1.04974e-041
1038	51950	7.69539e-042
1039	52000	7.69539e-042
1040	52050	7.24642e-042
1041	52100	6.92225e-042
1042	52150	6.92225e-042
1043	52200	4.30393e-042
1044	52250	4.30393e-042
1045	52300	2.99556e-042
1046	52350	2.99556e-042
1047	52400	2.05498e-042
1048	52450	2.05498e-042
1049	52500	2.05498e-042
1050	52550	2.05498e-042
1051	52600	2.05498e-042
1052	52650	1.24293e-042
1053	52700	1.24293e-042
1054	52750	1.24293e-042
1055	52800	1.24293e-042
1056	52850	9.12522e-043
1057	52900	9.12522e-043
1058	52950	9.12522e-043
1059	53000	4.02405e-043
1060	53050	4.02405e-043
1061	53100	3.84015e-043
1062	53150	3.84015e-043
1063	53200	3.84015e-043
1064	53250	3.84015e-043
1065	53300	3.84015e-043
1066	53350	3.84015e-043
1067	53400	3.84015e-043
1068	53450	3.84015e-043
1069	53500	2.7327e-043
1070	53550	2.7327e-043
1071	53600	2.7327e-043
1072	53650	2.7327e-043
1073	53700	2.69541e-043
1074	53750	1.19224e-043
1075	53800	1.14823e-043
1076	53850	1.14823e-043
1077	53900	1.07394e-043
1078	53950	1.07394e-043
1079	54000	1.01147e-043
1080	54050	1.01147e-043
1081	54100	1.01147e-043
1082	54150	1.01147e-043
1083	54200	1.01147e-043
1084	54250	7.01654e-044
1085	54300	7.01654e-044
1086	54350	5.62562e-044
1087	54400	5.62562e-044
1088	54450	5.47702e-044
1089	54500	3.97388e-044
1090	54550	3.97388e-044
1091	54600	3.97388e-044
1092	54650	3.97388e-044
1093	54700	3.24699e-044
1094	54750	3.24699e-044
1095	54800	3.24699e-044
1096	54850	2.18427e-044
1097	54900	2.18427e-044
1098	54950	2.18427e-044
1099	55000	2.18427e-044
1100	55050	2.18427e-044
1101	55100	1.76463e-044
1102	55150	1.76463e-044
1103	55200	1.19405e-044
1104	55250	8.88644e-045
1105	55300	8.88644e-045
1106	55350	8.88644e-045
1107	55400	8.88644e-045
1108	55450	6.3542e-045
1109	55500	6.3542e-045
1110	55550	6.3542e-045
1111	55600	6.3542e-045
1112	55650	6.3542e-045
1113	55700	4.72561e-045
1114	55750	4.72561e-045
1115	55800	4.72561e-045
1116	55850	5.88309e-046
1117	55900	5.18421e-046
1118	55950	5.18421e-046
1119	56000	5.18421e-046
1120	56050	5.18421e-046
1121	56100	4.99805e-046
1122	56150	4.99805e-046
1123	56200	4.99805e-046
1124	56250	4.99805e-046
1125	56300	4.99805e-046
1126	56350	4.99805e-046
1127	56400	3.62676e-046
1128	56450	3.62676e-046
1129	56500	3.62676e-046
1130	56550	3.62676e-046
1131	56600	3.13199e-046
1132	56650	3.13199e-046
1133	56700	3.13199e-046
1134	56750	3.13199e-046
1135	56800	3.13199e-046
1136	56850	3.13199e-046
1137	56900	3.13199e-046
1138	56950	3.13199e-046
1139	57000	3.13199e-046
1140	57050	3.13199e-046
1141	57100	3.13199e-046
1142	57150	2.41298e-046
1143	57200	2.41298e-046
1144	57250	2.41298e-046
1145	57300	2.41298e-046
1146	57350	2.37607e-046
1147	57400	2.37607e-046
1148	57450	1.91393e-046
1149	57500	1.91393e-046
1150	57550	1.85781e-046
1151	57600	1.85781e-046
1152	57650	1.85781e-046
1153	57700	1.34834e-046
1154	57750	1.33116e-046
1155	57800	1.23938e-046
1156	57850	1.07114e-046
1157	57900	9.91959e-047
1158	57950	9.91959e-047
1159	58000	9.71967e-047
1160	58050	7.45697e-047
1161	58100	7.28492e-047
1162	58150	7.28492e-047
1163	58200	5.78858e-047
1164	58250	5.78858e-047
1165	58300	5.75751e-047
1166	58350	4.68183e-047
1167	58400	4.68183e-047
1168	58450	4.68183e-047
1169	58500	4.68183e-047
1170	58550	1.17511e-047
1171	58600	1.17511e-047
1172	58650	1.17511e-047
1173	58700	1.17511e-047
1174	58750	1.17511e-047
1175	58800	9.38599e-048
1176	58850	9.38599e-048
1177	58900	9.38599e-048
1178	58950	9.38599e-048
1179	59000	8.16583e-048
1180	59050	7.19639e-048
1181	59100	7.19639e-048
1182	59150	5.91217e-048
1183	59200	5.91217e-048
1184	59250	5.91217e-048
1185	59300	5.56941e-048
1186	59350	4.03814e-048
1187	59400	3.79846e-048
1188	59450	3.7538e-048
1189	59500	3.7538e-048
1190	59550	3.72352e-048
1191	59600	3.19242e-048
1192	59650	2.72379e-048
1193	59700	2.72379e-048
1194	59750	2.54353e-048
1195	59800	1.9332e-048
1196	59850	1.76875e-048
1197	59900	1.76875e-048
1198	59950	1.65982e-048
1199	60000	1.57381e-048
1200	60050	1.21604e-048
1201	60100	1.11385e-048
1202	60150	1.11385e-048
1203	60200	1.11385e-048
1204	60250	1.08469e-048
1205	60300	1.05533e-048
1206	60350	1.05533e-048
1207	60400	1.05533e-048
1208	60450	1.05533e-048
1209	60500	8.97212e-049
1210	60550	6.79282e-049
1211	60600	6.79282e-049
1212	60650	4.80742e-049
1213	60700	4.76062e-049
1214	60750	2.07391e-049
1215	60800	1.93483e-049
1216	60850	1.93483e-049
1217	60900	1.87421e-049
1218	60950	1.58009e-049
1219	61000	1.58009e-049
1220	61050	1.58009e-049
1221	61100	1.58009e-049
1222	61150	1.58009e-049
1223	61200	1.34951e-049
1224	61250	1.26704e-049
1225	61300	1.26704e-049
1226	61350	1.26704e-049
1227	61400	1.26704e-049
1228	61450	1.22289e-049
1229	61500	8.10875e-050
1230	61550	8.10875e-050
1231	61600	8.10875e-050
1232	61650	6.14664e-050
1233	61700	6.14664e-050
1234	61750	6.14664e-050
1235	61800	5.06116e-050
1236	61850	4.68838e-050
1237	61900	4.68838e-050
1238	61950	4.3107e-050
1239	62000	4.3107e-050
1240	62050	2.36695e-050
1241	62100	2.36695e-050
1242	62150	2.36695e-050
1243	62200	1.62825e-050
1244	62250	1.62825e-050
1245	62300	1.62825e-050
1246	62350	9.11878e-051
1247	62400	9.11878e-051
1248	62450	7.22389e-051
1249	62500	7.22389e-051
1250	62550	7.22389e-051
1251	62600	6.44379e-051
1252	62650	6.44379e-051
1253	62700	6.44379e-051
1254	62750	6.38768e-051
1255	62800	6.38768e-051
1256	62850	5.88755e-051
1257	62900	5.88755e-051
1258	62950	4.32378e-051
1259	63000	2.19307e-051
1260	63050	2.19307e-051
1261	63100	1.8234e-051
1262	63150	1.8234e-051
1263	63200	1.8234e-051
1264	63250	1.8234e-051
1265	63300	1.8234e-051
1266	63350	1.23618e-051
1267	63400	1.23618e-051
1268	63450	1.23618e-051
1269	63500	1.23618e-051
1270	63550	1.23618e-051
1271	63600	1.23618e-051
1272	63650	8.48152e-052
1273	63700	8.48152e-052
1274	63750	8.48152e-052
1275	63800	8.48152e-052
1276	63850	2.50533e-052
1277	63900	2.50533e-052
1278	63950	2.50533e-052
1279	64000	2.50533e-052
1280	64050	2.50533e-052
1281	64100	2.50533e-052
1282	64150	2.50533e-052
1283	64200	2.50533e-052
1284	64250	2.50533e-052
1285	64300	2.4925e-052
1286	64350	2.14401e-052
1287	64400	2.00994e-052
1288	64450	1.84636e-052
1289	64500	1.84636e-052
1290	64550	1.84636e-052
1291	64600	1.84636e-052
1292	64650	1.84636e-052
1293	64700	1.84636e-052
1294	64750	1.80415e-052
1295	64800	1.42465e-052
1296	64850	1.42465e-052
1297	64900	1.42465e-052
1298	64950	1.04621e-052
1299	65000	8.84882e-053
1300	65050	8.84882e-053
1301	65100	8.84882e-053
1302	65150	8.84882e-053
1303	65200	8.84882e-053
1304	65250	3.45935e-053
1305	65300	3.45935e-053
1306	65350	3.45935e-053
1307	65400	3.45313e-053
1308	65450	2.34617e-053
1309	65500	2.11622e-053
1310	65550	2.11622e-053
1311	65600	2.11622e-053
1312	65650	2.11622e-053
1313	65700	1.91304e-053
1314	65750	1.91304e-053
1315	65800	1.91304e-053
1316	65850	1.91304e-053
1317	65900	1.10433e-053
1318	65950	1.09651e-053
1319	66000	1.04934e-053
1320	66050	9.06316e-054
1321	66100	8.32588e-054
1322	66150	8.32588e-054
1323	66200	8.32588e-054
1324	66250	8.32588e-054
1325	66300	8.32588e-054
1326	66350	8.32588e-054
1327	66400	7.67148e-054
1328	66450	6.15199e-054
1329	66500	6.1279e-054
1330	66550	6.1279e-054
1331	66600	6.1279e-054
1332	66650	6.1279e-054
1333	66700	6.1279e-054
1334	66750	6.1279e-054
1335	66800	6.10995e-054
1336	66850	4.9761e-054
1337	66900	3.06058e-054
1338	66950	3.06058e-054
1339	67000	3.06058e-054
1340	67050	2.32152e-054
1341	67100	2.32152e-054
1342	67150	1.98314e-054
1343	67200	1.98314e-054
1344	67250	1.98314e-054
1345	67300	1.44488e-054
1346	67350	1.44488e-054
1347	67400	1.14574e-054
1348	67450	1.14574e-054
1349	67500	1.13712e-054
1350	67550	6.86397e-055
1351	67600	6.86397e-055
1352	67650	5.33072e-055
1353	67700	5.33072e-055
1354	67750	4.40601e-055
1355	67800	4.40601e-055
1356	67850	2.52951e-055
1357	67900	2.52951e-055
1358	67950	2.52951e-055
1359	68000	2.52951e-055
1360	68050	2.33219e-055
1361	68100	2.33219e-055
1362	68150	2.33219e-055
1363	68200	2.33219e-055
1364	68250	1.94909e-055
1365	68300	1.94909e-055
1366	68350	1.6527e-055
1367	68400	1.6527e-055
1368	68450	1.6527e-055
1369	68500	1.44322e-055
1370	68550	1.36554e-055
1371	68600	1.36554e-055
1372	68650	1.2155e-055
1373	68700	8.21239e-056
1374	68750	8.21239e-056
1375	68800	6.16807e-056
1376	68850	6.16807e-056
1377	68900	6.16807e-056
1378	68950	6.16807e-056
1379	69000	6.16807e-056
1380	69050	5.12853e-056
1381	69100	4.17125e-056
1382	69150	4.17125e-056
1383	69200	4.17125e-056
1384	69250	4.17125e-056
1385	69300	2.97537e-056
1386	69350	2.38963e-056
1387	69400	1.97088e-056
1388	69450	1.97088e-056
1389	69500	1.97088e-056
1390	69550	1.38731e-056
1391	69600	1.17863e-056
1392	69650	1.17863e-056
1393	69700	1.17863e-056
1394	69750	1.17863e-056
1395	69800	1.01446e-056
1396	69850	1.01446e-056
1397	69900	9.43125e-057
1398	69950	7.69773e-057
1399	70000	7.69773e-057
1400	70050	7.69773e-057
1401	70100	7.69773e-057
1402	70150	7.69773e-057
1403	70200	7.32079e-057
1404	70250	7.32079e-057
1405	70300	7.11192e-057
1406	70350	7.11192e-057
1407	70400	6.88561e-057
1408	70450	6.58851e-057
1409	70500	6.58851e-057
1410	70550	6.58851e-057
1411	70600	3.3138e-057
1412	70650	3.3138e-057
1413	70700	3.3138e-057
1414	70750	3.3138e-057
1415	70800	3.3138e-057
1416	70850	2.01377e-057
1417	70900	5.30536e-058
1418	70950	5.30536e-058
1419	71000	5.30536e-058
1420	71050	2.87975e-058
1421	71100	2.87975e-058
1422	71150	2.87975e-058
1423	71200	2.87975e-058
1424	71250	2.87975e-058
1425	71300	2.59295e-058
1426	71350	2.59295e-058
1427	71400	2.44192e-058
1428	71450	2.44192e-058
1429	71500	2.44192e-058
1430	71550	2.44192e-058
1431	71600	2.44192e-058
1432	71650	2.44192e-058
1433	71700	2.44192e-058
1434	71750	2.44192e-058
1435	71800	2.44192e-058
1436	71850	2.44192e-058
1437	71900	2.44192e-058
1438	71950	2.44192e-058
1439	72000	2.44192e-058
1440	72050	2.37549e-058
1441	72100	1.64711e-058
1442	72150	1.64711e-058
1443	72200	1.64711e-058
1444	72250	1.08573e-058
1445	72300	1.08573e-058
1446	72350	1.08573e-058
1447	72400	6.45636e-059
1448	72450	6.45636e-059
1449	72500	6.45636e-059
1450	72550	5.75653e-059
1451	72600	4.4666e-059
1452	72650	4.4666e-059
1453	72700	2.79437e-059
1454	72750	1.54448e-059
1455	72800	1.54448e-059
1456	72850	1.54448e-059
1457	72900	1.54448e-059
1458	72950	1.54448e-059
1459	73000	1.54448e-059
1460	73050	1.54448e-059
1461	73100	1.54448e-059
1462	73150	1.54448e-059
1463	73200	1.54448e-059
1464	73250	1.54448e-059
1465	73300	1.54448e-059
1466	73350	1.54448e-059
1467	73400	1.54448e-059
1468	73450	1.30744e-059
1469	73500	1.11777e-059
1470	73550	8.78299e-060
1471	73600	6.15248e-060
1472	73650	6.15248e-060
1473	73700	6.15248e-060
1474	73750	6.15248e-060
1475	73800	5.78846e-060
1476	73850	5.78846e-060
1477	73900	5.78846e-060
1478	73950	4.39705e-060
1479	74000	4.23211e-060
1480	74050	4.23211e-060
1481	74100	2.90265e-060
1482	74150	2.90265e-060
1483	74200	1.67941e-060
1484	74250	1.34921e-060
1485	74300	1.34921e-060
1486	74350	9.19105e-061
1487	74400	9.19105e-061
1488	74450	9.19105e-061
1489	74500	9.19105e-061
1490	74550	9.19105e-061
1491	74600	9.19105e-061
1492	74650	9.19105e-061
1493	74700	8.54181e-061
1494	74750	8.1885e-061
1495	74800	8.1885e-061
1496	74850	8.1885e-061
1497	74900	8.1885e-061
1498	74950	5.44026e-061
1499	75000	5.44026e-061
1500	75050	4.71554e-061
1501	75100	1.20655e-061
1502	75150	1.20655e-061
1503	75200	1.20655e-061
1504	75250	1.20655e-061
1505	75300	1.20655e-061
1506	75350	1.20655e-061
1507	75400	1.20655e-061
1508	75450	3.21386e-062
1509	75500	3.21386e-062
1510	75550	3.21386e-062
1511	75600	3.21386e-062
1512	75650	3.21386e-062
1513	75700	2.75984e-062
1514	75750	2.75984e-062
1515	75800	2.75984e-062
1516	75850	2.75984e-062
1517	75900	2.75984e-062
1518	75950	2.75984e-062
1519	76000	2.75984e-062
1520	76050	2.75984e-062
1521	76100	2.75984e-062
1522	76150	2.75984e-062
1523	76200	2.75984e-062
1524	76250	2.44472e-062
1525	76300	2.44472e-062
1526	76350	2.23446e-062
1527	76400	2.03951e-062
1528	76450	2.03951e-062
1529	76500	2.03951e-062
1530	76550	2.03951e-062
1531	76600	2.03951e-062
1532	76650	2.03951e-062
1533	76700	1.95824e-062
1534	76750	1.83265e-062
1535	76800	1.83265e-062
1536	76850	1.83265e-062
1537	76900	1.79848e-062
1538	76950	1.79848e-062
1539	77000	1.78635e-062
1540	77050	1.20272e-062
1541	77100	9.3273e-063
1542	77150	9.13727e-063
1543	77200	4.76635e-063
1544	77250	4.76635e-063
1545	77300	4.56492e-063
1546	77350	4.56492e-063
1547	77400	4.56492e-063
1548	77450	4.14963e-063
1549	77500	2.4981e-063
1550	77550	2.4981e-063
1551	77600	2.4981e-063
1552	77650	1.08306e-063
1553	77700	1.08306e-063
1554	77750	1.08306e-063
1555	77800	1.08306e-063
1556	77850	1.08306e-063
1557	77900	1.08306e-063
1558	77950	1.08306e-063
1559	78000	1.08306e-063
1560	78050	1.08306e-063
1561	78100	1.08306e-063
1562	78150	1.08306e-063
1563	78200	1.08306e-063
1564	78250	9.5649e-064
1565	78300	9.5649e-064
1566	78350	9.5649e-064
1567	78400	9.5649e-064
1568	78450	9.5649e-064
1569	78500	9.3445e-064
1570	78550	7.42849e-064
1571	78600	7.20125e-064
1572	78650	4.51248e-064
1573	78700	4.45925e-064
1574	78750	4.45925e-064
1575	78800	4.30868e-064
1576	78850	4.15141e-064
1577	78900	4.15141e-064
1578	78950	3.23386e-064
1579	79000	3.23386e-064
1580	79050	3.23386e-064
1581	79100	1.72395e-064
1582	79150	1.72395e-064
1583	79200	1.72395e-064
1584	79250	1.72395e-064
1585	79300	1.72395e-064
1586	79350	1.72395e-064
1587	79400	1.72395e-064
1588	79450	1.72395e-064
1589	79500	1.01522e-064
1590	79550	1.01522e-064
1591	79600	1.01522e-064
1592	79650	1.01522e-064
1593	79700	9.52934e-065
1594	79750	5.92046e-065
1595	79800	5.27682e-065
1596	79850	5.27682e-065
1597	79900	5.27682e-065
1598	79950	5.27682e-065
1599	80000	5.27682e-065
1600	80050	5.27682e-065
1601	80100	5.27682e-065
1602	80150	4.67766e-065
1603	80200	4.67766e-065
1604	80250	4.60522e-065
1605	80300	4.60522e-065
1606	80350	4.39677e-065
1607	80400	2.15223e-065
1608	80450	2.15223e-065
1609	80500	2.15223e-065
1610	80550	2.15223e-065
1611	80600	1.84932e-065
1612	80650	1.84932e-065
1613	80700	1.67994e-065
1614	80750	1.6189e-065
1615	80800	1.48049e-065
1616	80850	1.10832e-065
1617	80900	1.10832e-065
1618	80950	1.06118e-065
1619	81000	7.45342e-066
1620	81050	7.45342e-066
1621	81100	6.78021e-066
1622	81150	6.60059e-066
1623	81200	3.86487e-066
1624	81250	3.86487e-066
1625	81300	3.86487e-066
1626	81350	2.70324e-066
1627	81400	2.70324e-066
1628	81450	2.70324e-066
1629	81500	2.70324e-066
1630	81550	2.63686e-066
1631	81600	6.34637e-067
1632	81650	6.34637e-067
1633	81700	6.34637e-067
1634	81750	5.29658e-067
1635	81800	5.29658e-067
1636	81850	5.29658e-067
1637	81900	4.01098e-067
1638	81950	4.01098e-067
1639	82000	4.01098e-067
1640	82050	4.01098e-067
1641	82100	4.01098e-067
1642	82150	2.71213e-067
1643	82200	2.71213e-067
1644	82250	2.71213e-067
1645	82300	2.09736e-067
1646	82350	2.09736e-067
1647	82400	1.60782e-067
1648	82450	1.60782e-067
1649	82500	1.60782e-067
1650	82550	1.60782e-067
1651	82600	1.60782e-067
1652	82650	1.60782e-067
1653	82700	1.60782e-067
1654	82750	9.10852e-068
1655	82800	9.10852e-068
1656	82850	9.10852e-068
1657	82900	9.10852e-068
1658	82950	9.10852e-068
1659	83000	7.16661e-068
1660	83050	7.16661e-068
1661	83100	7.16661e-068
1662	83150	7.16661e-068
1663	83200	7.16661e-068
1664	83250	6.64857e-068
1665	83300	6.62283e-068
1666	83350	6.62283e-068
1667	83400	6.62283e-068
1668	83450	6.3056e-068
1669	83500	4.74971e-068
1670	83550	4.02952e-068
1671	83600	3.54047e-068
1672	83650	3.54047e-068
1673	83700	3.54047e-068
1674	83750	2.99886e-068
1675	83800	2.46077e-068
1676	83850	2.46077e-068
1677	83900	2.2545e-068
1678	83950	2.14079e-068
1679	84000	1.50647e-068
1680	84050	1.47995e-068
1681	84100	1.47995e-068
1682	84150	1.47995e-068
1683	84200	1.47995e-068
1684	84250	1.40291e-068
1685	84300	1.02356e-068
1686	84350	1.02356e-068
1687	84400	9.16262e-069
1688	84450	4.80078e-069
1689	84500	4.80078e-069
1690	84550	4.80078e-069
1691	84600	4.80078e-069
1692	84650	4.80078e-069
1693	84700	4.80078e-069
1694	84750	4.80078e-069
1695	84800	4.52013e-069
1696	84850	4.52013e-069
1697	84900	4.09977e-069
1698	84950	3.17166e-069
1699	85000	2.99827e-069
1700	85050	2.99827e-069
1701	85100	2.61229e-069
1702	85150	2.59321e-069
1703	85200	2.24393e-069
1704	85250	2.08872e-069
1705	85300	1.81917e-069
1706	85350	1.70308e-069
1707	85400	1.21684e-069
1708	85450	1.21684e-069
1709	85500	1.1912e-069
1710	85550	1.1912e-069
1711	85600	9.56383e-070
1712	85650	9.56383e-070
1713	85700	9.45469e-070
1714	85750	9.45469e-070
1715	85800	3.97165e-070
1716	85850	3.97165e-070
1717	85900	3.97165e-070
1718	85950	3.97165e-070
1719	86000	3.97165e-070
1720	86050	3.97165e-070
1721	86100	3.97165e-070
1722	86150	3.97165e-070
1723	86200	3.34701e-070
1724	86250	2.8036e-070
1725	86300	2.41498e-070
1726	86350	2.3675e-070
1727	86400	2.3675e-070
1728	86450	1.4451e-070
1729	86500	1.4451e-070
1730	86550	1.01201e-070
1731	86600	1.01201e-070
1732	86650	1.01201e-070
1733	86700	1.01201e-070
1734	86750	1.00919e-070
1735	86800	9.09825e-071
1736	86850	9.09825e-071
1737	86900	7.86942e-071
1738	86950	7.43468e-071
1739	87000	6.15545e-071
1740	87050	6.14568e-071
1741	87100	5.72423e-071
1742	87150	5.72423e-071
1743	87200	5.49654e-071
1744	87250	3.88407e-071
1745	87300	2.89744e-071
1746	87350	2.89744e-071
1747	87400	2.89744e-071
1748	87450	2.0006e-071
1749	87500	2.0006e-071
1750	87550	1.63619e-071
1751	87600	1.63619e-071
1752	87650	1.63619e-071
1753	87700	1.36099e-071
1754	87750	1.36099e-071
1755	87800	1.25441e-071
1756	87850	1.19989e-071
1757	87900	1.19989e-071
1758	87950	1.19989e-071
1759	88000	6.86645e-072
1760	88050	6.86645e-072
1761	88100	6.86645e-072
1762	88150	6.86645e-072
1763	88200	6.57078e-072
1764	88250	3.10648e-072
1765	88300	3.10648e-072
1766	88350	3.10648e-072
1767	88400	3.10648e-072
1768	88450	3.10648e-072
1769	88500	2.05762e-072
1770	88550	2.05762e-072
1771	88600	2.05762e-072
1772	88650	2.05762e-072
1773	88700	2.05762e-072
1774	88750	2.05762e-072
1775	88800	2.05762e-072
1776	88850	2.05762e-072
1777	88900	2.05762e-072
1778	88950	2.05762e-072
1779	89000	2.05762e-072
1780	89050	1.67748e-072
1781	89100	7.72865e-073
1782	89150	7.72865e-073
1783	89200	7.72865e-073
1784	89250	7.72865e-073
1785	89300	4.59912e-073
1786	89350	4.59912e-073
1787	89400	4.59912e-073
1788	89450	4.59912e-073
1789	89500	4.59912e-073
1790	89550	3.83134e-073
1791	89600	3.83134e-073
1792	89650	3.3103e-073
1793	89700	3.3103e-073
1794	89750	2.75294e-073
1795	89800	1.52116e-073
1796	89850	1.52116e-073
1797	89900	1.52116e-073
1798	89950	1.52116e-073
1799	90000	1.52116e-073
1800	90050	1.52116e-073
1801	90100	1.16378e-073
1802	90150	1.16378e-073
1803	90200	1.16378e-073
1804	90250	1.15441e-073
1805	90300	1.15441e-073
1806	90350	7.95674e-074
1807	90400	7.70714e-074
1808	90450	7.70714e-074
1809	90500	7.70714e-074
1810	90550	7.70714e-074
1811	90600	3.03648e-074
1812	90650	3.03648e-074
1813	90700	3.03648e-074
1814	90750	3.03648e-074
1815	90800	2.06617e-074
1816	90850	2.06617e-074
1817	90900	2.06617e-074
1818	90950	2.06617e-074
1819	91000	2.06617e-074
1820	91050	2.06617e-074
1821	91100	2.06617e-074
1822	91150	2.06617e-074
1823	91200	1.82658e-074
1824	91250	1.76104e-074
1825	91300	1.76104e-074
1826	91350	1.76104e-074
1827	91400	1.61421e-074
1828	91450	1.53408e-074
1829	91500	1.38968e-074
1830	91550	1.15502e-074
1831	91600	1.07182e-074
1832	91650	1.07182e-074
1833	91700	1.07182e-074
1834	91750	7.74564e-075
1835	91800	7.74564e-075
1836	91850	7.74564e-075
1837	91900	7.74564e-075
1838	91950	6.50962e-075
1839	92000	5.96923e-075
1840	92050	5.21323e-075
1841	92100	3.32091e-075
1842	92150	3.32091e-075
1843	92200	3.31684e-075
1844	92250	3.31684e-075
1845	92300	1.35305e-075
1846	92350	1.35305e-075
1847	92400	1.35305e-075
1848	92450	1.35305e-075
1849	92500	1.35305e-075
1850	92550	1.35305e-075
1851	92600	1.29072e-075
1852	92650	1.29072e-075
1853	92700	1.08658e-075
1854	92750	1.08658e-075
1855	92800	1.00679e-075
1856	92850	8.00619e-076
1857	92900	5.47344e-076
1858	92950	5.46328e-076
1859	93000	5.46328e-076
1860	93050	4.56684e-076
1861	93100	4.56684e-076
1862	93150	4.56684e-076
1863	93200	4.56684e-076
1864	93250	4.56684e-076
1865	93300	4.21285e-076
1866	93350	3.71477e-076
1867	93400	2.68277e-076
1868	93450	2.68277e-076
1869	93500	1.93616e-076
1870	93550	1.93616e-076
1871	93600	1.93616e-076
1872	93650	1.93616e-076
1873	93700	1.56809e-076
1874	93750	1.56809e-076
1875	93800	1.5656e-076
1876	93850	8.05736e-077
1877	93900	8.05736e-077
1878	93950	8.05736e-077
1879	94000	7.49495e-077
1880	94050	7.49495e-077
1881	94100	7.49495e-077
1882	94150	4.44148e-077
1883	94200	4.38949e-077
1884	94250	4.38949e-077
1885	94300	3.0528e-077
1886	94350	2.65276e-077
1887	94400	2.65276e-077
1888	94450	2.65276e-077
1889	94500	1.84013e-077
1890	94550	1.4783e-077
1891	94600	1.4783e-077
1892	94650	1.4783e-077
1893	94700	1.06601e-077
1894	94750	1.05753e-077
1895	94800	1.05753e-077
1896	94850	1.05482e-077
1897	94900	1.05482e-077
1898	94950	1.05482e-077
1899	95000	1.05482e-077
1900	95050	1.05482e-077
1901	95100	7.64296e-078
1902	95150	7.64296e-078
1903	95200	7.64296e-078
1904	95250	7.64296e-078
1905	95300	5.96651e-078
1906	95350	5.96651e-078
1907	95400	4.52076e-078
1908	95450	3.64888e-078
1909	95500	3.64888e-078
1910	95550	3.3077e-078
1911	95600	3.3077e-078
1912	95650	3.3077e-078
1913	95700	3.23722e-078
1914	95750	2.18773e-078
1915	95800	2.18773e-078
1916	95850	1.13787e-078
1917	95900	1.13787e-078
1918	95950	1.13787e-078
1919	96000	6.91884e-079
1920	96050	6.91884e-079
1921	96100	6.91884e-079
1922	96150	6.91884e-079
1923	96200	6.91884e-079
1924	96250	6.91884e-079
1925	96300	6.91884e-079
1926	96350	4.78298e-079
1927	96400	4.78298e-079
1928	96450	4.78298e-079
1929	96500	4.78298e-079
1930	96550	3.99537e-079
1931	96600	3.99537e-079
1932	96650	2.69037e-079
1933	96700	2.69037e-079
1934	96750	2.69037e-079
1935	96800	2.62484e-079
1936	96850	2.62484e-079
1937	96900	2.62484e-079
1938	96950	2.17151e-079
1939	97000	1.11928e-079
1940	97050	1.11928e-079
1941	97100	1.11928e-079
1942	97150	1.11928e-079
1943	97200	1.11928e-079
1944	97250	6.37147e-080
1945	97300	6.37147e-080
1946	97350	6.37147e-080
1947	97400	6.37147e-080
1948	97450	6.37147e-080
1949	97500	6.37147e-080
1950	97550	6.37147e-080
1951	97600	5.38143e-080
1952	97650	3.97133e-080
1953	97700	3.97133e-080
1954	97750	3.97133e-080
1955	97800	3.97133e-080
1956	97850	3.38588e-080
1957	97900	3.38588e-080
1958	97950	3.38588e-080
1959	98000	3.38588e-080
1960	98050	3.38588e-080
1961	98100	3.15027e-080
1962	98150	2.58632e-080
1963	98200	2.58632e-080
1964	98250	2.52831e-080
1965	98300	2.42172e-080
1966	98350	2.42172e-080
1967	98400	2.42172e-080
1968	98450	2.1396e-080
1969	98500	1.698e-080
1970	98550	1.25502e-080
1971	98600	1.21935e-080
1972	98650	1.13916e-080
1973	98700	1.13621e-080
1974	98750	8.93363e-081
1975	98800	6.62724e-081
1976	98850	6.62724e-081
1977	98900	6.62724e-081
1978	98950	3.39666e-081
1979	99000	2.99313e-081
1980	99050	2.99313e-081
1981	99100	2.82542e-081
1982	99150	2.82542e-081
1983	99200	2.72295e-081
1984	99250	2.72295e-081
1985	99300	2.72295e-081
1986	99350	2.72295e-081
1987	99400	2.71937e-081
1988	99450	2.16541e-081
1989	99500	1.75268e-081
1990	99550	1.75268e-081
1991	99600	1.32989e-081
1992	99650	1.08409e-081
1993	99700	1.08409e-081
1994	99750	1.08409e-081
1995	99800	1.02444e-081
1996	99850	1.02444e-081
1997	99900	1.02444e-081
1998	99950	1.02444e-081
1999	100000	1.02444e-081
2000	100050	8.66276e-082
