1	100	584.875
2	150	584.875
3	200	550.78
4	250	419.228
5	300	419.228
6	350	322.091
7	400	219.293
8	450	202.139
9	500	197.191
10	550	197.191
11	600	197.191
12	650	197.191
13	700	197.191
14	750	197.156
15	800	125.18
16	850	125.18
17	900	125.18
18	950	83.2568
19	1000	83.2568
20	1050	77.6444
21	1100	77.6444
22	1150	77.6444
23	1200	75.3894
24	1250	38.768
25	1300	35.5555
26	1350	35.5555
27	1400	34.7357
28	1450	34.1963
29	1500	34.1963
30	1550	34.1963
31	1600	31.4173
32	1650	15.4205
33	1700	15.4205
34	1750	15.4205
35	1800	15.4205
36	1850	15.4205
37	1900	15.4205
38	1950	15.4205
39	2000	14.6336
40	2050	14.6336
41	2100	14.6336
42	2150	14.6336
43	2200	13.3852
44	2250	13.3852
45	2300	11.5016
46	2350	10.4666
47	2400	7.43305
48	2450	7.33785
49	2500	6.08021
50	2550	6.08021
51	2600	5.91125
52	2650	5.91125
53	2700	3.50468
54	2750	3.50468
55	2800	2.97633
56	2850	2.41434
57	2900	2.41434
58	2950	2.41434
59	3000	2.41434
60	3050	1.65016
61	3100	1.65016
62	3150	1.40908
63	3200	1.40908
64	3250	1.40908
65	3300	1.36944
66	3350	1.33904
67	3400	1.08786
68	3450	1.08786
69	3500	1.05507
70	3550	1.05507
71	3600	0.746577
72	3650	0.746577
73	3700	0.746577
74	3750	0.544569
75	3800	0.544569
76	3850	0.319732
77	3900	0.319732
78	3950	0.319732
79	4000	0.318686
80	4050	0.318686
81	4100	0.230296
82	4150	0.230296
83	4200	0.230296
84	4250	0.230296
85	4300	0.230296
86	4350	0.162491
87	4400	0.159308
88	4450	0.112076
89	4500	0.112076
90	4550	0.108474
91	4600	0.108474
92	4650	0.108474
93	4700	0.108474
94	4750	0.0948155
95	4800	0.0887281
96	4850	0.0887281
97	4900	0.0557023
98	4950	0.0557023
99	5000	0.0557023
100	5050	0.0517808
101	5100	0.0517808
102	5150	0.0335546
103	5200	0.0332049
104	5250	0.0332049
105	5300	0.0180119
106	5350	0.0180119
107	5400	0.0180119
108	5450	0.0180119
109	5500	0.0180119
110	5550	0.0168317
111	5600	0.0105165
112	5650	0.0105165
113	5700	0.0105165
114	5750	0.0105165
115	5800	0.0105165
116	5850	0.0105165
117	5900	0.0092216
118	5950	0.0092216
119	6000	0.0092216
120	6050	0.00884645
121	6100	0.00667364
122	6150	0.00264247
123	6200	0.00264247
124	6250	0.00264247
125	6300	0.00264247
126	6350	0.00207025
127	6400	0.00184121
128	6450	0.00148669
129	6500	0.00148669
130	6550	0.00117037
131	6600	0.00117037
132	6650	0.00117037
133	6700	0.000330756
134	6750	0.000330756
135	6800	0.000330756
136	6850	0.000330756
137	6900	0.000321707
138	6950	0.000321707
139	7000	0.000321707
140	7050	0.000321707
141	7100	0.000321707
142	7150	0.000321707
143	7200	0.000321707
144	7250	0.000321707
145	7300	0.000321707
146	7350	0.000321707
147	7400	0.000321707
148	7450	0.000127309
149	7500	0.000127309
150	7550	0.000127309
151	7600	0.000127309
152	7650	0.000127309
153	7700	0.000127309
154	7750	0.000127309
155	7800	0.000113991
156	7850	9.81446e-005
157	7900	9.81446e-005
158	7950	9.81446e-005
159	8000	7.67382e-005
160	8050	7.67382e-005
161	8100	7.67382e-005
162	8150	7.67382e-005
163	8200	7.67382e-005
164	8250	6.25696e-005
165	8300	5.69479e-005
166	8350	5.69479e-005
167	8400	4.86258e-005
168	8450	4.86258e-005
169	8500	4.86258e-005
170	8550	3.84794e-005
171	8600	3.79612e-005
172	8650	3.79612e-005
173	8700	3.79612e-005
174	8750	3.03901e-005
175	8800	3.03901e-005
176	8850	2.68915e-005
177	8900	2.68915e-005
178	8950	2.25424e-005
179	9000	1.82802e-005
180	9050	1.5293e-005
181	9100	1.5293e-005
182	9150	1.25493e-005
183	9200	9.8359e-006
184	9250	9.8359e-006
185	9300	9.8359e-006
186	9350	9.8359e-006
187	9400	9.8359e-006
188	9450	7.33369e-006
189	9500	7.33369e-006
190	9550	7.33369e-006
191	9600	3.62081e-006
192	9650	3.62081e-006
193	9700	3.62081e-006
194	9750	3.62081e-006
195	9800	3.62081e-006
196	9850	3.62081e-006
197	9900	3.62081e-006
198	9950	3.62081e-006
199	10000	3.18307e-006
200	10050	3.18307e-006
201	10100	1.97792e-006
202	10150	1.97792e-006
203	10200	1.97792e-006
204	10250	8.45107e-007
205	10300	8.45107e-007
206	10350	8.45107e-007
207	10400	8.45107e-007
208	10450	4.88476e-007
209	10500	4.88476e-007
210	10550	4.88476e-007
211	10600	4.88476e-007
212	10650	4.88476e-007
213	10700	4.88476e-007
214	10750	2.8875e-007
215	10800	2.8875e-007
216	10850	2.8875e-007
217	10900	2.8875e-007
218	10950	2.8875e-007
219	11000	2.8875e-007
220	11050	2.63721e-007
221	11100	2.63721e-007
222	11150	2.63721e-007
223	11200	1.82571e-007
224	11250	1.51282e-007
225	11300	1.51282e-007
226	11350	1.0637e-007
227	11400	1.0637e-007
228	11450	1.02099e-007
229	11500	6.65334e-008
230	11550	6.65334e-008
231	11600	6.65334e-008
232	11650	5.53388e-008
233	11700	5.53388e-008
234	11750	5.53388e-008
235	11800	3.94678e-008
236	11850	3.76325e-008
237	11900	3.76325e-008
238	11950	3.76325e-008
239	12000	3.76325e-008
240	12050	3.76325e-008
241	12100	3.26772e-008
242	12150	3.26772e-008
243	12200	3.26772e-008
244	12250	3.26772e-008
245	12300	3.26772e-008
246	12350	3.11551e-008
247	12400	3.11551e-008
248	12450	2.70372e-008
249	12500	2.70372e-008
250	12550	2.29994e-008
251	12600	1.80274e-008
252	12650	1.80274e-008
253	12700	1.63449e-008
254	12750	9.38944e-009
255	12800	9.38944e-009
256	12850	9.38944e-009
257	12900	9.38944e-009
258	12950	9.38944e-009
259	13000	9.38944e-009
260	13050	6.86952e-009
261	13100	6.86952e-009
262	13150	6.86952e-009
263	13200	6.86952e-009
264	13250	6.86952e-009
265	13300	6.86952e-009
266	13350	6.86952e-009
267	13400	6.86952e-009
268	13450	5.34678e-009
269	13500	5.34678e-009
270	13550	5.34678e-009
271	13600	3.78338e-009
272	13650	3.68008e-009
273	13700	1.98322e-009
274	13750	1.36248e-009
275	13800	1.36248e-009
276	13850	1.36248e-009
277	13900	1.36248e-009
278	13950	1.36248e-009
279	14000	1.32853e-009
280	14050	1.32853e-009
281	14100	9.97596e-010
282	14150	6.44841e-010
283	14200	6.44841e-010
284	14250	6.44841e-010
285	14300	4.12497e-010
286	14350	4.12497e-010
287	14400	4.12497e-010
288	14450	4.12497e-010
289	14500	3.3702e-010
290	14550	3.3702e-010
291	14600	3.3702e-010
292	14650	3.3702e-010
293	14700	2.74644e-010
294	14750	2.23992e-010
295	14800	2.23992e-010
296	14850	2.23992e-010
297	14900	2.11275e-010
298	14950	2.11275e-010
299	15000	2.11275e-010
300	15050	2.11275e-010
301	15100	2.0633e-010
302	15150	2.0633e-010
303	15200	2.0633e-010
304	15250	1.72058e-010
305	15300	1.72058e-010
306	15350	1.72058e-010
307	15400	1.72058e-010
308	15450	7.77268e-011
309	15500	7.77268e-011
310	15550	7.77268e-011
311	15600	6.93723e-011
312	15650	2.91474e-011
313	15700	2.84409e-011
314	15750	2.84409e-011
315	15800	2.84409e-011
316	15850	2.8018e-011
317	15900	2.8018e-011
318	15950	2.121e-011
319	16000	2.121e-011
320	16050	2.121e-011
321	16100	1.93624e-011
322	16150	1.51971e-011
323	16200	1.51971e-011
324	16250	1.51971e-011
325	16300	1.51971e-011
326	16350	1.51971e-011
327	16400	1.51971e-011
328	16450	1.25037e-011
329	16500	1.25037e-011
330	16550	9.99636e-012
331	16600	9.99636e-012
332	16650	9.99636e-012
333	16700	9.20125e-012
334	16750	9.20125e-012
335	16800	9.20125e-012
336	16850	7.72546e-012
337	16900	7.72546e-012
338	16950	7.72546e-012
339	17000	7.72546e-012
340	17050	3.78549e-012
341	17100	3.78549e-012
342	17150	3.78549e-012
343	17200	1.63889e-012
344	17250	1.63889e-012
345	17300	1.63889e-012
346	17350	1.63889e-012
347	17400	1.63889e-012
348	17450	1.51158e-012
349	17500	1.51158e-012
350	17550	1.51158e-012
351	17600	1.33511e-012
352	17650	1.16047e-012
353	17700	1.16047e-012
354	17750	1.05959e-012
355	17800	1.05959e-012
356	17850	1.05959e-012
357	17900	9.11789e-013
358	17950	9.11789e-013
359	18000	9.11789e-013
360	18050	8.78565e-013
361	18100	8.78565e-013
362	18150	8.78565e-013
363	18200	5.37085e-013
364	18250	5.37085e-013
365	18300	5.37085e-013
366	18350	3.7524e-013
367	18400	2.91819e-013
368	18450	2.91819e-013
369	18500	2.91819e-013
370	18550	2.29354e-013
371	18600	1.6572e-013
372	18650	1.6572e-013
373	18700	1.6572e-013
374	18750	1.6572e-013
375	18800	1.19024e-013
376	18850	1.19024e-013
377	18900	1.19024e-013
378	18950	1.19024e-013
379	19000	1.19024e-013
380	19050	9.09032e-014
381	19100	9.09032e-014
382	19150	9.09032e-014
383	19200	9.09032e-014
384	19250	6.99437e-014
385	19300	6.58368e-014
386	19350	6.32565e-014
387	19400	4.02979e-014
388	19450	4.02979e-014
389	19500	4.02979e-014
390	19550	4.02979e-014
391	19600	4.02979e-014
392	19650	3.64731e-014
393	19700	3.38106e-014
394	19750	3.38106e-014
395	19800	3.19529e-014
396	19850	3.15932e-014
397	19900	2.9933e-014
398	19950	2.01987e-014
399	20000	1.03583e-014
400	20050	1.03583e-014
401	20100	1.03583e-014
402	20150	9.33243e-015
403	20200	7.78635e-015
404	20250	4.60004e-015
405	20300	4.60004e-015
406	20350	4.60004e-015
407	20400	4.3895e-015
408	20450	4.3895e-015
409	20500	4.3895e-015
410	20550	4.3895e-015
411	20600	4.3895e-015
412	20650	1.87372e-015
413	20700	1.87372e-015
414	20750	1.87372e-015
415	20800	1.87372e-015
416	20850	1.87372e-015
417	20900	1.87372e-015
418	20950	1.87372e-015
419	21000	1.87372e-015
420	21050	1.87372e-015
421	21100	1.87372e-015
422	21150	1.87372e-015
423	21200	1.87372e-015
424	21250	1.87372e-015
425	21300	1.64837e-015
426	21350	1.42562e-015
427	21400	1.16061e-015
428	21450	8.26958e-016
429	21500	8.26958e-016
430	21550	8.26958e-016
431	21600	8.26958e-016
432	21650	6.38677e-016
433	21700	6.38677e-016
434	21750	6.38677e-016
435	21800	5.69006e-016
436	21850	5.69006e-016
437	21900	5.16185e-016
438	21950	4.40047e-016
439	22000	3.52102e-016
440	22050	3.52102e-016
441	22100	3.52102e-016
442	22150	2.87116e-016
443	22200	2.87116e-016
444	22250	2.79659e-016
445	22300	2.34787e-016
446	22350	2.34787e-016
447	22400	2.06653e-016
448	22450	2.02832e-016
449	22500	1.07704e-016
450	22550	1.07704e-016
451	22600	1.06777e-016
452	22650	7.83955e-017
453	22700	6.78007e-017
454	22750	6.78007e-017
455	22800	5.96786e-017
456	22850	5.96786e-017
457	22900	5.96786e-017
458	22950	5.96786e-017
459	23000	5.96786e-017
460	23050	5.96786e-017
461	23100	5.96786e-017
462	23150	5.96786e-017
463	23200	3.48682e-017
464	23250	3.48682e-017
465	23300	3.48682e-017
466	23350	3.48682e-017
467	23400	3.42449e-017
468	23450	3.1977e-017
469	23500	1.56224e-017
470	23550	1.56224e-017
471	23600	1.02707e-017
472	23650	1.02707e-017
473	23700	9.97906e-018
474	23750	9.97906e-018
475	23800	9.97906e-018
476	23850	7.35188e-018
477	23900	7.35188e-018
478	23950	7.35188e-018
479	24000	7.28666e-018
480	24050	5.8251e-018
481	24100	3.38079e-018
482	24150	2.32061e-018
483	24200	2.32061e-018
484	24250	1.79889e-018
485	24300	1.79889e-018
486	24350	1.79889e-018
487	24400	1.79889e-018
488	24450	1.79889e-018
489	24500	1.79889e-018
490	24550	1.79889e-018
491	24600	1.18257e-018
492	24650	7.51763e-019
493	24700	7.51763e-019
494	24750	7.51763e-019
495	24800	6.80619e-019
496	24850	6.80619e-019
497	24900	6.80619e-019
498	24950	4.82757e-019
499	25000	4.82757e-019
500	25050	4.82757e-019
501	25100	4.82757e-019
502	25150	3.94424e-019
503	25200	3.94424e-019
504	25250	3.94424e-019
505	25300	3.94424e-019
506	25350	3.94424e-019
507	25400	3.29959e-019
508	25450	3.05377e-019
509	25500	3.0125e-019
510	25550	1.78409e-019
511	25600	1.78409e-019
512	25650	1.78409e-019
513	25700	1.78248e-019
514	25750	1.78248e-019
515	25800	1.02746e-019
516	25850	9.30512e-020
517	25900	9.30512e-020
518	25950	9.30512e-020
519	26000	9.30512e-020
520	26050	7.65069e-020
521	26100	7.65069e-020
522	26150	7.58257e-020
523	26200	7.58257e-020
524	26250	7.58257e-020
525	26300	7.58257e-020
526	26350	5.32112e-020
527	26400	5.32112e-020
528	26450	2.80176e-020
529	26500	2.80176e-020
530	26550	2.80176e-020
531	26600	2.80176e-020
532	26650	2.80176e-020
533	26700	2.40744e-020
534	26750	2.40744e-020
535	26800	1.61429e-020
536	26850	1.61429e-020
537	26900	1.61429e-020
538	26950	1.47969e-020
539	27000	1.47969e-020
540	27050	1.47169e-020
541	27100	1.47169e-020
542	27150	1.24003e-020
543	27200	1.24003e-020
544	27250	7.26512e-021
545	27300	7.26512e-021
546	27350	5.96175e-021
547	27400	5.96175e-021
548	27450	4.71365e-021
549	27500	4.71365e-021
550	27550	4.71365e-021
551	27600	4.71365e-021
552	27650	2.84892e-021
553	27700	2.84892e-021
554	27750	2.84892e-021
555	27800	2.84892e-021
556	27850	2.84892e-021
557	27900	1.80444e-021
558	27950	1.80444e-021
559	28000	1.80444e-021
560	28050	1.77472e-021
561	28100	1.77472e-021
562	28150	1.77472e-021
563	28200	1.77472e-021
564	28250	1.32173e-021
565	28300	1.32173e-021
566	28350	1.32173e-021
567	28400	1.32173e-021
568	28450	1.32173e-021
569	28500	1.32173e-021
570	28550	1.0275e-021
571	28600	1.00208e-021
572	28650	1.00208e-021
573	28700	9.14782e-022
574	28750	9.04512e-022
575	28800	2.73178e-022
576	28850	2.73178e-022
577	28900	1.78055e-022
578	28950	1.78055e-022
579	29000	1.78055e-022
580	29050	1.78055e-022
581	29100	1.78055e-022
582	29150	1.78055e-022
583	29200	1.78055e-022
584	29250	1.78055e-022
585	29300	1.72648e-022
586	29350	1.33516e-022
587	29400	1.33516e-022
588	29450	1.33516e-022
589	29500	1.33516e-022
590	29550	1.33516e-022
591	29600	1.33516e-022
592	29650	9.6705e-023
593	29700	9.6705e-023
594	29750	9.6705e-023
595	29800	9.6705e-023
596	29850	9.04554e-023
597	29900	7.09619e-023
598	29950	7.09619e-023
599	30000	6.44975e-023
600	30050	6.44975e-023
601	30100	6.44975e-023
602	30150	6.19364e-023
603	30200	3.00747e-023
604	30250	3.00747e-023
605	30300	3.00747e-023
606	30350	3.00747e-023
607	30400	3.00747e-023
608	30450	3.00689e-023
609	30500	3.00689e-023
610	30550	3.00689e-023
611	30600	1.20193e-023
612	30650	1.20193e-023
613	30700	4.84666e-024
614	30750	4.84666e-024
615	30800	4.84666e-024
616	30850	4.84666e-024
617	30900	4.84666e-024
618	30950	4.84666e-024
619	31000	4.84666e-024
620	31050	4.84666e-024
621	31100	4.84666e-024
622	31150	4.84666e-024
623	31200	4.84666e-024
624	31250	4.84666e-024
625	31300	4.31193e-024
626	31350	4.1484e-024
627	31400	1.55188e-024
628	31450	1.55188e-024
629	31500	1.55188e-024
630	31550	1.55188e-024
631	31600	1.55188e-024
632	31650	1.55188e-024
633	31700	1.55188e-024
634	31750	1.55188e-024
635	31800	1.55188e-024
636	31850	1.55188e-024
637	31900	1.55188e-024
638	31950	1.55188e-024
639	32000	1.45746e-024
640	32050	1.27875e-024
641	32100	1.27875e-024
642	32150	5.53142e-025
643	32200	5.53142e-025
644	32250	5.53142e-025
645	32300	4.23532e-025
646	32350	4.23532e-025
647	32400	4.23532e-025
648	32450	4.23532e-025
649	32500	4.23532e-025
650	32550	4.23532e-025
651	32600	3.12215e-025
652	32650	3.12215e-025
653	32700	3.00743e-025
654	32750	3.00743e-025
655	32800	3.00743e-025
656	32850	2.49814e-025
657	32900	2.49814e-025
658	32950	2.49814e-025
659	33000	2.49814e-025
660	33050	2.06503e-025
661	33100	1.32432e-025
662	33150	1.32432e-025
663	33200	1.32432e-025
664	33250	9.32732e-026
665	33300	9.06113e-026
666	33350	9.06113e-026
667	33400	9.06113e-026
668	33450	9.06113e-026
669	33500	9.01212e-026
670	33550	9.00523e-026
671	33600	5.53117e-026
672	33650	5.53117e-026
673	33700	5.53117e-026
674	33750	5.53117e-026
675	33800	5.53117e-026
676	33850	5.53117e-026
677	33900	4.04246e-026
678	33950	4.04246e-026
679	34000	4.04246e-026
680	34050	3.29523e-026
681	34100	1.78885e-026
682	34150	1.78885e-026
683	34200	1.2316e-026
684	34250	1.2316e-026
685	34300	1.2316e-026
686	34350	1.2316e-026
687	34400	1.2316e-026
688	34450	1.2316e-026
689	34500	1.2316e-026
690	34550	1.22664e-026
691	34600	1.15053e-026
692	34650	1.15053e-026
693	34700	1.11441e-026
694	34750	9.28083e-027
695	34800	8.16719e-027
696	34850	8.16719e-027
697	34900	6.48469e-027
698	34950	6.48469e-027
699	35000	6.22959e-027
700	35050	4.80204e-027
701	35100	3.89459e-027
702	35150	3.89459e-027
703	35200	3.45736e-027
704	35250	3.45736e-027
705	35300	3.21446e-027
706	35350	2.39816e-027
707	35400	2.39816e-027
708	35450	2.39816e-027
709	35500	2.39816e-027
710	35550	2.01879e-027
711	35600	2.01879e-027
712	35650	1.21524e-027
713	35700	1.21524e-027
714	35750	1.21524e-027
715	35800	1.21524e-027
716	35850	1.21524e-027
717	35900	1.21524e-027
718	35950	1.20931e-027
719	36000	1.20931e-027
720	36050	9.79777e-028
721	36100	6.89055e-028
722	36150	5.96463e-028
723	36200	5.43511e-028
724	36250	5.43511e-028
725	36300	4.78255e-028
726	36350	2.47266e-028
727	36400	2.08591e-028
728	36450	2.08591e-028
729	36500	1.56452e-028
730	36550	1.56452e-028
731	36600	1.56452e-028
732	36650	1.56452e-028
733	36700	1.39343e-028
734	36750	1.39343e-028
735	36800	1.06236e-028
736	36850	5.86848e-029
737	36900	5.86848e-029
738	36950	4.3803e-029
739	37000	4.3803e-029
740	37050	4.3803e-029
741	37100	4.3803e-029
742	37150	4.3803e-029
743	37200	4.3803e-029
744	37250	4.3803e-029
745	37300	4.3803e-029
746	37350	4.3803e-029
747	37400	3.27518e-029
748	37450	3.27518e-029
749	37500	3.27518e-029
750	37550	3.27518e-029
751	37600	2.1392e-029
752	37650	2.1392e-029
753	37700	2.1392e-029
754	37750	1.81639e-029
755	37800	1.81639e-029
756	37850	1.81639e-029
757	37900	1.81639e-029
758	37950	1.8009e-029
759	38000	1.62395e-029
760	38050	9.25267e-030
761	38100	9.25267e-030
762	38150	6.12649e-030
763	38200	6.12649e-030
764	38250	6.12649e-030
765	38300	6.12649e-030
766	38350	6.12649e-030
767	38400	6.12649e-030
768	38450	4.4825e-030
769	38500	4.4825e-030
770	38550	4.4825e-030
771	38600	4.4825e-030
772	38650	4.4825e-030
773	38700	3.24525e-030
774	38750	3.24525e-030
775	38800	1.78463e-030
776	38850	1.78463e-030
777	38900	1.55076e-030
778	38950	1.55076e-030
779	39000	1.01536e-030
780	39050	9.63879e-031
781	39100	9.62263e-031
782	39150	9.62263e-031
783	39200	9.62263e-031
784	39250	8.40655e-031
785	39300	8.22767e-031
786	39350	5.69135e-031
787	39400	5.69135e-031
788	39450	5.69135e-031
789	39500	5.67758e-031
790	39550	5.13977e-031
791	39600	5.13977e-031
792	39650	3.39785e-031
793	39700	3.39785e-031
794	39750	3.39785e-031
795	39800	3.39785e-031
796	39850	3.35888e-031
797	39900	3.35888e-031
798	39950	2.52311e-031
799	40000	1.82026e-031
800	40050	1.52642e-031
801	40100	1.52642e-031
802	40150	1.52642e-031
803	40200	1.35695e-031
804	40250	1.35695e-031
805	40300	1.35695e-031
806	40350	1.35695e-031
807	40400	1.1299e-031
808	40450	1.07239e-031
809	40500	1.07239e-031
810	40550	1.07239e-031
811	40600	5.51131e-032
812	40650	5.51131e-032
813	40700	4.38153e-032
814	40750	3.10719e-032
815	40800	3.10719e-032
816	40850	3.10719e-032
817	40900	3.10719e-032
818	40950	3.10719e-032
819	41000	3.0552e-032
820	41050	2.74065e-032
821	41100	2.05308e-032
822	41150	2.05308e-032
823	41200	2.05308e-032
824	41250	1.87456e-032
825	41300	1.44815e-032
826	41350	1.44815e-032
827	41400	1.44815e-032
828	41450	1.44815e-032
829	41500	1.21071e-032
830	41550	1.21071e-032
831	41600	1.21071e-032
832	41650	1.21071e-032
833	41700	9.41857e-033
834	41750	9.41857e-033
835	41800	9.12553e-033
836	41850	7.8096e-033
837	41900	5.45913e-033
838	41950	5.45913e-033
839	42000	5.45913e-033
840	42050	4.17262e-033
841	42100	4.17262e-033
842	42150	2.8521e-033
843	42200	2.8521e-033
844	42250	2.8521e-033
845	42300	2.8521e-033
846	42350	2.8521e-033
847	42400	1.56256e-033
848	42450	1.36694e-033
849	42500	9.26258e-034
850	42550	9.26258e-034
851	42600	9.26258e-034
852	42650	9.26258e-034
853	42700	5.24919e-034
854	42750	4.69525e-034
855	42800	4.50668e-034
856	42850	4.50668e-034
857	42900	4.50668e-034
858	42950	4.50668e-034
859	43000	3.79843e-034
860	43050	3.79843e-034
861	43100	3.79843e-034
862	43150	3.79843e-034
863	43200	3.65459e-034
864	43250	3.65459e-034
865	43300	3.65459e-034
866	43350	3.44732e-034
867	43400	2.02095e-034
868	43450	2.02095e-034
869	43500	1.80496e-034
870	43550	1.60514e-034
871	43600	1.60514e-034
872	43650	1.60514e-034
873	43700	1.44843e-034
874	43750	1.44843e-034
875	43800	9.60786e-035
876	43850	9.60786e-035
877	43900	9.60786e-035
878	43950	8.02448e-035
879	44000	8.02448e-035
880	44050	8.02448e-035
881	44100	6.59529e-035
882	44150	6.59529e-035
883	44200	5.71537e-035
884	44250	4.5817e-035
885	44300	4.5817e-035
886	44350	4.5817e-035
887	44400	4.5817e-035
888	44450	4.5817e-035
889	44500	3.58502e-035
890	44550	3.58502e-035
891	44600	3.58502e-035
892	44650	3.58502e-035
893	44700	2.89837e-035
894	44750	2.54946e-035
895	44800	1.6866e-035
896	44850	1.6866e-035
897	44900	1.6866e-035
898	44950	1.6866e-035
899	45000	1.6866e-035
900	45050	1.44952e-035
901	45100	1.44952e-035
902	45150	1.10724e-035
903	45200	6.05818e-036
904	45250	6.05818e-036
905	45300	5.83273e-036
906	45350	5.83273e-036
907	45400	5.77602e-036
908	45450	5.77602e-036
909	45500	5.68233e-036
910	45550	5.68233e-036
911	45600	4.72928e-036
912	45650	4.72928e-036
913	45700	4.72928e-036
914	45750	4.72928e-036
915	45800	4.55828e-036
916	45850	4.44627e-036
917	45900	3.45061e-036
918	45950	2.67634e-036
919	46000	1.80154e-036
920	46050	1.80154e-036
921	46100	1.80154e-036
922	46150	1.80154e-036
923	46200	1.64621e-036
924	46250	1.64621e-036
925	46300	1.57697e-036
926	46350	1.57697e-036
927	46400	9.01067e-037
928	46450	6.79508e-037
929	46500	6.79508e-037
930	46550	6.79508e-037
931	46600	6.23386e-037
932	46650	6.23386e-037
933	46700	6.23386e-037
934	46750	6.23386e-037
935	46800	5.55307e-037
936	46850	2.26153e-037
937	46900	2.26153e-037
938	46950	2.26153e-037
939	47000	1.72353e-037
940	47050	1.72353e-037
941	47100	1.72353e-037
942	47150	1.72353e-037
943	47200	1.72353e-037
944	47250	1.72353e-037
945	47300	1.64484e-037
946	47350	1.64484e-037
947	47400	1.60058e-037
948	47450	1.60058e-037
949	47500	1.60058e-037
950	47550	9.89496e-038
951	47600	9.89496e-038
952	47650	9.89496e-038
953	47700	9.89496e-038
954	47750	9.89496e-038
955	47800	9.89496e-038
956	47850	9.89496e-038
957	47900	8.5751e-038
958	47950	5.81253e-038
959	48000	5.81253e-038
960	48050	5.61288e-038
961	48100	5.61288e-038
962	48150	5.61288e-038
963	48200	5.21639e-038
964	48250	4.55014e-038
965	48300	3.94314e-038
966	48350	3.94314e-038
967	48400	3.7796e-038
968	48450	3.77285e-038
969	48500	2.5273e-038
970	48550	2.5273e-038
971	48600	2.5273e-038
972	48650	2.41853e-038
973	48700	2.03625e-038
974	48750	1.94032e-038
975	48800	1.84438e-038
976	48850	1.26371e-038
977	48900	1.26371e-038
978	48950	1.26371e-038
979	49000	1.00926e-038
980	49050	9.23052e-039
981	49100	5.48575e-039
982	49150	5.48575e-039
983	49200	5.48575e-039
984	49250	5.48575e-039
985	49300	5.48575e-039
986	49350	3.53764e-039
987	49400	3.53764e-039
988	49450	3.53764e-039
989	49500	1.27663e-039
990	49550	1.27663e-039
991	49600	1.27663e-039
992	49650	1.27663e-039
993	49700	1.27663e-039
994	49750	1.27663e-039
995	49800	1.27663e-039
996	49850	1.1489e-039
997	49900	1.1489e-039
998	49950	1.1489e-039
999	50000	1.1489e-039
1000	50050	1.05766e-039
1001	50100	9.28194e-040
1002	50150	8.9935e-040
1003	50200	8.08962e-040
1004	50250	8.08962e-040
1005	50300	8.08962e-040
1006	50350	8.08962e-040
1007	50400	8.08962e-040
1008	50450	7.44495e-040
1009	50500	6.37613e-040
1010	50550	6.37613e-040
1011	50600	6.37613e-040
1012	50650	5.86148e-040
1013	50700	5.86148e-040
1014	50750	5.49584e-040
1015	50800	5.49584e-040
1016	50850	5.49584e-040
1017	50900	5.49584e-040
1018	50950	5.25743e-040
1019	51000	2.99931e-040
1020	51050	2.99931e-040
1021	51100	2.48116e-040
1022	51150	2.48116e-040
1023	51200	6.88428e-041
1024	51250	6.88428e-041
1025	51300	6.88428e-041
1026	51350	6.88428e-041
1027	51400	6.88428e-041
1028	51450	6.88428e-041
1029	51500	6.88428e-041
1030	51550	6.88428e-041
1031	51600	6.88428e-041
1032	51650	6.88428e-041
1033	51700	6.10363e-041
1034	51750	6.10363e-041
1035	51800	6.10363e-041
1036	51850	4.98863e-041
1037	51900	4.89237e-041
1038	51950	4.8642e-041
1039	52000	4.35126e-041
1040	52050	3.80998e-041
1041	52100	3.80998e-041
1042	52150	3.25316e-041
1043	52200	1.21939e-041
1044	52250	1.21939e-041
1045	52300	1.21939e-041
1046	52350	1.21939e-041
1047	52400	1.21939e-041
1048	52450	1.21939e-041
1049	52500	1.21939e-041
1050	52550	1.11024e-041
1051	52600	1.11024e-041
1052	52650	1.11024e-041
1053	52700	1.11024e-041
1054	52750	6.93225e-042
1055	52800	6.93225e-042
1056	52850	6.93225e-042
1057	52900	6.93225e-042
1058	52950	6.93225e-042
1059	53000	6.73057e-042
1060	53050	5.42324e-042
1061	53100	3.85225e-042
1062	53150	3.85225e-042
1063	53200	3.85225e-042
1064	53250	1.80337e-042
1065	53300	1.80337e-042
1066	53350	1.80337e-042
1067	53400	9.0144e-043
1068	53450	9.0144e-043
1069	53500	9.0144e-043
1070	53550	9.0144e-043
1071	53600	9.0144e-043
1072	53650	9.0144e-043
1073	53700	8.64768e-043
1074	53750	4.60156e-043
1075	53800	4.60156e-043
1076	53850	4.60156e-043
1077	53900	4.01298e-043
1078	53950	2.87783e-043
1079	54000	2.87783e-043
1080	54050	2.87783e-043
1081	54100	1.85216e-043
1082	54150	1.85216e-043
1083	54200	1.85216e-043
1084	54250	1.85216e-043
1085	54300	1.85216e-043
1086	54350	1.85216e-043
1087	54400	1.85216e-043
1088	54450	1.85216e-043
1089	54500	1.85216e-043
1090	54550	1.39858e-043
1091	54600	1.39858e-043
1092	54650	1.39858e-043
1093	54700	8.83544e-044
1094	54750	6.53679e-044
1095	54800	6.53679e-044
1096	54850	6.53679e-044
1097	54900	5.7693e-044
1098	54950	5.7693e-044
1099	55000	5.7693e-044
1100	55050	5.7693e-044
1101	55100	5.7693e-044
1102	55150	3.62209e-044
1103	55200	3.62209e-044
1104	55250	3.62209e-044
1105	55300	3.62209e-044
1106	55350	3.10835e-044
1107	55400	3.10835e-044
1108	55450	3.10835e-044
1109	55500	3.06365e-044
1110	55550	3.06365e-044
1111	55600	2.7783e-044
1112	55650	2.20329e-044
1113	55700	2.20329e-044
1114	55750	2.20329e-044
1115	55800	1.73087e-044
1116	55850	1.71811e-044
1117	55900	1.66669e-044
1118	55950	1.66669e-044
1119	56000	1.66669e-044
1120	56050	1.60617e-044
1121	56100	1.39564e-044
1122	56150	1.39564e-044
1123	56200	1.38461e-044
1124	56250	1.2222e-044
1125	56300	5.6875e-045
1126	56350	5.43765e-045
1127	56400	4.93189e-045
1128	56450	4.93189e-045
1129	56500	4.93189e-045
1130	56550	4.86009e-045
1131	56600	3.70755e-045
1132	56650	3.70755e-045
1133	56700	3.70755e-045
1134	56750	2.56681e-045
1135	56800	2.25925e-045
1136	56850	2.23392e-045
1137	56900	1.41957e-045
1138	56950	1.41957e-045
1139	57000	1.16625e-045
1140	57050	1.16625e-045
1141	57100	9.5832e-046
1142	57150	9.5832e-046
1143	57200	8.57628e-046
1144	57250	8.57628e-046
1145	57300	8.02518e-046
1146	57350	8.02518e-046
1147	57400	8.02518e-046
1148	57450	8.02518e-046
1149	57500	8.02518e-046
1150	57550	3.2069e-046
1151	57600	3.2069e-046
1152	57650	3.2069e-046
1153	57700	3.2069e-046
1154	57750	3.2069e-046
1155	57800	3.2069e-046
1156	57850	2.19352e-046
1157	57900	2.19352e-046
1158	57950	2.19352e-046
1159	58000	2.08693e-046
1160	58050	2.08693e-046
1161	58100	1.9844e-046
1162	58150	1.37908e-046
1163	58200	1.37908e-046
1164	58250	1.37908e-046
1165	58300	1.06522e-046
1166	58350	9.74819e-047
1167	58400	9.48588e-047
1168	58450	7.02795e-047
1169	58500	6.72504e-047
1170	58550	6.72504e-047
1171	58600	6.72504e-047
1172	58650	6.72504e-047
1173	58700	2.88053e-047
1174	58750	2.88053e-047
1175	58800	2.88053e-047
1176	58850	2.88053e-047
1177	58900	2.88053e-047
1178	58950	2.0248e-047
1179	59000	1.63568e-047
1180	59050	1.63568e-047
1181	59100	1.63568e-047
1182	59150	1.63568e-047
1183	59200	1.63568e-047
1184	59250	1.63568e-047
1185	59300	1.63568e-047
1186	59350	1.63568e-047
1187	59400	1.41586e-047
1188	59450	1.41586e-047
1189	59500	1.37565e-047
1190	59550	1.37565e-047
1191	59600	1.3485e-047
1192	59650	1.31345e-047
1193	59700	1.02109e-047
1194	59750	4.84442e-048
1195	59800	4.84442e-048
1196	59850	4.70887e-048
1197	59900	4.70887e-048
1198	59950	4.70887e-048
1199	60000	4.70887e-048
1200	60050	4.52642e-048
1201	60100	4.52642e-048
1202	60150	4.52642e-048
1203	60200	4.52642e-048
1204	60250	3.03798e-048
1205	60300	3.03798e-048
1206	60350	2.39476e-048
1207	60400	2.39476e-048
1208	60450	2.39476e-048
1209	60500	2.39476e-048
1210	60550	2.33643e-048
1211	60600	2.33643e-048
1212	60650	1.59046e-048
1213	60700	1.59046e-048
1214	60750	1.59046e-048
1215	60800	1.00149e-048
1216	60850	1.00149e-048
1217	60900	1.00149e-048
1218	60950	8.94191e-049
1219	61000	8.94191e-049
1220	61050	6.78532e-049
1221	61100	6.78532e-049
1222	61150	6.78532e-049
1223	61200	5.49314e-049
1224	61250	5.32633e-049
1225	61300	5.32633e-049
1226	61350	5.32633e-049
1227	61400	5.04146e-049
1228	61450	4.17359e-049
1229	61500	4.17359e-049
1230	61550	4.17359e-049
1231	61600	3.58691e-049
1232	61650	3.58691e-049
1233	61700	3.26746e-049
1234	61750	1.49182e-049
1235	61800	1.49182e-049
1236	61850	1.49182e-049
1237	61900	1.15849e-049
1238	61950	1.15849e-049
1239	62000	1.15849e-049
1240	62050	1.15849e-049
1241	62100	1.15849e-049
1242	62150	8.80259e-050
1243	62200	8.80259e-050
1244	62250	8.80259e-050
1245	62300	7.34683e-050
1246	62350	7.01053e-050
1247	62400	5.33738e-050
1248	62450	5.33738e-050
1249	62500	5.33738e-050
1250	62550	5.33738e-050
1251	62600	5.33738e-050
1252	62650	4.69061e-050
1253	62700	4.32185e-050
1254	62750	4.32185e-050
1255	62800	4.32185e-050
1256	62850	4.32185e-050
1257	62900	1.41921e-050
1258	62950	1.41921e-050
1259	63000	1.41921e-050
1260	63050	1.41921e-050
1261	63100	1.41921e-050
1262	63150	1.10729e-050
1263	63200	1.10729e-050
1264	63250	1.10729e-050
1265	63300	1.10729e-050
1266	63350	1.10729e-050
1267	63400	1.10729e-050
1268	63450	1.07996e-050
1269	63500	1.07996e-050
1270	63550	1.07996e-050
1271	63600	7.36341e-051
1272	63650	6.08098e-051
1273	63700	6.08098e-051
1274	63750	5.15739e-051
1275	63800	5.15739e-051
1276	63850	3.56685e-051
1277	63900	3.56685e-051
1278	63950	3.56685e-051
1279	64000	3.56685e-051
1280	64050	3.14559e-051
1281	64100	3.14559e-051
1282	64150	3.14559e-051
1283	64200	2.33788e-051
1284	64250	2.33788e-051
1285	64300	2.33788e-051
1286	64350	2.33788e-051
1287	64400	2.22786e-051
1288	64450	2.22786e-051
1289	64500	1.13777e-051
1290	64550	1.13777e-051
1291	64600	1.13777e-051
1292	64650	1.06209e-051
1293	64700	1.06209e-051
1294	64750	8.42295e-052
1295	64800	8.42295e-052
1296	64850	6.59251e-052
1297	64900	6.59251e-052
1298	64950	6.59251e-052
1299	65000	6.20247e-052
1300	65050	5.63129e-052
1301	65100	2.88125e-052
1302	65150	2.88125e-052
1303	65200	2.88125e-052
1304	65250	2.38064e-052
1305	65300	2.38064e-052
1306	65350	2.38064e-052
1307	65400	2.2041e-052
1308	65450	2.2041e-052
1309	65500	1.23417e-052
1310	65550	1.23417e-052
1311	65600	1.23417e-052
1312	65650	1.23171e-052
1313	65700	1.23171e-052
1314	65750	8.96182e-053
1315	65800	8.96182e-053
1316	65850	8.18027e-053
1317	65900	8.18027e-053
1318	65950	7.80782e-053
1319	66000	7.80782e-053
1320	66050	7.19628e-053
1321	66100	7.19628e-053
1322	66150	7.08009e-053
1323	66200	4.30469e-053
1324	66250	4.30469e-053
1325	66300	4.30469e-053
1326	66350	3.8334e-053
1327	66400	3.8334e-053
1328	66450	3.8334e-053
1329	66500	3.8334e-053
1330	66550	2.90582e-053
1331	66600	1.40215e-053
1332	66650	1.40215e-053
1333	66700	1.40215e-053
1334	66750	1.40215e-053
1335	66800	1.40215e-053
1336	66850	9.21935e-054
1337	66900	7.65706e-054
1338	66950	6.02782e-054
1339	67000	6.02782e-054
1340	67050	6.02782e-054
1341	67100	6.02782e-054
1342	67150	6.02782e-054
1343	67200	6.02782e-054
1344	67250	4.36797e-054
1345	67300	4.36797e-054
1346	67350	4.13559e-054
1347	67400	3.55944e-054
1348	67450	3.55944e-054
1349	67500	3.31609e-054
1350	67550	2.5281e-054
1351	67600	2.5281e-054
1352	67650	2.5281e-054
1353	67700	2.5281e-054
1354	67750	2.2492e-054
1355	67800	2.2492e-054
1356	67850	2.19375e-054
1357	67900	2.01491e-054
1358	67950	2.01491e-054
1359	68000	1.8247e-054
1360	68050	1.6001e-054
1361	68100	1.57252e-054
1362	68150	1.55056e-054
1363	68200	1.04217e-054
1364	68250	9.67776e-055
1365	68300	7.60237e-055
1366	68350	6.19683e-055
1367	68400	6.19683e-055
1368	68450	3.62851e-055
1369	68500	3.62851e-055
1370	68550	2.76872e-055
1371	68600	2.76872e-055
1372	68650	2.76872e-055
1373	68700	2.76872e-055
1374	68750	2.07456e-055
1375	68800	2.01306e-055
1376	68850	2.01306e-055
1377	68900	2.01306e-055
1378	68950	2.01306e-055
1379	69000	2.01306e-055
1380	69050	1.6659e-055
1381	69100	1.54198e-055
1382	69150	1.54198e-055
1383	69200	1.41542e-055
1384	69250	1.12325e-055
1385	69300	1.12325e-055
1386	69350	8.93933e-056
1387	69400	8.93933e-056
1388	69450	8.93933e-056
1389	69500	8.93933e-056
1390	69550	8.90407e-056
1391	69600	8.90407e-056
1392	69650	7.49221e-056
1393	69700	5.86408e-056
1394	69750	3.72518e-056
1395	69800	3.53021e-056
1396	69850	3.47857e-056
1397	69900	3.47857e-056
1398	69950	2.12419e-056
1399	70000	2.12419e-056
1400	70050	2.12419e-056
1401	70100	2.12419e-056
1402	70150	2.12419e-056
1403	70200	1.91978e-056
1404	70250	7.18098e-057
1405	70300	7.18098e-057
1406	70350	7.18098e-057
1407	70400	7.18098e-057
1408	70450	7.18098e-057
1409	70500	7.18098e-057
1410	70550	7.07444e-057
1411	70600	7.07444e-057
1412	70650	5.42549e-057
1413	70700	5.42549e-057
1414	70750	5.42549e-057
1415	70800	5.42549e-057
1416	70850	4.792e-057
1417	70900	4.67962e-057
1418	70950	3.51858e-057
1419	71000	3.51858e-057
1420	71050	3.28464e-057
1421	71100	3.28464e-057
1422	71150	3.28464e-057
1423	71200	3.28464e-057
1424	71250	2.21881e-057
1425	71300	2.21881e-057
1426	71350	1.63188e-057
1427	71400	1.63188e-057
1428	71450	1.13598e-057
1429	71500	1.13598e-057
1430	71550	1.13598e-057
1431	71600	1.13598e-057
1432	71650	1.13598e-057
1433	71700	8.49751e-058
1434	71750	8.49751e-058
1435	71800	8.49751e-058
1436	71850	8.36024e-058
1437	71900	8.36024e-058
1438	71950	6.43855e-058
1439	72000	6.43855e-058
1440	72050	6.43855e-058
1441	72100	3.09492e-058
1442	72150	3.09492e-058
1443	72200	3.09492e-058
1444	72250	3.09492e-058
1445	72300	2.8868e-058
1446	72350	2.8868e-058
1447	72400	2.45603e-058
1448	72450	2.45603e-058
1449	72500	2.45603e-058
1450	72550	1.95762e-058
1451	72600	1.35724e-058
1452	72650	1.35724e-058
1453	72700	1.35724e-058
1454	72750	1.35724e-058
1455	72800	1.35724e-058
1456	72850	1.35724e-058
1457	72900	9.9827e-059
1458	72950	9.9827e-059
1459	73000	5.39706e-059
1460	73050	5.39706e-059
1461	73100	5.39706e-059
1462	73150	5.39706e-059
1463	73200	5.39706e-059
1464	73250	5.39706e-059
1465	73300	4.61473e-059
1466	73350	4.61473e-059
1467	73400	4.47811e-059
1468	73450	3.2805e-059
1469	73500	2.90723e-059
1470	73550	2.90723e-059
1471	73600	2.90723e-059
1472	73650	2.90723e-059
1473	73700	2.90723e-059
1474	73750	2.83765e-059
1475	73800	1.45267e-059
1476	73850	1.173e-059
1477	73900	1.173e-059
1478	73950	1.173e-059
1479	74000	1.173e-059
1480	74050	1.173e-059
1481	74100	1.173e-059
1482	74150	9.08003e-060
1483	74200	8.2569e-060
1484	74250	8.2569e-060
1485	74300	4.53264e-060
1486	74350	4.53264e-060
1487	74400	4.53264e-060
1488	74450	3.85266e-060
1489	74500	2.40029e-060
1490	74550	2.19315e-060
1491	74600	2.19315e-060
1492	74650	2.19315e-060
1493	74700	2.19315e-060
1494	74750	2.19315e-060
1495	74800	2.19315e-060
1496	74850	2.19315e-060
1497	74900	2.19315e-060
1498	74950	2.07083e-060
1499	75000	1.90693e-060
1500	75050	1.90693e-060
1501	75100	1.90693e-060
1502	75150	1.4666e-060
1503	75200	1.42817e-060
1504	75250	1.17027e-060
1505	75300	1.17027e-060
1506	75350	1.08083e-060
1507	75400	1.08083e-060
1508	75450	9.48005e-061
1509	75500	9.48005e-061
1510	75550	9.3153e-061
1511	75600	7.54592e-061
1512	75650	7.54592e-061
1513	75700	7.54592e-061
1514	75750	3.46475e-061
1515	75800	3.46475e-061
1516	75850	3.10164e-061
1517	75900	3.10164e-061
1518	75950	2.79372e-061
1519	76000	2.17554e-061
1520	76050	2.17554e-061
1521	76100	2.17554e-061
1522	76150	2.17554e-061
1523	76200	2.15868e-061
1524	76250	1.2776e-061
1525	76300	1.2776e-061
1526	76350	1.26348e-061
1527	76400	1.18187e-061
1528	76450	3.57679e-062
1529	76500	3.57679e-062
1530	76550	3.57679e-062
1531	76600	3.57679e-062
1532	76650	3.57679e-062
1533	76700	3.57679e-062
1534	76750	3.57679e-062
1535	76800	3.57679e-062
1536	76850	3.57679e-062
1537	76900	3.47727e-062
1538	76950	3.47727e-062
1539	77000	3.47727e-062
1540	77050	3.47727e-062
1541	77100	3.47727e-062
1542	77150	3.47727e-062
1543	77200	2.76526e-062
1544	77250	2.76526e-062
1545	77300	2.76526e-062
1546	77350	2.42034e-062
1547	77400	2.42034e-062
1548	77450	2.0231e-062
1549	77500	2.0231e-062
1550	77550	1.2881e-062
1551	77600	1.2696e-062
1552	77650	8.62398e-063
1553	77700	8.62398e-063
1554	77750	8.62398e-063
1555	77800	8.62398e-063
1556	77850	8.62398e-063
1557	77900	7.12289e-063
1558	77950	4.08543e-063
1559	78000	4.08543e-063
1560	78050	4.08543e-063
1561	78100	4.08543e-063
1562	78150	4.08543e-063
1563	78200	3.81582e-063
1564	78250	3.81582e-063
1565	78300	3.77995e-063
1566	78350	2.13813e-063
1567	78400	2.13813e-063
1568	78450	2.10276e-063
1569	78500	1.70791e-063
1570	78550	1.51875e-063
1571	78600	1.51875e-063
1572	78650	1.448e-063
1573	78700	1.4064e-063
1574	78750	1.21399e-063
1575	78800	9.60465e-064
1576	78850	8.18708e-064
1577	78900	7.11236e-064
1578	78950	7.11236e-064
1579	79000	7.11236e-064
1580	79050	6.30713e-064
1581	79100	4.74461e-064
1582	79150	4.74461e-064
1583	79200	3.38349e-064
1584	79250	3.22881e-064
1585	79300	3.22779e-064
1586	79350	3.22779e-064
1587	79400	2.59691e-064
1588	79450	2.59691e-064
1589	79500	2.2501e-064
1590	79550	2.2501e-064
1591	79600	2.14147e-064
1592	79650	1.47311e-064
1593	79700	1.09923e-064
1594	79750	1.09923e-064
1595	79800	7.1218e-065
1596	79850	7.1218e-065
1597	79900	4.73876e-065
1598	79950	4.73876e-065
1599	80000	4.73876e-065
1600	80050	4.73876e-065
1601	80100	4.73876e-065
1602	80150	3.84752e-065
1603	80200	3.84752e-065
1604	80250	2.04172e-065
1605	80300	2.04172e-065
1606	80350	2.04172e-065
1607	80400	2.04172e-065
1608	80450	2.04172e-065
1609	80500	1.36703e-065
1610	80550	1.36703e-065
1611	80600	7.40586e-066
1612	80650	7.40586e-066
1613	80700	7.40586e-066
1614	80750	7.40586e-066
1615	80800	7.40586e-066
1616	80850	7.40586e-066
1617	80900	6.54286e-066
1618	80950	6.54286e-066
1619	81000	6.54286e-066
1620	81050	6.54286e-066
1621	81100	6.54286e-066
1622	81150	6.54286e-066
1623	81200	6.54286e-066
1624	81250	6.54286e-066
1625	81300	3.92552e-066
1626	81350	3.7526e-066
1627	81400	3.7526e-066
1628	81450	3.7526e-066
1629	81500	3.7526e-066
1630	81550	3.64258e-066
1631	81600	3.28863e-066
1632	81650	3.28863e-066
1633	81700	2.01029e-066
1634	81750	8.93345e-067
1635	81800	8.93345e-067
1636	81850	8.93345e-067
1637	81900	8.93345e-067
1638	81950	8.93345e-067
1639	82000	8.93345e-067
1640	82050	8.93345e-067
1641	82100	8.93345e-067
1642	82150	5.44845e-067
1643	82200	5.44845e-067
1644	82250	5.44845e-067
1645	82300	5.44845e-067
1646	82350	5.44845e-067
1647	82400	5.44845e-067
1648	82450	5.44845e-067
1649	82500	5.44845e-067
1650	82550	5.44845e-067
1651	82600	5.36678e-067
1652	82650	4.86959e-067
1653	82700	4.19626e-067
1654	82750	4.19626e-067
1655	82800	2.01075e-067
1656	82850	1.80406e-067
1657	82900	1.80406e-067
1658	82950	1.80406e-067
1659	83000	1.80406e-067
1660	83050	1.80406e-067
1661	83100	1.80406e-067
1662	83150	1.80406e-067
1663	83200	1.80406e-067
1664	83250	1.80406e-067
1665	83300	9.11334e-068
1666	83350	9.11334e-068
1667	83400	9.11334e-068
1668	83450	9.11334e-068
1669	83500	9.11334e-068
1670	83550	7.09999e-068
1671	83600	7.09999e-068
1672	83650	6.6395e-068
1673	83700	3.09546e-068
1674	83750	3.09546e-068
1675	83800	3.09546e-068
1676	83850	3.09546e-068
1677	83900	3.09546e-068
1678	83950	3.09546e-068
1679	84000	3.09546e-068
1680	84050	3.09546e-068
1681	84100	2.78243e-068
1682	84150	2.55415e-068
1683	84200	2.55415e-068
1684	84250	2.55415e-068
1685	84300	2.07861e-068
1686	84350	1.59569e-068
1687	84400	1.35768e-068
1688	84450	1.35768e-068
1689	84500	1.35768e-068
1690	84550	1.35768e-068
1691	84600	1.33441e-068
1692	84650	1.33441e-068
1693	84700	1.33441e-068
1694	84750	1.0401e-068
1695	84800	5.39453e-069
1696	84850	5.05056e-069
1697	84900	4.24369e-069
1698	84950	4.24369e-069
1699	85000	4.24369e-069
1700	85050	3.1379e-069
1701	85100	3.1379e-069
1702	85150	3.1379e-069
1703	85200	3.07674e-069
1704	85250	2.44298e-069
1705	85300	1.97223e-069
1706	85350	1.97223e-069
1707	85400	1.97223e-069
1708	85450	1.97223e-069
1709	85500	1.97223e-069
1710	85550	1.97223e-069
1711	85600	1.47297e-069
1712	85650	9.63339e-070
1713	85700	9.12767e-070
1714	85750	9.12767e-070
1715	85800	6.25041e-070
1716	85850	6.25041e-070
1717	85900	5.53432e-070
1718	85950	5.53432e-070
1719	86000	4.55563e-070
1720	86050	4.55563e-070
1721	86100	4.55563e-070
1722	86150	4.38765e-070
1723	86200	3.05401e-070
1724	86250	3.04494e-070
1725	86300	3.04494e-070
1726	86350	3.04494e-070
1727	86400	3.04494e-070
1728	86450	2.72283e-070
1729	86500	2.72283e-070
1730	86550	2.52785e-070
1731	86600	7.98864e-071
1732	86650	7.98864e-071
1733	86700	7.98864e-071
1734	86750	7.98864e-071
1735	86800	7.98864e-071
1736	86850	6.97571e-071
1737	86900	6.97571e-071
1738	86950	6.97571e-071
1739	87000	6.97571e-071
1740	87050	6.97571e-071
1741	87100	4.8133e-071
1742	87150	4.8133e-071
1743	87200	4.20988e-071
1744	87250	4.11414e-071
1745	87300	4.11414e-071
1746	87350	4.11414e-071
1747	87400	4.11414e-071
1748	87450	3.43058e-071
1749	87500	3.43058e-071
1750	87550	3.43058e-071
1751	87600	3.43058e-071
1752	87650	3.25937e-071
1753	87700	2.43473e-071
1754	87750	1.99158e-071
1755	87800	1.96949e-071
1756	87850	1.96949e-071
1757	87900	1.96949e-071
1758	87950	1.85606e-071
1759	88000	1.50235e-071
1760	88050	1.50235e-071
1761	88100	1.50235e-071
1762	88150	1.50235e-071
1763	88200	1.25266e-071
1764	88250	1.20374e-071
1765	88300	1.00047e-071
1766	88350	3.83998e-072
1767	88400	3.83998e-072
1768	88450	3.83998e-072
1769	88500	3.83998e-072
1770	88550	3.19876e-072
1771	88600	2.84137e-072
1772	88650	2.71203e-072
1773	88700	2.46883e-072
1774	88750	2.46883e-072
1775	88800	2.33972e-072
1776	88850	2.33972e-072
1777	88900	2.33972e-072
1778	88950	2.33972e-072
1779	89000	1.82551e-072
1780	89050	1.82551e-072
1781	89100	1.28547e-072
1782	89150	1.28547e-072
1783	89200	8.35653e-073
1784	89250	6.62857e-073
1785	89300	6.62857e-073
1786	89350	6.62857e-073
1787	89400	6.62857e-073
1788	89450	4.72685e-073
1789	89500	4.72685e-073
1790	89550	3.40111e-073
1791	89600	3.40111e-073
1792	89650	3.40111e-073
1793	89700	3.40111e-073
1794	89750	3.40111e-073
1795	89800	3.40111e-073
1796	89850	3.40111e-073
1797	89900	3.40111e-073
1798	89950	3.40111e-073
1799	90000	3.40111e-073
1800	90050	2.83628e-073
1801	90100	2.83628e-073
1802	90150	2.6798e-073
1803	90200	2.5602e-073
1804	90250	2.22994e-073
1805	90300	1.94925e-073
1806	90350	1.94925e-073
1807	90400	1.55895e-073
1808	90450	1.55895e-073
1809	90500	1.33066e-073
1810	90550	1.33066e-073
1811	90600	1.26528e-073
1812	90650	1.26528e-073
1813	90700	1.26528e-073
1814	90750	1.26528e-073
1815	90800	1.06563e-073
1816	90850	1.06563e-073
1817	90900	8.20681e-074
1818	90950	7.88926e-074
1819	91000	3.35609e-074
1820	91050	3.35609e-074
1821	91100	3.35609e-074
1822	91150	3.35609e-074
1823	91200	3.35609e-074
1824	91250	3.35609e-074
1825	91300	2.51946e-074
1826	91350	2.50946e-074
1827	91400	2.50946e-074
1828	91450	2.50946e-074
1829	91500	2.50946e-074
1830	91550	1.49296e-074
1831	91600	1.49296e-074
1832	91650	1.41824e-074
1833	91700	1.41824e-074
1834	91750	1.33888e-074
1835	91800	1.18031e-074
1836	91850	9.98303e-075
1837	91900	9.98303e-075
1838	91950	8.46142e-075
1839	92000	6.09151e-075
1840	92050	6.09151e-075
1841	92100	6.09151e-075
1842	92150	6.09151e-075
1843	92200	4.01004e-075
1844	92250	4.01004e-075
1845	92300	4.01004e-075
1846	92350	4.01004e-075
1847	92400	4.01004e-075
1848	92450	4.01004e-075
1849	92500	4.01004e-075
1850	92550	3.63255e-075
1851	92600	3.63255e-075
1852	92650	3.10956e-075
1853	92700	3.00195e-075
1854	92750	2.07537e-075
1855	92800	2.07537e-075
1856	92850	1.9695e-075
1857	92900	1.5028e-075
1858	92950	1.3804e-075
1859	93000	1.3804e-075
1860	93050	6.85884e-076
1861	93100	6.85884e-076
1862	93150	6.85884e-076
1863	93200	6.85884e-076
1864	93250	5.6678e-076
1865	93300	1.63183e-076
1866	93350	1.63183e-076
1867	93400	1.63183e-076
1868	93450	1.63183e-076
1869	93500	1.63183e-076
1870	93550	1.63183e-076
1871	93600	1.63183e-076
1872	93650	1.63183e-076
1873	93700	1.63183e-076
1874	93750	1.63183e-076
1875	93800	1.63183e-076
1876	93850	1.63183e-076
1877	93900	1.63183e-076
1878	93950	1.63183e-076
1879	94000	1.2127e-076
1880	94050	1.2127e-076
1881	94100	1.2127e-076
1882	94150	1.13345e-076
1883	94200	7.8044e-077
1884	94250	7.8044e-077
1885	94300	7.8044e-077
1886	94350	7.28052e-077
1887	94400	7.28052e-077
1888	94450	5.25282e-077
1889	94500	5.25282e-077
1890	94550	5.25282e-077
1891	94600	5.25282e-077
1892	94650	5.25282e-077
1893	94700	5.25282e-077
1894	94750	4.66495e-077
1895	94800	4.3773e-077
1896	94850	4.3773e-077
1897	94900	4.3773e-077
1898	94950	3.91551e-077
1899	95000	3.75291e-077
1900	95050	3.75291e-077
1901	95100	2.65951e-077
1902	95150	2.50269e-077
1903	95200	5.91833e-078
1904	95250	5.91833e-078
1905	95300	4.11415e-078
1906	95350	4.11415e-078
1907	95400	4.11415e-078
1908	95450	4.11415e-078
1909	95500	3.80349e-078
1910	95550	3.80349e-078
1911	95600	3.80349e-078
1912	95650	3.80349e-078
1913	95700	3.80349e-078
1914	95750	3.80349e-078
1915	95800	3.80349e-078
1916	95850	3.56048e-078
1917	95900	3.56048e-078
1918	95950	3.16595e-078
1919	96000	3.16595e-078
1920	96050	3.14168e-078
1921	96100	1.84062e-078
1922	96150	1.60105e-078
1923	96200	1.52544e-078
1924	96250	1.52544e-078
1925	96300	1.52544e-078
1926	96350	1.52544e-078
1927	96400	1.14165e-078
1928	96450	1.14165e-078
1929	96500	9.83139e-079
1930	96550	9.83139e-079
1931	96600	8.9344e-079
1932	96650	8.74655e-079
1933	96700	8.74655e-079
1934	96750	8.74655e-079
1935	96800	5.91054e-079
1936	96850	5.91054e-079
1937	96900	1.8538e-079
1938	96950	1.8538e-079
1939	97000	1.8538e-079
1940	97050	1.8538e-079
1941	97100	1.8538e-079
1942	97150	1.8538e-079
1943	97200	1.8538e-079
1944	97250	1.74123e-079
1945	97300	1.52818e-079
1946	97350	1.52818e-079
1947	97400	1.52818e-079
1948	97450	1.52818e-079
1949	97500	1.52818e-079
1950	97550	1.32709e-079
1951	97600	1.27846e-079
1952	97650	1.27846e-079
1953	97700	1.27846e-079
1954	97750	1.15646e-079
1955	97800	1.15646e-079
1956	97850	5.74107e-080
1957	97900	5.74107e-080
1958	97950	5.74107e-080
1959	98000	5.74107e-080
1960	98050	5.74107e-080
1961	98100	5.74107e-080
1962	98150	2.82833e-080
1963	98200	2.82833e-080
1964	98250	2.82047e-080
1965	98300	2.82047e-080
1966	98350	2.82047e-080
1967	98400	2.82047e-080
1968	98450	2.62986e-080
1969	98500	2.62986e-080
1970	98550	2.28011e-080
1971	98600	2.28011e-080
1972	98650	2.28011e-080
1973	98700	2.28011e-080
1974	98750	1.95738e-080
1975	98800	1.95738e-080
1976	98850	1.47843e-080
1977	98900	1.22463e-080
1978	98950	1.19018e-080
1979	99000	1.19018e-080
1980	99050	1.19018e-080
1981	99100	8.82849e-081
1982	99150	6.57525e-081
1983	99200	5.99576e-081
1984	99250	5.99576e-081
1985	99300	5.99576e-081
1986	99350	5.99576e-081
1987	99400	2.11072e-081
1988	99450	2.11072e-081
1989	99500	2.11072e-081
1990	99550	2.11072e-081
1991	99600	2.11072e-081
1992	99650	2.11072e-081
1993	99700	2.11072e-081
1994	99750	1.16055e-081
1995	99800	1.16055e-081
1996	99850	1.16055e-081
1997	99900	1.16055e-081
1998	99950	1.16055e-081
1999	100000	1.15851e-081
2000	100050	1.15681e-081
