542.493
508.28
455.798
420.218
369.734
347.741
306.496
277.085
255.237
214.021
203.953
194.093
173.206
166.876
147.662
135.79
125.871
112.239
99.6811
83.8924
76.1277
73.6216
67.5515
58.2249
54.4722
50.9701
45.6745
42.757
38.9392
33.993
32.9959
28.5237
25.0279
21.9771
20.7739
17.6695
15.5191
14.7474
13.8864
12.2545
11.5199
10.3734
9.39186
9.05265
8.45901
7.51965
6.66503
5.4242
5.13446
4.59122
4.30915
4.02975
3.70871
3.25438
2.90559
2.6673
2.32472
2.17764
2.00517
1.77603
1.63908
1.57425
1.49525
1.27392
1.13589
1.06726
0.940767
0.902882
0.811264
0.793958
0.676674
0.630071
0.591316
0.498401
0.466315
0.403348
0.369745
0.358123
0.324776
0.297024
0.262745
0.227135
0.217238
0.19525
0.163847
0.158445
0.148749
0.132811
0.116436
0.112149
0.103767
0.0918503
0.0877441
0.0792964
0.0712601
0.0623015
0.0541748
0.0489586
0.0484477
0.0446284
0.0419396
0.03504
0.0332819
0.0310195
0.0279756
0.0264567
0.0229841
0.0216337
0.0202765
0.0176454
0.0150245
0.0126503
0.0116402
0.0109802
0.0105849
0.00901113
0.00794252
0.00726587
0.00669708
0.0064643
0.00566423
0.00485182
0.0043424
0.00380276
0.00347862
0.00310135
0.00294093
0.00262375
0.00224092
0.00193227
0.00184874
0.00166035
0.00148772
0.00127166
0.00114369
0.00107162
0.00101806
0.000981362
0.000864954
0.000787201
0.00077562
0.000730634
0.000626741
0.000602846
0.000523745
0.00046666
0.000433245
0.000390153
0.000344831
0.000322988
0.000307379
0.000294486
0.000277601
0.000238163
0.000219319
0.000183566
0.0001724
0.000158103
0.000135494
0.000124417
0.000112873
0.000102762
9.77691e-005
9.24719e-005
8.33664e-005
7.65859e-005
6.31216e-005
5.9088e-005
5.49776e-005
4.84302e-005
4.58641e-005
4.25087e-005
3.92793e-005
3.46545e-005
3.25673e-005
3.0237e-005
2.84005e-005
2.57466e-005
2.36798e-005
2.05524e-005
1.87057e-005
1.61926e-005
1.42181e-005
1.25524e-005
1.08395e-005
9.80099e-006
8.94449e-006
8.138e-006
7.44365e-006
6.93021e-006
6.1948e-006
5.9893e-006
5.58345e-006
4.7801e-006
4.24647e-006
3.9299e-006
3.64565e-006
3.39576e-006
3.06767e-006
2.93364e-006
2.39643e-006
2.34183e-006
2.21886e-006
2.0777e-006
1.9207e-006
1.59539e-006
1.46364e-006
1.24508e-006
1.1609e-006
1.06936e-006
1.01078e-006
9.58355e-007
9.17069e-007
7.62427e-007
7.2299e-007
6.79995e-007
6.51863e-007
5.92059e-007
5.05636e-007
4.50453e-007
3.92353e-007
3.77038e-007
3.2542e-007
2.82159e-007
2.57339e-007
2.31534e-007
1.98232e-007
1.88856e-007
1.71057e-007
1.62589e-007
1.52932e-007
1.44259e-007
1.35861e-007
1.25654e-007
1.09155e-007
9.71969e-008
8.7464e-008
8.04264e-008
7.68776e-008
7.22179e-008
6.88141e-008
6.55473e-008
5.50508e-008
5.27582e-008
5.06831e-008
4.72864e-008
4.37695e-008
3.81485e-008
3.01569e-008
2.69669e-008
2.51037e-008
2.33787e-008
2.07603e-008
1.88232e-008
1.73994e-008
1.59288e-008
1.4471e-008
1.20821e-008
1.16302e-008
1.09743e-008
1.01155e-008
9.4586e-009
8.36287e-009
7.44058e-009
6.34871e-009
5.60614e-009
5.45474e-009
5.03937e-009
4.67912e-009
4.5205e-009
4.08876e-009
3.54269e-009
3.11567e-009
2.68002e-009
2.54734e-009
2.30066e-009
2.2226e-009
2.02862e-009
1.79363e-009
1.64643e-009
1.46267e-009
1.31445e-009
1.21918e-009
1.11853e-009
9.82415e-010
9.02623e-010
8.30846e-010
6.95288e-010
6.50637e-010
4.95191e-010
4.88455e-010
4.50269e-010
4.04036e-010
3.70384e-010
3.52181e-010
3.2487e-010
2.9873e-010
2.52886e-010
2.28504e-010
2.18906e-010
1.99978e-010
1.88019e-010
1.81276e-010
1.48498e-010
1.32045e-010
1.15298e-010
1.13387e-010
1.05145e-010
9.93513e-011
9.33203e-011
9.121e-011
7.68072e-011
7.405e-011
6.25936e-011
5.89541e-011
5.51168e-011
4.97726e-011
4.34368e-011
3.85426e-011
3.66878e-011
3.35484e-011
2.91232e-011
2.46431e-011
2.38651e-011
2.2812e-011
2.08215e-011
1.96389e-011
1.86051e-011
1.45028e-011
1.35285e-011
1.13139e-011
1.10015e-011
1.06574e-011
1.01584e-011
9.38202e-012
8.87254e-012
7.92561e-012
7.31147e-012
6.48399e-012
5.96504e-012
5.31931e-012
5.04574e-012
4.46501e-012
3.79142e-012
3.57998e-012
3.09377e-012
2.6762e-012
2.58705e-012
2.38894e-012
2.12849e-012
2.00036e-012
1.81843e-012
1.61747e-012
1.52407e-012
1.47122e-012
1.24133e-012
1.08006e-012
8.82897e-013
8.26218e-013
7.25021e-013
6.77798e-013
6.64471e-013
6.23728e-013
5.85079e-013
5.37144e-013
4.12428e-013
3.89138e-013
3.31634e-013
2.78891e-013
2.35019e-013
2.20307e-013
2.03046e-013
1.95782e-013
1.59881e-013
1.49136e-013
1.41548e-013
1.29953e-013
1.1823e-013
1.12352e-013
1.01987e-013
9.90732e-014
9.34138e-014
8.47004e-014
7.98958e-014
7.0494e-014
6.17661e-014
5.86607e-014
5.05416e-014
4.67097e-014
4.13388e-014
3.74702e-014
3.48392e-014
3.14158e-014
2.68728e-014
2.47197e-014
2.26654e-014
2.05433e-014
1.95222e-014
1.59499e-014
1.43341e-014
1.3262e-014
1.1311e-014
1.07544e-014
9.61549e-015
8.59031e-015
7.76832e-015
7.52151e-015
6.13265e-015
5.44099e-015
5.06041e-015
4.75049e-015
4.369e-015
3.87771e-015
3.49011e-015
3.16714e-015
3.04295e-015
2.90451e-015
2.71638e-015
2.62064e-015
2.37448e-015
1.94306e-015
1.88688e-015
1.69114e-015
1.54296e-015
1.43729e-015
1.26467e-015
1.1853e-015
1.00823e-015
9.35068e-016
8.50202e-016
7.93054e-016
7.07822e-016
6.16471e-016
5.73908e-016
5.25281e-016
4.66656e-016
4.38152e-016
3.97189e-016
3.60007e-016
3.35888e-016
3.2059e-016
2.98046e-016
2.73695e-016
2.2936e-016
2.08109e-016
1.73672e-016
1.70384e-016
1.64988e-016
1.40287e-016
1.24571e-016
1.17577e-016
1.07015e-016
9.37094e-017
8.02247e-017
7.82363e-017
6.68674e-017
6.06907e-017
5.80928e-017
5.2916e-017
4.83348e-017
4.52998e-017
4.49257e-017
3.54985e-017
2.83545e-017
2.46769e-017
2.24486e-017
2.1525e-017
2.06881e-017
1.79173e-017
1.66045e-017
1.50645e-017
1.35352e-017
1.2352e-017
1.13384e-017
1.03952e-017
9.40028e-018
9.02895e-018
8.09677e-018
6.51485e-018
5.96157e-018
5.62463e-018
5.1515e-018
4.81097e-018
4.09527e-018
3.84214e-018
3.37438e-018
3.18253e-018
3.01829e-018
2.64798e-018
2.5097e-018
2.36266e-018
1.88789e-018
1.69972e-018
1.58409e-018
1.48387e-018
1.31254e-018
1.24128e-018
1.07077e-018
9.3101e-019
8.66422e-019
8.16277e-019
7.34381e-019
6.27858e-019
6.14569e-019
5.26907e-019
4.96438e-019
4.26926e-019
4.00932e-019
3.65233e-019
3.29882e-019
3.20421e-019
2.95976e-019
2.5412e-019
2.25406e-019
2.03073e-019
1.94032e-019
1.64093e-019
1.49207e-019
1.35524e-019
1.19176e-019
1.03882e-019
9.914e-020
8.99006e-020
8.56841e-020
7.58664e-020
7.18805e-020
6.64161e-020
5.88636e-020
5.51669e-020
4.85443e-020
4.29226e-020
4.11115e-020
3.78456e-020
3.38676e-020
3.23045e-020
2.75327e-020
2.53661e-020
2.36474e-020
2.01848e-020
1.91524e-020
1.68671e-020
1.52967e-020
1.31267e-020
1.21589e-020
1.13785e-020
1.04019e-020
9.14416e-021
8.63147e-021
7.48066e-021
6.40619e-021
5.67822e-021
5.05837e-021
4.63957e-021
4.35096e-021
4.22682e-021
3.79943e-021
3.60823e-021
3.39143e-021
3.20928e-021
2.9394e-021
2.61107e-021
2.42099e-021
2.08456e-021
1.87118e-021
1.64558e-021
1.48274e-021
1.33696e-021
1.18194e-021
1.00653e-021
9.44354e-022
8.47175e-022
7.50428e-022
6.74009e-022
6.38233e-022
5.42598e-022
4.78676e-022
4.42945e-022
4.17073e-022
3.83897e-022
3.3743e-022
3.30541e-022
3.02572e-022
2.72282e-022
2.54761e-022
2.40886e-022
2.14958e-022
2.05602e-022
1.81508e-022
1.72866e-022
1.52639e-022
1.36009e-022
1.2276e-022
1.16975e-022
1.01007e-022
9.33214e-023
8.76076e-023
8.06913e-023
6.97136e-023
6.62091e-023
5.67454e-023
4.62416e-023
4.37234e-023
3.72515e-023
3.28396e-023
3.00057e-023
2.90959e-023
2.60844e-023
2.43637e-023
2.24177e-023
2.09482e-023
1.90844e-023
1.83774e-023
1.66538e-023
1.48676e-023
1.35585e-023
1.26006e-023
1.02236e-023
9.37915e-024
8.13547e-024
7.09847e-024
6.59544e-024
5.63278e-024
5.44434e-024
5.28514e-024
4.55019e-024
3.91977e-024
3.41511e-024
3.1454e-024
2.99246e-024
2.62763e-024
2.34485e-024
2.30853e-024
2.19338e-024
1.94172e-024
1.71065e-024
1.66357e-024
1.47661e-024
1.4152e-024
1.33907e-024
1.21185e-024
1.11071e-024
9.39019e-025
8.36564e-025
8.10541e-025
7.26825e-025
6.7397e-025
5.60943e-025
5.15176e-025
4.21251e-025
3.89859e-025
3.63791e-025
3.44361e-025
3.24951e-025
2.82264e-025
2.70336e-025
2.31816e-025
2.2599e-025
2.06977e-025
1.67359e-025
1.41735e-025
1.12048e-025
1.04772e-025
1.00604e-025
9.5728e-026
8.9054e-026
7.90993e-026
7.06255e-026
6.81809e-026
6.46541e-026
6.06036e-026
5.58432e-026
5.12167e-026
4.1601e-026
3.85542e-026
3.70603e-026
3.46132e-026
3.0436e-026
2.94219e-026
2.72595e-026
2.52928e-026
2.1528e-026
1.9828e-026
1.76832e-026
1.49318e-026
1.33505e-026
1.25026e-026
1.13674e-026
1.06633e-026
9.38182e-027
9.11526e-027
8.66813e-027
8.06075e-027
7.49883e-027
6.99597e-027
6.33577e-027
5.74157e-027
5.00529e-027
4.8187e-027
4.29003e-027
4.15459e-027
3.839e-027
3.5488e-027
3.25032e-027
3.04336e-027
2.64415e-027
2.21096e-027
2.11974e-027
2.00263e-027
1.84293e-027
1.63161e-027
1.4758e-027
1.24594e-027
1.18661e-027
1.04488e-027
9.67025e-028
9.01789e-028
7.28129e-028
6.58795e-028
6.23435e-028
5.31044e-028
4.69041e-028
4.24962e-028
4.01304e-028
3.8618e-028
3.72813e-028
3.04308e-028
2.65498e-028
2.45828e-028
2.22542e-028
2.11923e-028
1.95254e-028
1.75107e-028
1.53042e-028
1.39152e-028
1.28394e-028
1.17824e-028
1.04567e-028
9.63258e-029
9.21593e-029
8.78138e-029
7.5327e-029
6.89893e-029
6.333e-029
5.57649e-029
4.91531e-029
4.66566e-029
4.2756e-029
3.73595e-029
3.6066e-029
3.07794e-029
2.7984e-029
2.35766e-029
2.2148e-029
2.04762e-029
1.8927e-029
1.66593e-029
1.52929e-029
1.40683e-029
1.27128e-029
1.15207e-029
1.069e-029
9.91864e-030
8.69879e-030
8.57564e-030
8.03164e-030
7.34355e-030
6.6575e-030
5.91067e-030
5.56344e-030
4.99235e-030
4.46852e-030
4.1515e-030
3.61307e-030
3.55679e-030
3.24062e-030
3.01236e-030
2.63996e-030
2.18086e-030
1.90023e-030
1.73691e-030
1.52261e-030
1.38263e-030
1.14941e-030
1.08712e-030
1.03009e-030
9.90246e-031
9.13714e-031
7.7382e-031
6.84415e-031
6.50071e-031
6.21522e-031
5.72966e-031
5.38759e-031
4.86265e-031
4.16515e-031
3.7394e-031
3.64778e-031
3.37481e-031
3.20248e-031
2.97329e-031
2.54055e-031
2.37878e-031
1.95219e-031
1.84812e-031
1.73351e-031
1.54964e-031
1.33647e-031
1.20007e-031
1.06568e-031
9.66846e-032
8.88535e-032
7.65563e-032
6.98873e-032
6.17829e-032
6.01849e-032
5.59434e-032
5.30512e-032
5.04671e-032
4.61046e-032
4.29084e-032
3.84684e-032
3.07381e-032
2.79744e-032
2.54559e-032
2.24764e-032
2.00113e-032
1.86097e-032
1.61038e-032
1.49463e-032
1.31391e-032
1.23479e-032
1.16326e-032
1.00111e-032
9.42241e-033
8.96639e-033
8.55405e-033
8.04911e-033
6.80315e-033
6.28461e-033
5.68986e-033
5.08067e-033
4.71191e-033
4.1579e-033
3.75133e-033
3.40202e-033
3.12155e-033
2.72163e-033
2.53199e-033
2.20499e-033
2.03613e-033
1.84494e-033
1.73724e-033
1.53167e-033
1.29268e-033
1.21358e-033
1.04573e-033
9.73157e-034
8.45294e-034
8.01459e-034
7.79418e-034
6.92274e-034
6.41504e-034
5.64037e-034
4.96776e-034
4.60179e-034
3.99073e-034
3.6902e-034
3.40224e-034
2.98279e-034
2.81834e-034
2.65605e-034
2.47915e-034
1.99553e-034
1.96407e-034
1.72051e-034
1.5261e-034
1.44625e-034
1.31329e-034
1.25802e-034
1.10002e-034
9.66061e-035
8.99299e-035
8.23299e-035
7.68959e-035
7.03567e-035
6.28585e-035
6.01615e-035
5.48816e-035
4.94144e-035
4.39908e-035
4.01559e-035
3.81997e-035
3.37161e-035
3.06167e-035
2.71638e-035
2.5279e-035
2.34432e-035
2.23019e-035
2.10367e-035
1.78359e-035
1.70131e-035
1.55197e-035
1.24483e-035
1.21342e-035
1.03796e-035
1.0132e-035
8.75885e-036
8.02707e-036
7.26965e-036
6.68304e-036
5.40768e-036
4.98884e-036
4.76948e-036
4.43629e-036
4.00779e-036
3.61323e-036
3.29402e-036
2.85144e-036
2.43213e-036
2.39082e-036
2.16367e-036
1.98352e-036
1.7277e-036
1.64263e-036
1.52333e-036
1.38747e-036
1.16054e-036
1.05012e-036
9.03219e-037
8.6498e-037
7.66323e-037
7.42458e-037
6.9793e-037
6.21501e-037
5.82318e-037
4.86244e-037
4.45655e-037
4.23811e-037
3.68375e-037
3.59999e-037
3.26489e-037
2.69686e-037
2.36244e-037
2.3004e-037
2.16031e-037
1.88934e-037
1.80962e-037
1.5989e-037
1.47755e-037
1.371e-037
1.23056e-037
1.14495e-037
1.01785e-037
8.61138e-038
8.46082e-038
7.79695e-038
7.43625e-038
6.14868e-038
5.16985e-038
4.6591e-038
4.44086e-038
3.9319e-038
3.57187e-038
3.35268e-038
2.79955e-038
2.63519e-038
2.41516e-038
2.33988e-038
2.16351e-038
1.94731e-038
1.81119e-038
1.67798e-038
1.52435e-038
1.47071e-038
1.35881e-038
1.18168e-038
9.88044e-039
9.2635e-039
8.42855e-039
7.57021e-039
7.0738e-039
6.45406e-039
5.61182e-039
5.26985e-039
4.83228e-039
4.24727e-039
3.87297e-039
3.53771e-039
3.23883e-039
2.96947e-039
2.34688e-039
2.08191e-039
1.92294e-039
1.77665e-039
1.69533e-039
1.53588e-039
1.4738e-039
1.39749e-039
1.25351e-039
1.04057e-039
9.37133e-040
8.78219e-040
8.09971e-040
7.30255e-040
6.76362e-040
6.03999e-040
5.21736e-040
4.63444e-040
4.40227e-040
4.23876e-040
4.03401e-040
3.94014e-040
3.47298e-040
3.20493e-040
3.02443e-040
2.55317e-040
2.4155e-040
2.2899e-040
2.01574e-040
1.68952e-040
1.56405e-040
1.46943e-040
1.21185e-040
1.04232e-040
9.96e-041
8.76428e-041
8.42155e-041
7.32531e-041
6.94092e-041
6.49356e-041
6.13978e-041
5.79185e-041
5.19096e-041
4.66459e-041
4.07215e-041
3.54409e-041
3.35571e-041
2.74014e-041
2.66316e-041
2.28849e-041
2.18266e-041
2.03528e-041
1.86894e-041
1.7135e-041
1.62859e-041
1.56986e-041
1.4506e-041
1.40687e-041
1.23349e-041
1.13105e-041
1.04205e-041
9.56179e-042
8.9817e-042
7.8574e-042
7.73223e-042
6.45662e-042
5.51118e-042
4.9797e-042
4.70396e-042
4.34137e-042
3.99835e-042
3.84744e-042
3.37281e-042
2.67787e-042
2.21192e-042
1.89159e-042
1.77452e-042
1.64452e-042
1.55575e-042
1.47582e-042
1.28707e-042
1.23936e-042
1.14614e-042
1.09355e-042
9.50134e-043
9.01181e-043
8.45045e-043
8.13061e-043
6.70182e-043
6.15691e-043
5.38048e-043
4.98952e-043
4.72695e-043
4.00378e-043
3.75985e-043
3.21124e-043
2.97114e-043
2.83773e-043
2.71498e-043
2.49367e-043
2.33552e-043
2.01587e-043
1.86822e-043
1.61256e-043
1.2867e-043
1.17158e-043
1.08506e-043
9.5392e-044
8.55464e-044
8.43076e-044
7.83637e-044
6.98746e-044
6.48023e-044
5.45328e-044
5.18642e-044
4.70428e-044
4.49758e-044
4.19394e-044
3.77935e-044
3.49034e-044
3.22943e-044
2.90162e-044
2.52685e-044
2.12443e-044
2.06013e-044
1.9313e-044
1.74019e-044
1.64935e-044
1.54529e-044
1.43683e-044
1.24066e-044
1.03548e-044
9.57632e-045
7.90561e-045
7.04005e-045
6.79243e-045
6.43447e-045
6.00382e-045
5.39399e-045
4.30879e-045
4.16296e-045
3.01941e-045
2.88189e-045
2.769e-045
2.62712e-045
2.33588e-045
2.22312e-045
2.07226e-045
1.97852e-045
1.85149e-045
1.61544e-045
1.49187e-045
1.45074e-045
1.36298e-045
1.31659e-045
1.12325e-045
9.93232e-046
9.34852e-046
8.734e-046
7.58927e-046
6.71461e-046
6.00366e-046
5.31545e-046
5.00764e-046
4.65298e-046
4.36384e-046
4.17657e-046
3.66597e-046
3.42922e-046
3.27925e-046
2.99605e-046
2.73719e-046
2.43327e-046
1.83617e-046
1.73223e-046
1.62971e-046
1.45017e-046
1.34922e-046
1.19867e-046
1.01378e-046
9.75863e-047
7.96375e-047
7.55052e-047
7.1841e-047
6.56076e-047
5.61248e-047
5.28697e-047
4.85374e-047
4.59599e-047
4.32897e-047
3.4473e-047
3.17116e-047
3.08641e-047
2.71086e-047
2.5695e-047
2.42726e-047
2.09421e-047
1.80771e-047
1.72596e-047
1.61868e-047
1.48381e-047
1.31123e-047
1.21777e-047
9.29472e-048
8.49346e-048
8.1761e-048
7.41831e-048
6.95621e-048
6.70646e-048
6.25049e-048
6.08294e-048
5.80166e-048
5.06013e-048
4.57641e-048
4.33844e-048
4.20741e-048
3.69723e-048
3.10701e-048
3.00785e-048
2.92491e-048
2.50713e-048
2.27811e-048
2.13765e-048
2.06052e-048
1.92804e-048
1.74644e-048
1.65405e-048
1.25165e-048
1.16278e-048
1.01099e-048
9.3754e-049
8.22107e-049
7.3622e-049
6.42333e-049
6.3482e-049
6.15512e-049
5.36053e-049
4.91832e-049
4.37821e-049
3.89098e-049
3.50687e-049
2.91691e-049
2.4437e-049
2.25862e-049
2.16476e-049
1.9263e-049
1.83426e-049
1.67853e-049
1.27697e-049
1.14334e-049
1.07858e-049
9.46225e-050
9.02402e-050
8.27545e-050
7.15984e-050
6.32077e-050
5.96336e-050
5.67368e-050
5.37944e-050
4.9053e-050
4.3514e-050
3.76753e-050
3.621e-050
3.32442e-050
3.00795e-050
2.76994e-050
2.46605e-050
2.41895e-050
1.98822e-050
1.88785e-050
1.75353e-050
1.5723e-050
1.4914e-050
1.24954e-050
1.14013e-050
1.08366e-050
1.06509e-050
9.06305e-051
8.71001e-051
7.24041e-051
6.88865e-051
6.35635e-051
4.93118e-051
4.46072e-051
4.32813e-051
4.04619e-051
3.38175e-051
3.30061e-051
3.06535e-051
2.70813e-051
2.41065e-051
2.09145e-051
1.9154e-051
1.78302e-051
1.60262e-051
1.55894e-051
1.43439e-051
1.11785e-051
1.0243e-051
9.47977e-052
8.71014e-052
8.23975e-052
7.50464e-052
6.82412e-052
6.14566e-052
5.7753e-052
5.33869e-052
4.96283e-052
4.48242e-052
3.99256e-052
3.46883e-052
3.10286e-052
2.85628e-052
2.70674e-052
2.63837e-052
2.16552e-052
1.94225e-052
1.8684e-052
1.67207e-052
1.59118e-052
1.45755e-052
1.38558e-052
1.17562e-052
1.01208e-052
9.68245e-053
8.43517e-053
7.3957e-053
6.98064e-053
6.65412e-053
6.15879e-053
5.81046e-053
5.29848e-053
4.62178e-053
4.25991e-053
4.13735e-053
3.68114e-053
3.34265e-053
2.92368e-053
2.5492e-053
2.29866e-053
2.14037e-053
2.08439e-053
1.88572e-053
1.57255e-053
1.48284e-053
1.27332e-053
1.09909e-053
9.74906e-054
9.56747e-054
9.13349e-054
7.74576e-054
6.18037e-054
5.89896e-054
5.65139e-054
5.23705e-054
5.07479e-054
4.65471e-054
4.49583e-054
4.24606e-054
3.86296e-054
3.50117e-054
3.11611e-054
2.75681e-054
2.25829e-054
2.13355e-054
1.84931e-054
1.62599e-054
1.57351e-054
1.38358e-054
1.29558e-054
1.12112e-054
1.05168e-054
9.29686e-055
9.08208e-055
8.16626e-055
6.91419e-055
6.69887e-055
5.82393e-055
5.49433e-055
5.16169e-055
4.9641e-055
4.64275e-055
4.53537e-055
4.23157e-055
3.62676e-055
3.58308e-055
2.75114e-055
2.70399e-055
2.4545e-055
2.12754e-055
2.03026e-055
1.75665e-055
1.55626e-055
1.38242e-055
1.27734e-055
1.16049e-055
1.01099e-055
8.88108e-056
8.62193e-056
7.91697e-056
7.31341e-056
6.94317e-056
6.248e-056
5.43222e-056
5.19605e-056
4.82502e-056
4.52623e-056
4.15659e-056
3.86032e-056
3.42615e-056
3.03335e-056
2.37554e-056
2.03165e-056
1.91153e-056
1.7489e-056
1.67466e-056
1.59566e-056
1.5675e-056
1.48419e-056
1.33837e-056
1.24518e-056
1.17338e-056
1.09319e-056
1.02488e-056
9.68937e-057
8.08815e-057
7.03082e-057
5.98874e-057
5.39454e-057
4.67127e-057
4.05309e-057
3.93239e-057
3.63794e-057
3.36247e-057
3.05303e-057
2.84403e-057
2.61375e-057
2.21761e-057
2.12402e-057
1.81897e-057
1.65914e-057
1.62896e-057
1.49492e-057
1.31201e-057
1.23462e-057
1.12501e-057
9.20566e-058
7.75414e-058
7.52425e-058
7.0052e-058
6.56989e-058
6.25258e-058
5.78181e-058
4.75702e-058
4.44869e-058
4.00921e-058
3.7302e-058
3.55728e-058
3.01888e-058
2.59035e-058
2.3622e-058
1.83106e-058
1.67244e-058
1.56958e-058
1.46648e-058
1.40479e-058
1.3788e-058
1.13325e-058
1.0157e-058
9.43071e-059
7.90137e-059
7.62389e-059
6.56283e-059
5.47881e-059
5.18645e-059
5.00769e-059
4.73343e-059
4.16714e-059
3.95777e-059
3.85639e-059
3.4718e-059
3.34609e-059
3.22125e-059
3.07501e-059
2.65073e-059
2.44678e-059
2.01214e-059
1.90412e-059
1.77912e-059
1.70956e-059
1.60223e-059
1.45381e-059
1.3115e-059
1.18076e-059
9.43505e-060
8.79381e-060
8.32856e-060
7.23674e-060
5.44843e-060
5.23018e-060
4.9563e-060
4.16353e-060
4.00705e-060
3.58629e-060
3.39944e-060
3.34812e-060
3.08588e-060
2.7824e-060
2.42653e-060
2.20646e-060
2.10623e-060
1.95517e-060
1.83624e-060
1.71801e-060
1.55772e-060
1.45932e-060
1.30387e-060
1.23391e-060
1.16818e-060
1.07744e-060
1.00881e-060
9.11519e-061
7.82009e-061
7.31856e-061
6.312e-061
5.93192e-061
5.73051e-061
5.20651e-061
4.41629e-061
3.56633e-061
3.42306e-061
2.92391e-061
2.71273e-061
2.18608e-061
1.76286e-061
1.61249e-061
1.44343e-061
1.28426e-061
1.1639e-061
1.11268e-061
1.0475e-061
1.00526e-061
9.09539e-062
8.68798e-062
8.55955e-062
8.10411e-062
7.1759e-062
6.95824e-062
5.29083e-062
4.74287e-062
4.34841e-062
4.18704e-062
3.85902e-062
3.6636e-062
3.47241e-062
3.27151e-062
3.12203e-062
3.00878e-062
2.93644e-062
2.73774e-062
2.50502e-062
1.90416e-062
1.81804e-062
1.78579e-062
1.44439e-062
1.26835e-062
1.16176e-062
1.11501e-062
9.87219e-063
8.86783e-063
8.38505e-063
7.97553e-063
7.33893e-063
7.16495e-063
6.76014e-063
6.26447e-063
5.51148e-063
5.23051e-063
4.2771e-063
3.89931e-063
2.81904e-063
2.67121e-063
2.55812e-063
2.43799e-063
2.27814e-063
2.14569e-063
1.65405e-063
1.42835e-063
1.38373e-063
1.35076e-063
1.16078e-063
8.77749e-064
8.14995e-064
7.4177e-064
6.8897e-064
6.53197e-064
6.13937e-064
5.91773e-064
5.2681e-064
5.07981e-064
4.84438e-064
4.24876e-064
3.23605e-064
3.01138e-064
2.92722e-064
2.81956e-064
2.51698e-064
2.3485e-064
2.22398e-064
2.11558e-064
2.03076e-064
1.75307e-064
1.515e-064
1.47018e-064
1.28712e-064
1.26209e-064
1.22602e-064
1.09088e-064
8.16697e-065
7.83596e-065
6.81839e-065
6.37708e-065
5.20023e-065
4.90736e-065
4.74206e-065
4.65931e-065
4.01157e-065
3.93055e-065
3.84828e-065
3.30021e-065
2.84628e-065
2.42205e-065
2.27727e-065
1.90882e-065
1.77508e-065
1.6826e-065
1.2156e-065
1.1191e-065
9.81871e-066
9.7279e-066
8.80871e-066
8.38848e-066
7.61064e-066
7.52862e-066
6.09781e-066
5.40968e-066
5.09972e-066
4.70228e-066
4.54686e-066
3.78039e-066
3.45199e-066
3.24645e-066
3.02049e-066
2.85829e-066
2.62583e-066
2.23281e-066
2.05676e-066
1.9835e-066
1.66763e-066
1.57394e-066
1.39618e-066
1.34715e-066
1.1997e-066
1.0542e-066
9.98976e-067
9.54364e-067
8.51445e-067
8.38901e-067
7.94423e-067
7.21362e-067
5.4396e-067
5.22042e-067
5.02789e-067
3.14763e-067
2.99315e-067
2.94133e-067
2.71048e-067
2.23397e-067
2.07519e-067
1.64893e-067
1.56248e-067
1.4552e-067
1.29368e-067
1.26778e-067
1.15013e-067
9.90576e-068
9.08288e-068
8.55726e-068
8.10689e-068
7.34594e-068
6.88924e-068
6.70529e-068
6.43601e-068
5.86187e-068
5.04845e-068
4.86517e-068
4.5158e-068
3.59802e-068
3.33361e-068
3.03406e-068
2.89472e-068
2.7695e-068
2.32461e-068
2.18151e-068
2.04351e-068
1.92493e-068
1.41021e-068
1.31855e-068
1.27332e-068
1.19697e-068
9.71924e-069
8.55976e-069
8.41849e-069
7.54782e-069
4.96056e-069
4.44696e-069
4.33767e-069
4.20434e-069
4.01364e-069
3.95454e-069
3.61669e-069
3.39055e-069
3.09113e-069
2.99458e-069
2.56407e-069
2.51015e-069
2.3083e-069
2.16745e-069
1.95325e-069
1.48984e-069
1.47912e-069
1.35118e-069
1.28535e-069
1.21181e-069
1.1767e-069
1.10244e-069
9.65737e-070
9.44149e-070
7.13397e-070
6.27716e-070
5.79574e-070
5.13542e-070
4.76602e-070
4.55159e-070
4.42435e-070
3.94791e-070
2.67405e-070
2.53922e-070
2.41073e-070
1.82753e-070
1.7302e-070
1.58727e-070
1.48199e-070
1.43687e-070
1.31477e-070
1.22148e-070
1.14303e-070
1.02705e-070
1.01073e-070
8.70991e-071
7.94403e-071
7.55469e-071
7.22423e-071
6.57595e-071
5.87875e-071
5.4012e-071
4.10895e-071
3.73135e-071
3.5462e-071
3.32382e-071
3.2658e-071
2.98201e-071
2.39316e-071
2.06443e-071
1.86962e-071
1.82278e-071
1.41352e-071
1.33441e-071
1.32096e-071
1.25382e-071
1.10418e-071
9.45979e-072
8.92899e-072
8.72305e-072
7.38864e-072
7.16369e-072
6.28292e-072
5.86636e-072
5.61861e-072
5.37909e-072
4.45452e-072
4.35063e-072
3.92623e-072
3.71559e-072
3.55286e-072
3.44815e-072
2.51025e-072
2.27625e-072
2.15172e-072
1.99587e-072
1.74982e-072
1.30581e-072
1.23703e-072
1.15511e-072
1.01675e-072
1.0115e-072
9.34725e-073
8.9432e-073
8.33617e-073
7.27089e-073
6.41024e-073
5.87098e-073
5.22526e-073
4.62505e-073
3.96952e-073
3.85995e-073
3.64588e-073
3.32317e-073
2.698e-073
2.44211e-073
2.11186e-073
1.76714e-073
1.68812e-073
1.58207e-073
1.44194e-073
1.37103e-073
1.33419e-073
1.21677e-073
1.05815e-073
9.92831e-074
8.53235e-074
8.37145e-074
6.88717e-074
6.22627e-074
5.36251e-074
4.88747e-074
3.81067e-074
3.64715e-074
3.51175e-074
3.22135e-074
2.99709e-074
2.83549e-074
2.66025e-074
2.60985e-074
2.38e-074
2.21412e-074
2.10886e-074
1.99747e-074
1.68038e-074
1.61139e-074
1.49222e-074
1.43311e-074
1.28477e-074
1.20111e-074
9.15232e-075
8.52002e-075
7.99429e-075
7.01572e-075
6.53156e-075
6.25907e-075
5.98481e-075
5.75326e-075
5.27362e-075
4.90263e-075
4.58096e-075
4.31259e-075
3.75953e-075
3.42817e-075
2.67902e-075
2.40149e-075
2.04879e-075
1.8848e-075
1.74937e-075
1.71099e-075
1.60625e-075
1.35534e-075
1.06856e-075
1.03831e-075
8.24159e-076
7.56087e-076
6.8929e-076
6.16927e-076
5.91222e-076
5.49757e-076
5.2074e-076
4.77335e-076
4.63911e-076
4.29426e-076
3.86853e-076
3.55315e-076
3.14417e-076
3.10197e-076
2.76433e-076
2.54447e-076
2.18941e-076
1.93199e-076
1.79796e-076
1.72887e-076
1.61993e-076
1.50361e-076
1.35428e-076
1.23655e-076
1.17895e-076
9.61191e-077
9.19152e-077
7.03261e-077
5.93652e-077
5.66019e-077
5.46955e-077
5.33763e-077
4.70703e-077
4.19461e-077
3.97456e-077
3.82819e-077
3.33163e-077
3.21467e-077
2.75059e-077
2.55851e-077
2.3339e-077
2.1945e-077
2.10875e-077
1.92155e-077
1.86815e-077
1.55432e-077
1.48001e-077
1.37769e-077
1.27803e-077
1.07843e-077
9.05113e-078
8.0457e-078
6.38621e-078
6.03865e-078
5.91209e-078
5.68786e-078
5.47359e-078
4.62089e-078
4.51384e-078
4.13843e-078
4.06089e-078
3.46219e-078
3.16877e-078
2.8714e-078
2.72602e-078
2.60653e-078
2.51689e-078
2.29711e-078
2.07476e-078
1.98842e-078
1.43135e-078
1.29523e-078
1.27349e-078
1.0688e-078
9.9843e-079
9.54045e-079
9.25973e-079
8.61425e-079
8.43093e-079
6.99937e-079
5.97734e-079
5.36129e-079
4.26418e-079
4.14461e-079
3.6065e-079
3.16347e-079
2.95809e-079
2.5591e-079
2.40805e-079
2.34501e-079
2.0839e-079
1.98777e-079
1.68752e-079
1.33793e-079
1.33657e-079
1.21014e-079
1.10526e-079
8.8686e-080
8.54757e-080
7.69365e-080
7.4878e-080
7.19119e-080
6.47445e-080
6.2818e-080
5.74744e-080
5.2253e-080
4.75677e-080
4.32194e-080
4.1937e-080
3.71018e-080
3.32463e-080
3.21397e-080
2.56432e-080
2.23372e-080
1.73481e-080
1.71127e-080
1.46877e-080
1.34736e-080
1.27672e-080
1.16208e-080
1.10206e-080
9.65404e-081
7.87874e-081
7.29069e-081
6.44505e-081
6.07941e-081
5.76607e-081
4.88875e-081
4.78713e-081
4.68588e-081
4.32234e-081
3.87991e-081
