1	650	459.902
2	1200	158.403
3	1750	146.049
4	2300	117.665
5	2850	79.1622
6	3400	56.9333
7	3950	50.4491
8	4500	33.0154
9	5050	23.8688
10	5600	16.2014
11	6150	15.8529
12	6700	13.0776
13	7250	9.38908
14	7800	8.35552
15	8350	6.67366
16	8900	5.27007
17	9450	3.71317
18	10000	2.06476
19	10550	1.95252
20	11100	1.95252
21	11650	1.59379
22	12200	1.06536
23	12750	1.02475
24	13300	0.705214
25	13850	0.514203
26	14400	0.428186
27	14950	0.38727
28	15500	0.235595
29	16050	0.19428
30	16600	0.147027
31	17150	0.147027
32	17700	0.147027
33	18250	0.147027
34	18800	0.147027
35	19350	0.119138
36	19900	0.119138
37	20450	0.0775479
38	21000	0.0639023
39	21550	0.0639023
40	22100	0.0639023
41	22650	0.0534084
42	23200	0.0534084
43	23750	0.0416489
44	24300	0.0416489
45	24850	0.0208065
46	25400	0.0208065
47	25950	0.0208065
48	26500	0.0208065
49	27050	0.0208065
50	27600	0.0208065
51	28150	0.0208065
52	28700	0.0208065
53	29250	0.0208065
54	29800	0.0208065
55	30350	0.0208065
56	30900	0.0208065
57	31450	0.0208065
58	32000	0.0146178
59	32550	0.0146178
60	33100	0.0146178
61	33650	0.0146178
62	34200	0.0116419
63	34750	0.0116419
64	35300	0.0116419
65	35850	0.0116419
66	36400	0.0116419
67	36950	0.0116419
68	37500	0.0116419
69	38050	0.0116419
70	38600	0.0116419
71	39150	0.0116419
72	39700	0.0116419
73	40250	0.00997633
74	40800	0.00997633
75	41350	0.00784955
76	41900	0.00763337
77	42450	0.00763337
78	43000	0.00721443
79	43550	0.00721443
80	44100	0.00721443
81	44650	0.00721443
82	45200	0.00721443
83	45750	0.00721443
84	46300	0.00721443
85	46850	0.00721443
86	47400	0.00550176
87	47950	0.00550176
88	48500	0.00550176
89	49050	0.00550176
90	49600	0.00513632
91	50150	0.00513632
92	50700	0.00513632
93	51250	0.00258037
94	51800	0.00258037
95	52350	0.00258037
96	52900	0.00258037
97	53450	0.00258037
98	54000	0.00258037
99	54550	0.00258037
100	55100	0.00258037
101	55650	0.00258037
102	56200	0.00258037
103	56750	0.00258037
104	57300	0.00258037
105	57850	0.00258037
106	58400	0.00182677
107	58950	0.00182677
108	59500	0.00182677
109	60050	0.00182677
110	60600	0.00182677
111	61150	0.00182677
112	61700	0.00182677
113	62250	0.00182677
114	62800	0.00182677
115	63350	0.00182677
116	63900	0.00182677
117	64450	0.00182677
118	65000	0.00182677
119	65550	0.000987354
120	66100	0.000987354
121	66650	0.000987354
122	67200	0.000987354
123	67750	0.000987354
124	68300	0.000987354
125	68850	0.000987354
126	69400	0.000987354
127	69950	0.000987354
128	70500	0.000987354
129	71050	0.000987354
130	71600	0.000987354
131	72150	0.000987354
132	72700	0.000987354
133	73250	0.000987354
134	73800	0.000987354
135	74350	0.000987354
136	74900	0.000987354
137	75450	0.000987354
138	76000	0.000987354
139	76550	0.000987354
140	77100	0.000987354
141	77650	0.000987354
142	78200	0.000987354
143	78750	0.000987354
144	79300	0.000987354
145	79850	0.000987354
146	80400	0.000987354
147	80950	0.000987354
148	81500	0.000987354
149	82050	0.000987354
150	82600	0.000987354
151	83150	0.000987354
152	83700	0.000987354
153	84250	0.000987354
154	84800	0.000987354
155	85350	0.000987354
156	85900	0.000987354
157	86450	0.000987354
158	87000	0.000987354
159	87550	0.000987354
160	88100	0.000987354
161	88650	0.000987354
162	89200	0.000987354
163	89750	0.000987354
164	90300	0.000987354
165	90850	0.000987354
166	91400	0.000987354
167	91950	0.000987354
168	92500	0.000987354
169	93050	0.00088509
170	93600	0.00088509
171	94150	0.00088509
172	94700	0.00088509
173	95250	0.00088509
174	95800	0.00088509
175	96350	0.00088509
176	96900	0.00088509
177	97450	0.00088509
178	98000	0.00088509
179	98550	0.000783157
180	99100	0.000783157
181	99650	0.000783157
182	100200	0.000783157
183	100750	0.000783157
184	101300	0.000783157
185	101850	0.000783157
186	102400	0.000783157
187	102950	0.000783157
188	103500	0.000783157
189	104050	0.000783157
190	104600	0.000783157
191	105150	0.000723273
192	105700	0.000723273
193	106250	0.000723273
194	106800	0.000723273
195	107350	0.000723273
196	107900	0.000723273
197	108450	0.000723273
198	109000	0.000723273
199	109550	0.000504638
200	110100	0.000504638
201	110650	0.000504638
202	111200	0.000504638
203	111750	0.000504638
204	112300	0.000504638
205	112850	0.000504638
206	113400	0.000504638
207	113950	0.000504638
208	114500	0.000504638
209	115050	0.000504638
210	115600	0.000504638
211	116150	0.000504638
212	116700	0.000504638
213	117250	0.000504638
214	117800	0.000504638
215	118350	0.000504638
216	118900	0.000504638
217	119450	0.000504638
218	120000	0.000504638
219	120550	0.000504638
220	121100	0.000504638
221	121650	0.000504638
222	122200	0.000504638
223	122750	0.000504638
224	123300	0.000504638
225	123850	0.000504638
226	124400	0.000504638
227	124950	0.000504638
228	125500	0.00041154
229	126050	0.00041154
230	126600	0.00041154
231	127150	0.00041154
232	127700	0.00041154
233	128250	0.00041154
234	128800	0.00041154
235	129350	0.00041154
236	129900	0.00041154
237	130450	0.00041154
238	131000	0.00041154
239	131550	0.00041154
240	132100	0.00041154
241	132650	0.00041154
242	133200	0.00041154
243	133750	0.00041154
244	134300	0.00041154
245	134850	0.00041154
246	135400	0.00041154
247	135950	0.00041154
248	136500	0.00041154
249	137050	0.00041154
250	137600	0.00041154
251	138150	0.00041154
252	138700	0.00041154
253	139250	0.00041154
254	139800	0.00041154
255	140350	0.00041154
256	140900	0.00041154
257	141450	0.00041154
258	142000	0.00041154
259	142550	0.000203034
260	143100	0.000203034
261	143650	0.000203034
262	144200	0.000203034
263	144750	0.000203034
264	145300	0.000203034
265	145850	0.000203034
266	146400	0.000203034
267	146950	0.000203034
268	147500	0.000203034
269	148050	0.000203034
270	148600	0.000203034
271	149150	0.000203034
272	149700	0.000203034
273	150250	0.000203034
274	150800	0.000203034
275	151350	0.000203034
276	151900	0.000203034
277	152450	0.000203034
278	153000	0.000203034
279	153550	0.000203034
280	154100	0.000203034
281	154650	0.000203034
282	155200	0.000203034
283	155750	0.000203034
284	156300	0.000203034
285	156850	0.000203034
286	157400	0.000203034
287	157950	0.000203034
288	158500	0.000203034
289	159050	0.000203034
290	159600	0.000203034
291	160150	0.000203034
292	160700	0.000203034
293	161250	0.000203034
294	161800	0.000203034
295	162350	0.000203034
296	162900	0.000203034
297	163450	0.000203034
298	164000	0.000203034
299	164550	0.000203034
300	165100	0.000203034
301	165650	0.000203034
302	166200	0.000203034
303	166750	0.000203034
304	167300	0.000203034
305	167850	0.000203034
306	168400	0.000203034
307	168950	0.000203034
308	169500	0.000203034
309	170050	0.000203034
310	170600	0.000203034
311	171150	0.000203034
312	171700	0.000203034
313	172250	0.000203034
314	172800	0.000203034
315	173350	0.000203034
316	173900	0.000203034
317	174450	0.000203034
318	175000	0.000203034
319	175550	0.000203034
320	176100	0.000203034
321	176650	0.000203034
322	177200	0.000203034
323	177750	0.000203034
324	178300	0.000203034
325	178850	0.000203034
326	179400	0.000203034
327	179950	0.000203034
328	180500	0.000203034
329	181050	0.000203034
330	181600	0.000203034
331	182150	0.000203034
332	182700	0.000203034
333	183250	0.000203034
334	183800	0.000203034
335	184350	0.000203034
336	184900	0.000203034
337	185450	0.000203034
338	186000	0.000203034
339	186550	0.000203034
340	187100	0.000203034
341	187650	0.000203034
342	188200	0.000203034
343	188750	0.000203034
344	189300	0.000203034
345	189850	0.000203034
346	190400	0.000203034
347	190950	0.000203034
348	191500	0.000203034
349	192050	0.000203034
350	192600	0.000203034
351	193150	0.000203034
352	193700	0.000203034
353	194250	0.000203034
354	194800	0.000203034
355	195350	0.000203034
356	195900	0.000203034
357	196450	0.000203034
358	197000	0.000203034
359	197550	0.000203034
360	198100	0.000203034
361	198650	0.000203034
362	199200	0.000203034
363	199750	0.000203034
364	200300	0.000203034
365	200850	0.000203034
366	201400	0.000203034
367	201950	0.000203034
368	202500	0.000203034
369	203050	0.000203034
370	203600	0.000203034
371	204150	0.000203034
372	204700	0.000203034
373	205250	0.000203034
374	205800	0.000203034
375	206350	0.000203034
376	206900	0.000203034
377	207450	0.000203034
378	208000	0.000203034
379	208550	0.000203034
380	209100	0.000203034
381	209650	0.000203034
382	210200	0.000203034
383	210750	0.000203034
384	211300	0.000203034
385	211850	0.000203034
386	212400	0.000136966
387	212950	0.000136966
388	213500	0.000136966
389	214050	0.000136966
390	214600	0.000136966
391	215150	0.000136966
392	215700	0.000136966
393	216250	0.000136966
394	216800	0.000136966
395	217350	0.000136966
396	217900	0.000136966
397	218450	0.000136966
398	219000	0.000136966
399	219550	0.000136966
400	220100	0.000136966
401	220650	0.000136966
402	221200	0.000136966
403	221750	0.000136966
404	222300	0.000136966
405	222850	0.000136966
406	223400	0.000136966
407	223950	0.000136966
408	224500	0.000136966
409	225050	0.000136966
410	225600	9.54278e-005
411	226150	9.54278e-005
412	226700	9.54278e-005
413	227250	9.54278e-005
414	227800	6.02253e-005
415	228350	6.02253e-005
416	228900	6.02253e-005
417	229450	6.02253e-005
418	230000	6.02253e-005
419	230550	6.02253e-005
420	231100	6.02253e-005
421	231650	6.02253e-005
422	232200	6.02253e-005
423	232750	6.02253e-005
424	233300	6.02253e-005
425	233850	6.02253e-005
426	234400	6.02253e-005
427	234950	6.02253e-005
428	235500	6.02253e-005
429	236050	6.02253e-005
430	236600	6.02253e-005
431	237150	6.02253e-005
432	237700	6.02253e-005
433	238250	6.02253e-005
434	238800	6.02253e-005
435	239350	6.02253e-005
436	239900	6.02253e-005
437	240450	6.02253e-005
438	241000	6.02253e-005
439	241550	6.02253e-005
440	242100	6.02253e-005
441	242650	6.02253e-005
442	243200	6.02253e-005
443	243750	6.02253e-005
444	244300	6.02253e-005
445	244850	6.02253e-005
446	245400	6.02253e-005
447	245950	6.02253e-005
448	246500	6.02253e-005
449	247050	6.02253e-005
450	247600	6.02253e-005
451	248150	6.02253e-005
452	248700	6.02253e-005
453	249250	6.02253e-005
454	249800	6.02253e-005
455	250350	6.02253e-005
456	250900	6.02253e-005
457	251450	6.02253e-005
458	252000	6.02253e-005
459	252550	6.02253e-005
460	253100	6.02253e-005
461	253650	6.02253e-005
462	254200	6.02253e-005
463	254750	6.02253e-005
464	255300	6.02253e-005
465	255850	6.02253e-005
466	256400	6.02253e-005
467	256950	6.02253e-005
468	257500	6.02253e-005
469	258050	6.02253e-005
470	258600	6.02253e-005
471	259150	6.02253e-005
472	259700	6.02253e-005
473	260250	6.02253e-005
474	260800	6.02253e-005
475	261350	6.02253e-005
476	261900	6.02253e-005
477	262450	6.02253e-005
478	263000	6.02253e-005
479	263550	6.02253e-005
480	264100	6.02253e-005
481	264650	6.02253e-005
482	265200	6.02253e-005
483	265750	6.02253e-005
484	266300	6.02253e-005
485	266850	6.02253e-005
486	267400	6.02253e-005
487	267950	6.02253e-005
488	268500	6.02253e-005
489	269050	6.02253e-005
490	269600	6.02253e-005
491	270150	6.02253e-005
492	270700	6.02253e-005
493	271250	6.02253e-005
494	271800	6.02253e-005
495	272350	6.02253e-005
496	272900	6.02253e-005
497	273450	6.02253e-005
498	274000	6.02253e-005
499	274550	6.02253e-005
500	275100	6.02253e-005
501	275650	6.02253e-005
502	276200	6.02253e-005
503	276750	6.02253e-005
504	277300	6.02253e-005
505	277850	6.02253e-005
506	278400	6.02253e-005
507	278950	6.02253e-005
508	279500	6.02253e-005
509	280050	6.02253e-005
510	280600	6.02253e-005
511	281150	6.02253e-005
512	281700	6.02253e-005
513	282250	6.02253e-005
514	282800	6.02253e-005
515	283350	6.02253e-005
516	283900	6.02253e-005
517	284450	6.02253e-005
518	285000	6.02253e-005
519	285550	6.02253e-005
520	286100	6.02253e-005
521	286650	6.02253e-005
522	287200	6.02253e-005
523	287750	6.02253e-005
524	288300	6.02253e-005
525	288850	6.02253e-005
526	289400	6.02253e-005
527	289950	6.02253e-005
528	290500	6.02253e-005
529	291050	6.02253e-005
530	291600	6.02253e-005
531	292150	6.02253e-005
532	292700	6.02253e-005
533	293250	3.3837e-005
534	293800	3.3837e-005
535	294350	3.3837e-005
536	294900	3.3837e-005
537	295450	3.3837e-005
538	296000	3.3837e-005
539	296550	3.3837e-005
540	297100	3.3837e-005
541	297650	3.3837e-005
542	298200	3.3837e-005
543	298750	3.3837e-005
544	299300	3.3837e-005
545	299850	3.3837e-005
546	300400	3.3837e-005
547	300950	3.3837e-005
548	301500	3.3837e-005
549	302050	3.3837e-005
550	302600	3.3837e-005
551	303150	3.3837e-005
552	303700	3.3837e-005
553	304250	3.3837e-005
554	304800	3.3837e-005
555	305350	3.3837e-005
556	305900	3.3837e-005
557	306450	3.3837e-005
558	307000	3.3837e-005
559	307550	3.3837e-005
560	308100	3.3837e-005
561	308650	3.3837e-005
562	309200	3.3837e-005
563	309750	3.3837e-005
564	310300	3.3837e-005
565	310850	3.3837e-005
566	311400	3.3837e-005
567	311950	3.3837e-005
568	312500	3.3837e-005
569	313050	3.3837e-005
570	313600	3.3837e-005
571	314150	3.3837e-005
572	314700	3.3837e-005
573	315250	3.3837e-005
574	315800	3.3837e-005
575	316350	3.3837e-005
576	316900	3.3837e-005
577	317450	3.3837e-005
578	318000	3.3837e-005
579	318550	3.3837e-005
580	319100	3.3837e-005
581	319650	3.3837e-005
582	320200	3.3837e-005
583	320750	3.3837e-005
584	321300	3.3837e-005
585	321850	3.3837e-005
586	322400	3.3837e-005
587	322950	3.3837e-005
588	323500	3.3837e-005
589	324050	3.3837e-005
590	324600	3.3837e-005
591	325150	3.3837e-005
592	325700	3.3837e-005
593	326250	3.3837e-005
594	326800	3.3837e-005
595	327350	3.3837e-005
596	327900	3.3837e-005
597	328450	3.3837e-005
598	329000	3.3837e-005
599	329550	3.3837e-005
600	330100	3.3837e-005
601	330650	3.3837e-005
602	331200	3.3837e-005
603	331750	3.3837e-005
604	332300	3.3837e-005
605	332850	3.3837e-005
606	333400	3.3837e-005
607	333950	3.3837e-005
608	334500	3.3837e-005
609	335050	3.3837e-005
610	335600	3.3837e-005
611	336150	3.3837e-005
612	336700	3.3837e-005
613	337250	3.3837e-005
614	337800	3.3837e-005
615	338350	3.3837e-005
616	338900	3.3837e-005
617	339450	3.3837e-005
618	340000	3.3837e-005
619	340550	3.3837e-005
620	341100	3.3837e-005
621	341650	3.3837e-005
622	342200	3.3837e-005
623	342750	3.3837e-005
624	343300	3.3837e-005
625	343850	3.3837e-005
626	344400	3.3837e-005
627	344950	3.3837e-005
628	345500	3.3837e-005
629	346050	3.3837e-005
630	346600	3.3837e-005
631	347150	3.3837e-005
632	347700	3.3837e-005
633	348250	3.3837e-005
634	348800	3.3837e-005
635	349350	3.3837e-005
636	349900	3.3837e-005
637	350450	3.3837e-005
638	351000	3.3837e-005
639	351550	3.3837e-005
640	352100	3.3837e-005
641	352650	3.3837e-005
642	353200	3.3837e-005
643	353750	3.3837e-005
644	354300	3.3837e-005
645	354850	3.3837e-005
646	355400	3.3837e-005
647	355950	3.3837e-005
648	356500	3.3837e-005
649	357050	3.3837e-005
650	357600	3.3837e-005
651	358150	3.3837e-005
652	358700	3.3837e-005
653	359250	3.3837e-005
654	359800	3.3837e-005
655	360350	3.3837e-005
656	360900	3.3837e-005
657	361450	3.3837e-005
658	362000	3.3837e-005
659	362550	3.3837e-005
660	363100	3.3837e-005
661	363650	3.3837e-005
662	364200	3.3837e-005
663	364750	3.3837e-005
664	365300	3.3837e-005
665	365850	3.3837e-005
666	366400	3.3837e-005
667	366950	3.3837e-005
668	367500	3.3837e-005
669	368050	3.3837e-005
670	368600	3.3837e-005
671	369150	3.3837e-005
672	369700	3.3837e-005
673	370250	3.3837e-005
674	370800	3.3837e-005
675	371350	3.3837e-005
676	371900	3.3837e-005
677	372450	3.3837e-005
678	373000	3.3837e-005
679	373550	3.3837e-005
680	374100	3.3837e-005
681	374650	3.3837e-005
682	375200	3.3837e-005
683	375750	3.3837e-005
684	376300	3.3837e-005
685	376850	3.3837e-005
686	377400	3.3837e-005
687	377950	3.3837e-005
688	378500	3.3837e-005
689	379050	3.3837e-005
690	379600	3.3837e-005
691	380150	3.3837e-005
692	380700	3.3837e-005
693	381250	3.3837e-005
694	381800	3.3837e-005
695	382350	3.3837e-005
696	382900	3.3837e-005
697	383450	3.3837e-005
698	384000	3.3837e-005
699	384550	3.3837e-005
700	385100	3.3837e-005
701	385650	3.3837e-005
702	386200	3.3837e-005
703	386750	3.3837e-005
704	387300	3.3837e-005
705	387850	3.3837e-005
706	388400	3.3837e-005
707	388950	3.3837e-005
708	389500	3.3837e-005
709	390050	3.3837e-005
710	390600	3.3837e-005
711	391150	3.3837e-005
712	391700	3.3837e-005
713	392250	3.3837e-005
714	392800	3.3837e-005
715	393350	3.3837e-005
716	393900	3.3837e-005
717	394450	3.3837e-005
718	395000	3.3837e-005
719	395550	3.3837e-005
720	396100	3.3837e-005
721	396650	3.3837e-005
722	397200	3.3837e-005
723	397750	3.3837e-005
724	398300	3.3837e-005
725	398850	3.3837e-005
726	399400	3.3837e-005
727	399950	3.3837e-005
728	400500	3.3837e-005
729	401050	3.3837e-005
730	401600	3.23312e-005
731	402150	3.23312e-005
732	402700	3.23312e-005
733	403250	3.23312e-005
734	403800	3.23312e-005
735	404350	3.23312e-005
736	404900	3.23312e-005
737	405450	3.03174e-005
738	406000	3.03174e-005
739	406550	3.03174e-005
740	407100	3.03174e-005
741	407650	3.03174e-005
742	408200	3.03174e-005
743	408750	3.03174e-005
744	409300	3.03174e-005
745	409850	3.03174e-005
746	410400	3.03174e-005
747	410950	3.03174e-005
748	411500	3.03174e-005
749	412050	3.03174e-005
750	412600	3.03174e-005
751	413150	3.03174e-005
752	413700	3.03174e-005
753	414250	3.03174e-005
754	414800	3.03174e-005
755	415350	3.03174e-005
756	415900	3.03174e-005
757	416450	3.03174e-005
758	417000	3.03174e-005
759	417550	3.03174e-005
760	418100	3.03174e-005
761	418650	3.03174e-005
762	419200	3.03174e-005
763	419750	3.03174e-005
764	420300	3.03174e-005
765	420850	3.03174e-005
766	421400	3.03174e-005
767	421950	3.03174e-005
768	422500	3.03174e-005
769	423050	3.03174e-005
770	423600	3.03174e-005
771	424150	3.03174e-005
772	424700	3.03174e-005
773	425250	3.03174e-005
774	425800	3.03174e-005
775	426350	3.03174e-005
776	426900	3.03174e-005
777	427450	3.03174e-005
778	428000	3.03174e-005
779	428550	3.03174e-005
780	429100	3.03174e-005
781	429650	3.03174e-005
782	430200	3.03174e-005
783	430750	3.03174e-005
784	431300	3.03174e-005
785	431850	3.03174e-005
786	432400	3.03174e-005
787	432950	3.03174e-005
788	433500	3.03174e-005
789	434050	3.03174e-005
790	434600	3.03174e-005
791	435150	3.03174e-005
792	435700	3.03174e-005
793	436250	3.03174e-005
794	436800	3.03174e-005
795	437350	3.03174e-005
796	437900	3.03174e-005
797	438450	3.03174e-005
798	439000	3.03174e-005
799	439550	3.03174e-005
800	440100	3.03174e-005
801	440650	3.03174e-005
802	441200	3.03174e-005
803	441750	2.32327e-005
804	442300	2.32327e-005
805	442850	2.32327e-005
806	443400	2.32327e-005
807	443950	2.32327e-005
808	444500	2.32327e-005
809	445050	2.32327e-005
810	445600	2.32327e-005
811	446150	2.32327e-005
812	446700	2.32327e-005
813	447250	2.32327e-005
814	447800	2.32327e-005
815	448350	2.32327e-005
816	448900	2.32327e-005
817	449450	2.32327e-005
818	450000	2.32327e-005
819	450550	2.32327e-005
820	451100	2.32327e-005
821	451650	2.32327e-005
822	452200	2.32327e-005
823	452750	2.32327e-005
824	453300	2.32327e-005
825	453850	2.32327e-005
826	454400	2.32327e-005
827	454950	2.32327e-005
828	455500	2.32327e-005
829	456050	2.32327e-005
830	456600	2.32327e-005
831	457150	2.32327e-005
832	457700	2.32327e-005
833	458250	2.32327e-005
834	458800	2.32327e-005
835	459350	2.32327e-005
836	459900	2.32327e-005
837	460450	2.32327e-005
838	461000	2.32327e-005
839	461550	2.32327e-005
840	462100	2.32327e-005
841	462650	2.32327e-005
842	463200	2.32327e-005
843	463750	2.32327e-005
844	464300	2.32327e-005
845	464850	2.32327e-005
846	465400	2.32327e-005
847	465950	2.32327e-005
848	466500	2.03011e-005
849	467050	2.03011e-005
850	467600	2.03011e-005
851	468150	2.03011e-005
852	468700	2.03011e-005
853	469250	2.03011e-005
854	469800	2.03011e-005
855	470350	2.03011e-005
856	470900	2.03011e-005
857	471450	2.03011e-005
858	472000	2.03011e-005
859	472550	2.03011e-005
860	473100	2.03011e-005
861	473650	2.03011e-005
862	474200	2.03011e-005
863	474750	2.03011e-005
864	475300	2.03011e-005
865	475850	2.03011e-005
866	476400	2.03011e-005
867	476950	2.03011e-005
868	477500	2.03011e-005
869	478050	2.03011e-005
870	478600	2.03011e-005
871	479150	2.03011e-005
872	479700	2.03011e-005
873	480250	2.03011e-005
874	480800	2.03011e-005
875	481350	2.03011e-005
876	481900	2.03011e-005
877	482450	2.03011e-005
878	483000	2.03011e-005
879	483550	2.03011e-005
880	484100	2.03011e-005
881	484650	1.79102e-005
882	485200	1.79102e-005
883	485750	1.79102e-005
884	486300	1.79102e-005
885	486850	1.79102e-005
886	487400	1.79102e-005
887	487950	1.79102e-005
888	488500	1.79102e-005
889	489050	1.79102e-005
890	489600	1.79102e-005
891	490150	1.79102e-005
892	490700	1.79102e-005
893	491250	1.79102e-005
894	491800	1.79102e-005
895	492350	1.79102e-005
896	492900	1.15529e-005
897	493450	1.15529e-005
898	494000	1.15529e-005
899	494550	1.15529e-005
900	495100	1.15529e-005
901	495650	1.15529e-005
902	496200	1.15529e-005
903	496750	1.15529e-005
904	497300	1.15529e-005
905	497850	1.15529e-005
906	498400	1.15529e-005
907	498950	1.15529e-005
908	499500	1.15529e-005
909	500050	1.15529e-005
910	500600	1.15529e-005
911	501150	1.15529e-005
912	501700	1.15529e-005
913	502250	1.15529e-005
914	502800	1.15529e-005
915	503350	1.15529e-005
916	503900	1.15529e-005
917	504450	1.15529e-005
918	505000	1.15529e-005
919	505550	1.15529e-005
920	506100	1.15529e-005
921	506650	1.15529e-005
922	507200	1.15529e-005
923	507750	1.15529e-005
924	508300	1.15529e-005
925	508850	1.15529e-005
926	509400	1.15529e-005
927	509950	1.15529e-005
928	510500	1.15529e-005
929	511050	1.15529e-005
930	511600	1.15529e-005
931	512150	1.15529e-005
932	512700	1.15529e-005
933	513250	1.15529e-005
934	513800	1.15529e-005
935	514350	1.15529e-005
936	514900	1.15529e-005
937	515450	1.15529e-005
938	516000	1.15529e-005
939	516550	1.15529e-005
940	517100	1.15529e-005
941	517650	1.15529e-005
942	518200	1.15529e-005
943	518750	1.15529e-005
944	519300	1.15529e-005
945	519850	1.15529e-005
946	520400	1.15529e-005
947	520950	1.15529e-005
948	521500	1.15529e-005
949	522050	1.15529e-005
950	522600	1.15529e-005
951	523150	1.15529e-005
952	523700	1.15529e-005
953	524250	1.11347e-005
954	524800	1.11347e-005
955	525350	1.11347e-005
956	525900	1.11347e-005
957	526450	1.11347e-005
958	527000	1.11347e-005
959	527550	1.11347e-005
960	528100	1.11347e-005
961	528650	1.11347e-005
962	529200	1.11347e-005
963	529750	1.11347e-005
964	530300	1.11347e-005
965	530850	1.11347e-005
966	531400	1.11347e-005
967	531950	1.11347e-005
968	532500	1.11347e-005
969	533050	1.11347e-005
970	533600	1.11347e-005
971	534150	1.11347e-005
972	534700	1.11347e-005
973	535250	1.11347e-005
974	535800	1.11347e-005
975	536350	1.11347e-005
976	536900	1.11347e-005
977	537450	1.11347e-005
978	538000	1.11347e-005
979	538550	1.11347e-005
980	539100	1.11347e-005
981	539650	1.11347e-005
982	540200	1.11347e-005
983	540750	1.11347e-005
984	541300	1.11347e-005
985	541850	1.11347e-005
986	542400	1.11347e-005
987	542950	1.11347e-005
988	543500	1.11347e-005
989	544050	1.11347e-005
990	544600	1.11347e-005
991	545150	1.11347e-005
992	545700	1.11347e-005
993	546250	1.11347e-005
994	546800	1.11347e-005
995	547350	1.11347e-005
996	547900	1.11347e-005
997	548450	1.11347e-005
998	549000	1.11347e-005
999	549550	1.11347e-005
1000	550100	1.11347e-005
