1	650	277.191
2	1200	184.218
3	1750	141.868
4	2300	129.957
5	2850	77.8062
6	3400	58.7427
7	3950	58.1474
8	4500	48.9251
9	5050	38.4667
10	5600	28.5484
11	6150	22.0811
12	6700	16.5335
13	7250	12.4779
14	7800	9.97551
15	8350	8.38576
16	8900	3.5728
17	9450	3.44211
18	10000	2.38587
19	10550	1.99084
20	11100	1.91009
21	11650	1.54454
22	12200	1.46982
23	12750	1.12361
24	13300	0.770743
25	13850	0.385392
26	14400	0.383077
27	14950	0.288552
28	15500	0.239422
29	16050	0.212104
30	16600	0.212104
31	17150	0.108543
32	17700	0.063421
33	18250	0.063421
34	18800	0.063421
35	19350	0.063421
36	19900	0.063421
37	20450	0.063421
38	21000	0.063421
39	21550	0.063421
40	22100	0.063421
41	22650	0.063421
42	23200	0.063421
43	23750	0.063421
44	24300	0.063421
45	24850	0.0615636
46	25400	0.0379711
47	25950	0.0379711
48	26500	0.0379711
49	27050	0.0379711
50	27600	0.0379711
51	28150	0.0379711
52	28700	0.0379711
53	29250	0.0313778
54	29800	0.0313778
55	30350	0.0300184
56	30900	0.0266088
57	31450	0.00664504
58	32000	0.00664504
59	32550	0.00664504
60	33100	0.00664504
61	33650	0.00664504
62	34200	0.00664504
63	34750	0.00664504
64	35300	0.00664504
65	35850	0.00664504
66	36400	0.00664504
67	36950	0.00664504
68	37500	0.00477204
69	38050	0.00477204
70	38600	0.00477204
71	39150	0.00477204
72	39700	0.00477204
73	40250	0.00477204
74	40800	0.00477204
75	41350	0.00477204
76	41900	0.00477204
77	42450	0.00477204
78	43000	0.00477204
79	43550	0.00477204
80	44100	0.00477204
81	44650	0.00477204
82	45200	0.00477204
83	45750	0.00477204
84	46300	0.00477204
85	46850	0.00477204
86	47400	0.00378385
87	47950	0.00378385
88	48500	0.00378385
89	49050	0.00378385
90	49600	0.00378385
91	50150	0.00378385
92	50700	0.00378385
93	51250	0.00378385
94	51800	0.00378385
95	52350	0.00378385
96	52900	0.00378385
97	53450	0.00378385
98	54000	0.00378385
99	54550	0.00378385
100	55100	0.00378385
101	55650	0.00325986
102	56200	0.00325986
103	56750	0.00325986
104	57300	0.00325986
105	57850	0.00325986
106	58400	0.00325986
107	58950	0.00325986
108	59500	0.00325986
109	60050	0.00325986
110	60600	0.00325986
111	61150	0.00325986
112	61700	0.00325986
113	62250	0.00325986
114	62800	0.00325986
115	63350	0.00325986
116	63900	0.00325986
117	64450	0.00325986
118	65000	0.00325986
119	65550	0.00325986
120	66100	0.0026945
121	66650	0.0026945
122	67200	0.0026945
123	67750	0.00213843
124	68300	0.00213843
125	68850	0.00213843
126	69400	0.00213843
127	69950	0.00213843
128	70500	0.00213843
129	71050	0.00213843
130	71600	0.00213843
131	72150	0.00204571
132	72700	0.00204571
133	73250	0.00111435
134	73800	0.00111435
135	74350	0.00111435
136	74900	0.00111435
137	75450	0.00111435
138	76000	0.00111435
139	76550	0.00103379
140	77100	0.00103379
141	77650	0.00103379
142	78200	0.00103379
143	78750	0.00103379
144	79300	0.00103379
145	79850	0.00103379
146	80400	0.00103379
147	80950	0.00103379
148	81500	0.00103379
149	82050	0.00103379
150	82600	0.00103379
151	83150	0.00103379
152	83700	0.00103379
153	84250	0.00103379
154	84800	0.00103379
155	85350	0.00103379
156	85900	0.00103208
157	86450	0.00103208
158	87000	0.00103208
159	87550	0.00103208
160	88100	0.00103208
161	88650	0.00103208
162	89200	0.00103208
163	89750	0.00103208
164	90300	0.00103208
165	90850	0.00102326
166	91400	0.00102326
167	91950	0.00102326
168	92500	0.00102326
169	93050	0.00102326
170	93600	0.00102326
171	94150	0.00102326
172	94700	0.00102326
173	95250	0.00102326
174	95800	0.00102326
175	96350	0.00102326
176	96900	0.000979208
177	97450	0.000979208
178	98000	0.000979208
179	98550	0.000979208
180	99100	0.000979208
181	99650	0.000979208
182	100200	0.000979208
183	100750	0.000979208
184	101300	0.000979208
185	101850	0.000593949
186	102400	0.000593949
187	102950	0.000593949
188	103500	0.000593949
189	104050	0.000593949
190	104600	0.000593949
191	105150	0.000593949
192	105700	0.000593949
193	106250	0.000593949
194	106800	0.000593949
195	107350	0.000593949
196	107900	0.000593949
197	108450	0.000593949
198	109000	0.000593949
199	109550	0.000593949
200	110100	0.000593949
201	110650	0.000593949
202	111200	0.000593949
203	111750	0.000593949
204	112300	0.000593949
205	112850	0.000593949
206	113400	0.000593949
207	113950	0.000593949
208	114500	0.000593949
209	115050	0.000593949
210	115600	0.000593949
211	116150	0.000593949
212	116700	0.000593949
213	117250	0.000593949
214	117800	0.000593949
215	118350	0.000593949
216	118900	0.000593949
217	119450	0.000593949
218	120000	0.000593949
219	120550	0.000593949
220	121100	0.000593949
221	121650	0.000593949
222	122200	0.000593949
223	122750	0.000593949
224	123300	0.000593949
225	123850	0.000593949
226	124400	0.000593949
227	124950	0.000356897
228	125500	0.000356897
229	126050	0.000356897
230	126600	0.000356897
231	127150	0.000356897
232	127700	0.000356897
233	128250	0.000356897
234	128800	0.000356897
235	129350	0.000356897
236	129900	0.000356897
237	130450	0.000356897
238	131000	0.000356897
239	131550	0.000356897
240	132100	0.000356897
241	132650	0.000356897
242	133200	0.000356897
243	133750	0.000111803
244	134300	0.000111803
245	134850	0.000111803
246	135400	0.000111803
247	135950	0.000111803
248	136500	0.000111803
249	137050	0.000111803
250	137600	0.000111803
251	138150	0.000111803
252	138700	0.000111803
253	139250	0.000111803
254	139800	0.000111803
255	140350	0.000111803
256	140900	0.000111803
257	141450	0.000111803
258	142000	0.000111803
259	142550	0.000111803
260	143100	0.000111803
261	143650	0.000111803
262	144200	0.000111803
263	144750	0.000111803
264	145300	0.000111803
265	145850	0.000111803
266	146400	0.000111803
267	146950	0.000111803
268	147500	0.000111803
269	148050	0.000111803
270	148600	0.000111803
271	149150	0.000111803
272	149700	0.000111803
273	150250	0.000111803
274	150800	0.000111803
275	151350	0.000111803
276	151900	0.000111803
277	152450	0.000111803
278	153000	0.000111803
279	153550	0.000111803
280	154100	0.000111803
281	154650	0.000111803
282	155200	0.000111803
283	155750	0.000111803
284	156300	0.000111803
285	156850	0.000111803
286	157400	0.000111803
287	157950	0.000111803
288	158500	0.000111803
289	159050	0.000111803
290	159600	0.000111803
291	160150	0.000111803
292	160700	0.000111803
293	161250	0.000111803
294	161800	0.000111803
295	162350	0.000111803
296	162900	0.000111803
297	163450	0.000111803
298	164000	0.000111803
299	164550	0.000111803
300	165100	0.000111803
301	165650	0.000111803
302	166200	0.000111803
303	166750	0.000111803
304	167300	0.000111803
305	167850	0.000111803
306	168400	0.000111803
307	168950	0.000111803
308	169500	0.000111803
309	170050	0.000111803
310	170600	0.000111803
311	171150	0.000111803
312	171700	0.000111803
313	172250	0.000111803
314	172800	0.000111803
315	173350	0.000111803
316	173900	0.000111803
317	174450	0.000111803
318	175000	0.000111803
319	175550	0.000111803
320	176100	0.000111803
321	176650	0.000111803
322	177200	0.000111803
323	177750	0.000111803
324	178300	0.000111803
325	178850	0.000111803
326	179400	0.000111803
327	179950	0.000111803
328	180500	0.000111803
329	181050	0.000111803
330	181600	0.000111803
331	182150	0.000111803
332	182700	0.000111803
333	183250	0.000111803
334	183800	0.000111803
335	184350	0.000111803
336	184900	0.000111803
337	185450	0.000111803
338	186000	0.000111803
339	186550	0.000111803
340	187100	0.000111803
341	187650	0.000111803
342	188200	0.000111803
343	188750	0.000111803
344	189300	0.000111803
345	189850	0.000111803
346	190400	0.000111803
347	190950	0.000111803
348	191500	0.000111803
349	192050	0.000111803
350	192600	0.000111803
351	193150	0.000111803
352	193700	0.000111803
353	194250	0.000111803
354	194800	0.000111803
355	195350	0.000111803
356	195900	0.000111803
357	196450	0.000111803
358	197000	0.000111803
359	197550	0.000111803
360	198100	0.000111803
361	198650	0.000111803
362	199200	0.000111803
363	199750	0.000111803
364	200300	0.000111803
365	200850	0.000111803
366	201400	0.000111803
367	201950	0.000111803
368	202500	0.000111803
369	203050	0.000111803
370	203600	0.000111803
371	204150	0.000111803
372	204700	0.000111803
373	205250	0.000111803
374	205800	0.000111803
375	206350	0.000111803
376	206900	0.000111803
377	207450	0.000111803
378	208000	0.000111803
379	208550	8.13675e-005
380	209100	8.13675e-005
381	209650	8.13675e-005
382	210200	8.13675e-005
383	210750	8.13675e-005
384	211300	8.13675e-005
385	211850	8.13675e-005
386	212400	8.13675e-005
387	212950	8.13675e-005
388	213500	8.13675e-005
389	214050	8.13675e-005
390	214600	8.13675e-005
391	215150	8.13675e-005
392	215700	8.13675e-005
393	216250	8.13675e-005
394	216800	8.13675e-005
395	217350	8.13675e-005
396	217900	8.13675e-005
397	218450	8.13675e-005
398	219000	8.13675e-005
399	219550	8.13675e-005
400	220100	8.13675e-005
401	220650	8.13675e-005
402	221200	8.13675e-005
403	221750	8.13675e-005
404	222300	8.13675e-005
405	222850	8.13675e-005
406	223400	8.13675e-005
407	223950	8.13675e-005
408	224500	8.13675e-005
409	225050	8.13675e-005
410	225600	8.13675e-005
411	226150	8.13675e-005
412	226700	8.13675e-005
413	227250	8.13675e-005
414	227800	8.13675e-005
415	228350	8.13675e-005
416	228900	8.13675e-005
417	229450	8.13675e-005
418	230000	8.13675e-005
419	230550	8.13675e-005
420	231100	8.13675e-005
421	231650	8.13675e-005
422	232200	8.13675e-005
423	232750	8.13675e-005
424	233300	8.13675e-005
425	233850	8.13675e-005
426	234400	8.13675e-005
427	234950	8.13675e-005
428	235500	8.13675e-005
429	236050	8.13675e-005
430	236600	8.13675e-005
431	237150	8.13675e-005
432	237700	8.13675e-005
433	238250	8.13675e-005
434	238800	8.13675e-005
435	239350	8.13675e-005
436	239900	8.13675e-005
437	240450	8.13675e-005
438	241000	8.13675e-005
439	241550	8.13675e-005
440	242100	8.13675e-005
441	242650	8.13675e-005
442	243200	8.13675e-005
443	243750	8.13675e-005
444	244300	8.13675e-005
445	244850	8.13675e-005
446	245400	8.13675e-005
447	245950	8.13675e-005
448	246500	8.13675e-005
449	247050	8.13675e-005
450	247600	8.13675e-005
451	248150	8.13675e-005
452	248700	8.13675e-005
453	249250	8.13675e-005
454	249800	8.13675e-005
455	250350	8.13675e-005
456	250900	8.13675e-005
457	251450	8.13675e-005
458	252000	8.13675e-005
459	252550	8.13675e-005
460	253100	8.13675e-005
461	253650	8.13675e-005
462	254200	8.13675e-005
463	254750	8.13675e-005
464	255300	8.13675e-005
465	255850	8.13675e-005
466	256400	8.13675e-005
467	256950	8.13675e-005
468	257500	8.13675e-005
469	258050	8.13675e-005
470	258600	8.13675e-005
471	259150	8.13675e-005
472	259700	8.13675e-005
473	260250	8.13675e-005
474	260800	8.13675e-005
475	261350	8.13675e-005
476	261900	8.13675e-005
477	262450	8.13675e-005
478	263000	8.13675e-005
479	263550	8.13675e-005
480	264100	8.13675e-005
481	264650	8.13675e-005
482	265200	8.13675e-005
483	265750	8.13675e-005
484	266300	8.13675e-005
485	266850	8.13675e-005
486	267400	8.13675e-005
487	267950	8.13675e-005
488	268500	8.13675e-005
489	269050	8.13675e-005
490	269600	8.13675e-005
491	270150	8.13675e-005
492	270700	8.13675e-005
493	271250	8.13675e-005
494	271800	8.13675e-005
495	272350	8.13675e-005
496	272900	8.13675e-005
497	273450	8.13675e-005
498	274000	8.13675e-005
499	274550	8.13675e-005
500	275100	8.13675e-005
501	275650	8.13675e-005
502	276200	8.13675e-005
503	276750	8.13675e-005
504	277300	8.13675e-005
505	277850	8.13675e-005
506	278400	8.13675e-005
507	278950	8.13675e-005
508	279500	8.13675e-005
509	280050	8.13675e-005
510	280600	8.13675e-005
511	281150	8.13675e-005
512	281700	8.13675e-005
513	282250	8.13675e-005
514	282800	8.13675e-005
515	283350	8.13675e-005
516	283900	8.13675e-005
517	284450	8.13675e-005
518	285000	8.13675e-005
519	285550	8.13675e-005
520	286100	8.13675e-005
521	286650	8.13675e-005
522	287200	8.13675e-005
523	287750	8.13675e-005
524	288300	8.13675e-005
525	288850	8.13675e-005
526	289400	8.13675e-005
527	289950	7.92593e-005
528	290500	7.92593e-005
529	291050	7.92593e-005
530	291600	7.92593e-005
531	292150	7.92593e-005
532	292700	7.92593e-005
533	293250	7.92593e-005
534	293800	7.92593e-005
535	294350	7.92593e-005
536	294900	7.92593e-005
537	295450	7.92593e-005
538	296000	7.92593e-005
539	296550	7.92593e-005
540	297100	7.92593e-005
541	297650	7.92593e-005
542	298200	7.92593e-005
543	298750	7.92593e-005
544	299300	7.92593e-005
545	299850	7.92593e-005
546	300400	7.92593e-005
547	300950	7.92593e-005
548	301500	7.92593e-005
549	302050	7.4367e-005
550	302600	7.4367e-005
551	303150	7.4367e-005
552	303700	7.4367e-005
553	304250	7.4367e-005
554	304800	7.4367e-005
555	305350	7.4367e-005
556	305900	7.4367e-005
557	306450	7.4367e-005
558	307000	7.4367e-005
559	307550	7.4367e-005
560	308100	7.4367e-005
561	308650	7.4367e-005
562	309200	7.4367e-005
563	309750	7.4367e-005
564	310300	7.4367e-005
565	310850	7.4367e-005
566	311400	7.4367e-005
567	311950	7.38434e-005
568	312500	7.38434e-005
569	313050	7.38434e-005
570	313600	7.38434e-005
571	314150	7.38434e-005
572	314700	7.38434e-005
573	315250	7.38434e-005
574	315800	7.38434e-005
575	316350	7.38434e-005
576	316900	7.38434e-005
577	317450	7.38434e-005
578	318000	6.66019e-005
579	318550	6.66019e-005
580	319100	6.66019e-005
581	319650	6.66019e-005
582	320200	6.66019e-005
583	320750	6.66019e-005
584	321300	6.66019e-005
585	321850	6.66019e-005
586	322400	6.66019e-005
587	322950	6.66019e-005
588	323500	6.66019e-005
589	324050	6.66019e-005
590	324600	6.66019e-005
591	325150	6.66019e-005
592	325700	6.66019e-005
593	326250	5.81359e-005
594	326800	5.81359e-005
595	327350	5.81359e-005
596	327900	5.81359e-005
597	328450	5.81359e-005
598	329000	5.81359e-005
599	329550	5.08395e-005
600	330100	5.08395e-005
601	330650	5.08395e-005
602	331200	5.08395e-005
603	331750	5.08395e-005
604	332300	5.08395e-005
605	332850	5.08395e-005
606	333400	5.08395e-005
607	333950	5.08395e-005
608	334500	5.08395e-005
609	335050	4.92306e-005
610	335600	4.92306e-005
611	336150	4.92306e-005
612	336700	4.92306e-005
613	337250	4.92306e-005
614	337800	4.92306e-005
615	338350	4.92306e-005
616	338900	4.92306e-005
617	339450	4.92306e-005
618	340000	4.92306e-005
619	340550	4.92306e-005
620	341100	4.92306e-005
621	341650	4.92306e-005
622	342200	4.92306e-005
623	342750	4.92306e-005
624	343300	4.92306e-005
625	343850	4.92306e-005
626	344400	4.92306e-005
627	344950	4.92306e-005
628	345500	4.92306e-005
629	346050	4.92306e-005
630	346600	4.92306e-005
631	347150	4.92306e-005
632	347700	4.92306e-005
633	348250	4.92306e-005
634	348800	4.92306e-005
635	349350	4.92306e-005
636	349900	4.92306e-005
637	350450	4.92306e-005
638	351000	4.92306e-005
639	351550	4.92306e-005
640	352100	4.92306e-005
641	352650	4.92306e-005
642	353200	4.92306e-005
643	353750	4.92306e-005
644	354300	4.92306e-005
645	354850	4.92306e-005
646	355400	3.58947e-005
647	355950	3.58947e-005
648	356500	3.58947e-005
649	357050	3.58947e-005
650	357600	3.58947e-005
651	358150	3.58947e-005
652	358700	3.58947e-005
653	359250	3.58947e-005
654	359800	3.58947e-005
655	360350	3.58947e-005
656	360900	3.58947e-005
657	361450	3.58947e-005
658	362000	3.58947e-005
659	362550	3.58947e-005
660	363100	3.58947e-005
661	363650	3.58947e-005
662	364200	3.58947e-005
663	364750	3.58947e-005
664	365300	3.58947e-005
665	365850	3.58947e-005
666	366400	3.58947e-005
667	366950	3.58947e-005
668	367500	3.58947e-005
669	368050	3.58947e-005
670	368600	3.58947e-005
671	369150	3.58947e-005
672	369700	3.58947e-005
673	370250	3.58947e-005
674	370800	3.58947e-005
675	371350	3.58947e-005
676	371900	3.58947e-005
677	372450	3.58947e-005
678	373000	3.58947e-005
679	373550	3.58947e-005
680	374100	3.58947e-005
681	374650	3.58947e-005
682	375200	3.58947e-005
683	375750	3.58947e-005
684	376300	3.58947e-005
685	376850	3.58947e-005
686	377400	3.58947e-005
687	377950	3.58947e-005
688	378500	3.58947e-005
689	379050	3.58947e-005
690	379600	2.99733e-005
691	380150	2.99733e-005
692	380700	2.99733e-005
693	381250	2.70705e-005
694	381800	2.70705e-005
695	382350	2.70705e-005
696	382900	2.70705e-005
697	383450	2.70705e-005
698	384000	2.70705e-005
699	384550	2.70705e-005
700	385100	2.70705e-005
701	385650	2.70705e-005
702	386200	2.70705e-005
703	386750	2.70705e-005
704	387300	2.70705e-005
705	387850	2.70705e-005
706	388400	2.70705e-005
707	388950	2.70705e-005
708	389500	2.70705e-005
709	390050	2.70705e-005
710	390600	2.70705e-005
711	391150	2.70705e-005
712	391700	2.70705e-005
713	392250	2.70705e-005
714	392800	2.70705e-005
715	393350	2.70705e-005
716	393900	2.70705e-005
717	394450	2.70705e-005
718	395000	2.70705e-005
719	395550	2.70705e-005
720	396100	2.70705e-005
721	396650	2.70705e-005
722	397200	2.70705e-005
723	397750	2.70705e-005
724	398300	2.70705e-005
725	398850	2.70705e-005
726	399400	2.70705e-005
727	399950	2.70705e-005
728	400500	2.70705e-005
729	401050	2.70705e-005
730	401600	2.70705e-005
731	402150	2.70705e-005
732	402700	2.64457e-005
733	403250	2.64457e-005
734	403800	2.64457e-005
735	404350	2.64457e-005
736	404900	2.64457e-005
737	405450	2.64457e-005
738	406000	2.64457e-005
739	406550	2.64457e-005
740	407100	2.64457e-005
741	407650	2.64457e-005
742	408200	2.64457e-005
743	408750	2.64457e-005
744	409300	2.64457e-005
745	409850	2.64457e-005
746	410400	2.64457e-005
747	410950	2.64457e-005
748	411500	2.64457e-005
749	412050	2.64457e-005
750	412600	2.64457e-005
751	413150	2.64457e-005
752	413700	2.64457e-005
753	414250	2.64457e-005
754	414800	2.64457e-005
755	415350	2.64457e-005
756	415900	2.64457e-005
757	416450	2.64457e-005
758	417000	2.64457e-005
759	417550	2.64457e-005
760	418100	2.64457e-005
761	418650	2.64457e-005
762	419200	2.64457e-005
763	419750	2.64457e-005
764	420300	2.64457e-005
765	420850	2.64457e-005
766	421400	2.64457e-005
767	421950	2.64457e-005
768	422500	2.64457e-005
769	423050	2.64457e-005
770	423600	2.64457e-005
771	424150	2.64457e-005
772	424700	2.64457e-005
773	425250	2.64457e-005
774	425800	2.64457e-005
775	426350	2.64457e-005
776	426900	2.64457e-005
777	427450	2.64457e-005
778	428000	2.64457e-005
779	428550	2.64457e-005
780	429100	2.64457e-005
781	429650	2.64457e-005
782	430200	2.64457e-005
783	430750	2.64457e-005
784	431300	2.64457e-005
785	431850	2.64457e-005
786	432400	2.64457e-005
787	432950	2.64457e-005
788	433500	2.64457e-005
789	434050	2.64457e-005
790	434600	2.64457e-005
791	435150	2.64457e-005
792	435700	2.64457e-005
793	436250	2.64457e-005
794	436800	2.64457e-005
795	437350	2.64457e-005
796	437900	2.64457e-005
797	438450	2.64457e-005
798	439000	2.64457e-005
799	439550	2.64457e-005
800	440100	2.64457e-005
801	440650	2.59811e-005
802	441200	2.59811e-005
803	441750	2.59811e-005
804	442300	2.59811e-005
805	442850	2.59811e-005
806	443400	2.59811e-005
807	443950	2.59811e-005
808	444500	2.59811e-005
809	445050	2.59811e-005
810	445600	2.59811e-005
811	446150	2.59811e-005
812	446700	2.59811e-005
813	447250	2.31572e-005
814	447800	2.31572e-005
815	448350	2.31572e-005
816	448900	2.31572e-005
817	449450	2.31572e-005
818	450000	2.31572e-005
819	450550	2.31572e-005
820	451100	2.31572e-005
821	451650	2.31572e-005
822	452200	2.31572e-005
823	452750	2.31572e-005
824	453300	2.31572e-005
825	453850	2.31572e-005
826	454400	2.31572e-005
827	454950	2.31572e-005
828	455500	2.31572e-005
829	456050	2.31572e-005
830	456600	2.31572e-005
831	457150	2.31572e-005
832	457700	2.31572e-005
833	458250	2.31572e-005
834	458800	2.31572e-005
835	459350	1.60504e-005
836	459900	1.60504e-005
837	460450	1.60504e-005
838	461000	1.60504e-005
839	461550	1.60504e-005
840	462100	1.60504e-005
841	462650	1.60504e-005
842	463200	1.60504e-005
843	463750	1.60504e-005
844	464300	1.60504e-005
845	464850	1.60504e-005
846	465400	1.60504e-005
847	465950	1.60504e-005
848	466500	1.60504e-005
849	467050	1.60504e-005
850	467600	1.60504e-005
851	468150	1.60504e-005
852	468700	1.60504e-005
853	469250	1.60504e-005
854	469800	1.60504e-005
855	470350	1.60504e-005
856	470900	1.60504e-005
857	471450	1.60504e-005
858	472000	1.60504e-005
859	472550	1.60504e-005
860	473100	1.60504e-005
861	473650	1.60504e-005
862	474200	1.60504e-005
863	474750	1.60504e-005
864	475300	1.60504e-005
865	475850	1.60504e-005
866	476400	1.60504e-005
867	476950	1.60504e-005
868	477500	1.60504e-005
869	478050	1.60504e-005
870	478600	1.60504e-005
871	479150	1.60504e-005
872	479700	1.60504e-005
873	480250	1.60504e-005
874	480800	1.60504e-005
875	481350	1.60504e-005
876	481900	1.60504e-005
877	482450	1.60504e-005
878	483000	1.60504e-005
879	483550	1.60504e-005
880	484100	1.60504e-005
881	484650	1.60504e-005
882	485200	1.60504e-005
883	485750	1.60504e-005
884	486300	1.60504e-005
885	486850	1.60504e-005
886	487400	1.60504e-005
887	487950	1.60504e-005
888	488500	1.60504e-005
889	489050	1.60504e-005
890	489600	1.60504e-005
891	490150	1.60504e-005
892	490700	1.60504e-005
893	491250	1.60504e-005
894	491800	1.60504e-005
895	492350	1.60504e-005
896	492900	1.60504e-005
897	493450	1.60504e-005
898	494000	1.60504e-005
899	494550	1.60504e-005
900	495100	1.60504e-005
901	495650	1.60504e-005
902	496200	1.60504e-005
903	496750	1.60504e-005
904	497300	1.60504e-005
905	497850	1.60504e-005
906	498400	1.60504e-005
907	498950	1.60504e-005
908	499500	1.60504e-005
909	500050	1.60504e-005
910	500600	1.60504e-005
911	501150	1.60504e-005
912	501700	1.60504e-005
913	502250	1.60504e-005
914	502800	1.60504e-005
915	503350	1.60504e-005
916	503900	1.60504e-005
917	504450	1.60504e-005
918	505000	1.60504e-005
919	505550	1.60504e-005
920	506100	1.60504e-005
921	506650	1.60504e-005
922	507200	1.60504e-005
923	507750	1.60504e-005
924	508300	1.60504e-005
925	508850	1.60504e-005
926	509400	1.60504e-005
927	509950	1.60504e-005
928	510500	1.60504e-005
929	511050	1.60504e-005
930	511600	1.60504e-005
931	512150	1.60504e-005
932	512700	1.60504e-005
933	513250	1.60504e-005
934	513800	1.60504e-005
935	514350	1.60504e-005
936	514900	1.60504e-005
937	515450	1.60504e-005
938	516000	1.60504e-005
939	516550	1.60504e-005
940	517100	1.60504e-005
941	517650	1.60504e-005
942	518200	1.60504e-005
943	518750	1.60504e-005
944	519300	1.60504e-005
945	519850	1.60504e-005
946	520400	1.60504e-005
947	520950	1.60504e-005
948	521500	1.60504e-005
949	522050	1.60504e-005
950	522600	1.60504e-005
951	523150	1.60504e-005
952	523700	1.60504e-005
953	524250	1.60504e-005
954	524800	1.60504e-005
955	525350	1.60504e-005
956	525900	1.60504e-005
957	526450	1.60504e-005
958	527000	1.60504e-005
959	527550	1.60504e-005
960	528100	1.16643e-005
961	528650	1.16643e-005
962	529200	1.16643e-005
963	529750	1.16643e-005
964	530300	1.16643e-005
965	530850	1.16643e-005
966	531400	1.16643e-005
967	531950	1.16643e-005
968	532500	1.16643e-005
969	533050	1.16643e-005
970	533600	1.16643e-005
971	534150	1.16643e-005
972	534700	1.16643e-005
973	535250	1.16643e-005
974	535800	1.16643e-005
975	536350	1.16643e-005
976	536900	1.16643e-005
977	537450	1.16643e-005
978	538000	1.16643e-005
979	538550	1.16643e-005
980	539100	1.16643e-005
981	539650	1.16643e-005
982	540200	1.16643e-005
983	540750	1.16643e-005
984	541300	1.16643e-005
985	541850	1.16643e-005
986	542400	1.16643e-005
987	542950	1.16643e-005
988	543500	1.16643e-005
989	544050	1.16643e-005
990	544600	1.16643e-005
991	545150	1.16643e-005
992	545700	1.16643e-005
993	546250	1.16643e-005
994	546800	1.16643e-005
995	547350	1.16643e-005
996	547900	1.16643e-005
997	548450	1.16643e-005
998	549000	1.16643e-005
999	549550	1.16643e-005
1000	550100	1.16643e-005
