1	650	209.774
2	1200	178.104
3	1750	162.6
4	2300	119.13
5	2850	80.8926
6	3400	65.3886
7	3950	58.2391
8	4500	47.2616
9	5050	38.907
10	5600	32.6664
11	6150	26.356
12	6700	21.3858
13	7250	17.4988
14	7800	13.1916
15	8350	11.3216
16	8900	9.28667
17	9450	7.18872
18	10000	5.86583
19	10550	5.86583
20	11100	5.23262
21	11650	3.8707
22	12200	2.93538
23	12750	2.01531
24	13300	1.04055
25	13850	0.62351
26	14400	0.621955
27	14950	0.318904
28	15500	0.318904
29	16050	0.196689
30	16600	0.196689
31	17150	0.166509
32	17700	0.166509
33	18250	0.166509
34	18800	0.166509
35	19350	0.132707
36	19900	0.0854317
37	20450	0.0854317
38	21000	0.0854317
39	21550	0.0854317
40	22100	0.0700698
41	22650	0.0700698
42	23200	0.0700698
43	23750	0.0682396
44	24300	0.0682396
45	24850	0.067439
46	25400	0.0279463
47	25950	0.0279463
48	26500	0.0279463
49	27050	0.0279463
50	27600	0.0279463
51	28150	0.0279463
52	28700	0.0264471
53	29250	0.0132079
54	29800	0.0132079
55	30350	0.0132079
56	30900	0.0132079
57	31450	0.0132079
58	32000	0.0132079
59	32550	0.0132079
60	33100	0.0132079
61	33650	0.0132079
62	34200	0.0132079
63	34750	0.0132079
64	35300	0.0132079
65	35850	0.0132079
66	36400	0.0132079
67	36950	0.0132079
68	37500	0.0132079
69	38050	0.00958964
70	38600	0.00958964
71	39150	0.00958964
72	39700	0.00958964
73	40250	0.00958964
74	40800	0.00958964
75	41350	0.00958964
76	41900	0.00958964
77	42450	0.00958964
78	43000	0.00958964
79	43550	0.0058528
80	44100	0.0058528
81	44650	0.0058528
82	45200	0.0058528
83	45750	0.0058528
84	46300	0.0058528
85	46850	0.0058528
86	47400	0.00535456
87	47950	0.00493635
88	48500	0.00493635
89	49050	0.00493635
90	49600	0.00493635
91	50150	0.00493635
92	50700	0.00493635
93	51250	0.00493635
94	51800	0.00493635
95	52350	0.00493635
96	52900	0.00493635
97	53450	0.00493635
98	54000	0.00493635
99	54550	0.00493635
100	55100	0.00493635
101	55650	0.00493635
102	56200	0.00493635
103	56750	0.00493635
104	57300	0.00440643
105	57850	0.00440643
106	58400	0.00413414
107	58950	0.00413414
108	59500	0.00399421
109	60050	0.00399421
110	60600	0.00344697
111	61150	0.00344697
112	61700	0.00344697
113	62250	0.00280052
114	62800	0.00280052
115	63350	0.00280052
116	63900	0.00280052
117	64450	0.00280052
118	65000	0.00280052
119	65550	0.00280052
120	66100	0.00280052
121	66650	0.00280052
122	67200	0.00265099
123	67750	0.00265099
124	68300	0.00265099
125	68850	0.00265099
126	69400	0.00265099
127	69950	0.00265099
128	70500	0.00265099
129	71050	0.00265099
130	71600	0.00265099
131	72150	0.00262648
132	72700	0.00262648
133	73250	0.00262648
134	73800	0.00262648
135	74350	0.00224908
136	74900	0.00224908
137	75450	0.00205801
138	76000	0.00167599
139	76550	0.00167599
140	77100	0.00167599
141	77650	0.00167599
142	78200	0.00167599
143	78750	0.00167599
144	79300	0.00167599
145	79850	0.00167599
146	80400	0.00167599
147	80950	0.00167599
148	81500	0.00167599
149	82050	0.00167599
150	82600	0.00167599
151	83150	0.00167599
152	83700	0.00167599
153	84250	0.00167599
154	84800	0.00167599
155	85350	0.00167599
156	85900	0.00167599
157	86450	0.00167599
158	87000	0.00167599
159	87550	0.000806542
160	88100	0.000806542
161	88650	0.000806542
162	89200	0.000806542
163	89750	0.000806542
164	90300	0.000806542
165	90850	0.000806542
166	91400	0.000806542
167	91950	0.000806542
168	92500	0.000806542
169	93050	0.000806542
170	93600	0.000806542
171	94150	0.000806542
172	94700	0.000806542
173	95250	0.000806542
174	95800	0.000806542
175	96350	0.000806542
176	96900	0.000806542
177	97450	0.000806542
178	98000	0.000806542
179	98550	0.000806542
180	99100	0.000806542
181	99650	0.000806542
182	100200	0.000806542
183	100750	0.000547191
184	101300	0.000547191
185	101850	0.000547191
186	102400	0.000547191
187	102950	0.000547191
188	103500	0.000547191
189	104050	0.000547191
190	104600	0.000501196
191	105150	0.000501196
192	105700	0.000501196
193	106250	0.000501196
194	106800	0.000501196
195	107350	0.000501196
196	107900	0.000501196
197	108450	0.000501196
198	109000	0.000501196
199	109550	0.000501196
200	110100	0.000501196
201	110650	0.000501196
202	111200	0.000501196
203	111750	0.000501196
204	112300	0.000501196
205	112850	0.000501196
206	113400	0.000501196
207	113950	0.000501196
208	114500	0.000501196
209	115050	0.000501196
210	115600	0.000501196
211	116150	0.000501196
212	116700	0.000501196
213	117250	0.000501196
214	117800	0.000501196
215	118350	0.000501196
216	118900	0.000501196
217	119450	0.000501196
218	120000	0.000501196
219	120550	0.000501196
220	121100	0.000501196
221	121650	0.000501196
222	122200	0.000501196
223	122750	0.000501196
224	123300	0.000501196
225	123850	0.000463171
226	124400	0.000463171
227	124950	0.000463171
228	125500	0.000463171
229	126050	0.000463171
230	126600	0.000463171
231	127150	0.000463171
232	127700	0.000463171
233	128250	0.000463171
234	128800	0.000463171
235	129350	0.000463171
236	129900	0.000463171
237	130450	0.000463171
238	131000	0.000463171
239	131550	0.000320441
240	132100	0.000320441
241	132650	0.000320441
242	133200	0.000320441
243	133750	0.000320441
244	134300	0.000320441
245	134850	0.000320441
246	135400	0.000320441
247	135950	0.000320441
248	136500	0.000320441
249	137050	0.000320441
250	137600	0.000320441
251	138150	0.000320441
252	138700	0.000320441
253	139250	0.000320441
254	139800	0.000320441
255	140350	0.000320441
256	140900	0.000320441
257	141450	0.000320441
258	142000	0.000320441
259	142550	0.000320441
260	143100	0.000320441
261	143650	0.000320441
262	144200	0.000320441
263	144750	0.000320441
264	145300	0.000320441
265	145850	0.000320441
266	146400	0.000320441
267	146950	0.000320441
268	147500	0.000320441
269	148050	0.000320441
270	148600	0.000320441
271	149150	0.000320441
272	149700	0.000320441
273	150250	0.000320441
274	150800	0.000320441
275	151350	0.000320441
276	151900	0.000320441
277	152450	0.000320441
278	153000	0.000320441
279	153550	0.000320441
280	154100	0.000320441
281	154650	0.000320441
282	155200	0.000320441
283	155750	0.000320441
284	156300	0.000320441
285	156850	0.000320441
286	157400	0.000291133
287	157950	0.000291133
288	158500	0.000291133
289	159050	0.000291133
290	159600	0.000291133
291	160150	0.000291133
292	160700	0.000291133
293	161250	0.000291133
294	161800	0.000291133
295	162350	0.000291133
296	162900	0.000253737
297	163450	0.000253737
298	164000	0.000253737
299	164550	0.000253737
300	165100	0.000253737
301	165650	0.000253737
302	166200	0.000253737
303	166750	0.000253737
304	167300	0.000253737
305	167850	0.000253737
306	168400	0.000253737
307	168950	0.000253737
308	169500	0.000253737
309	170050	0.000253737
310	170600	0.000253737
311	171150	0.000253737
312	171700	0.000253737
313	172250	0.000253737
314	172800	0.000253737
315	173350	0.000152956
316	173900	0.000152956
317	174450	0.000152956
318	175000	0.000152956
319	175550	0.000152956
320	176100	0.000152956
321	176650	0.000152956
322	177200	0.000152956
323	177750	0.000152956
324	178300	0.000152956
325	178850	0.000152956
326	179400	0.000152956
327	179950	0.000152956
328	180500	0.000152956
329	181050	0.000152956
330	181600	0.000152956
331	182150	0.000152956
332	182700	0.000152956
333	183250	0.000152956
334	183800	0.000152956
335	184350	0.000152956
336	184900	0.000152956
337	185450	0.000152956
338	186000	0.000152956
339	186550	0.000152956
340	187100	0.000152956
341	187650	0.000152956
342	188200	0.000152956
343	188750	0.000152956
344	189300	0.000152956
345	189850	0.000152956
346	190400	0.000152956
347	190950	0.000152956
348	191500	0.000152956
349	192050	0.000152956
350	192600	0.000152956
351	193150	0.000152956
352	193700	0.000152956
353	194250	0.000152956
354	194800	0.000152956
355	195350	0.000152956
356	195900	0.000152956
357	196450	0.000152956
358	197000	0.000152956
359	197550	0.000152956
360	198100	0.000152956
361	198650	0.000152956
362	199200	0.000152956
363	199750	0.000152956
364	200300	0.000152956
365	200850	0.000152956
366	201400	0.000152956
367	201950	0.000152956
368	202500	0.000152956
369	203050	0.000152956
370	203600	0.000152956
371	204150	0.000152956
372	204700	0.000152956
373	205250	0.000152956
374	205800	0.000152956
375	206350	0.000152956
376	206900	0.000152956
377	207450	0.000152956
378	208000	0.000152956
379	208550	0.000152956
380	209100	0.000152956
381	209650	0.000152956
382	210200	0.000152956
383	210750	0.000152956
384	211300	0.000152956
385	211850	0.000152956
386	212400	0.000152956
387	212950	0.000152956
388	213500	0.000152956
389	214050	0.000152956
390	214600	0.000152956
391	215150	0.000152956
392	215700	0.000152956
393	216250	0.000152956
394	216800	0.000152956
395	217350	0.000151858
396	217900	0.000151858
397	218450	0.000151858
398	219000	0.000151858
399	219550	0.000151858
400	220100	0.000151858
401	220650	0.000151858
402	221200	0.000143737
403	221750	0.000143737
404	222300	0.000143737
405	222850	0.000143737
406	223400	0.000143737
407	223950	0.000143737
408	224500	0.000143737
409	225050	0.000143737
410	225600	0.000143737
411	226150	0.000143737
412	226700	0.000143737
413	227250	0.000143737
414	227800	0.000143737
415	228350	0.000143737
416	228900	0.000143737
417	229450	0.00010412
418	230000	0.00010412
419	230550	0.00010412
420	231100	0.00010412
421	231650	0.00010412
422	232200	0.00010412
423	232750	0.00010412
424	233300	0.00010412
425	233850	0.00010412
426	234400	0.00010412
427	234950	8.90727e-005
428	235500	8.90727e-005
429	236050	8.90727e-005
430	236600	8.90727e-005
431	237150	8.90727e-005
432	237700	8.90727e-005
433	238250	8.90727e-005
434	238800	8.90727e-005
435	239350	8.90727e-005
436	239900	8.90727e-005
437	240450	8.90727e-005
438	241000	8.90727e-005
439	241550	8.90727e-005
440	242100	8.90727e-005
441	242650	8.90727e-005
442	243200	8.90727e-005
443	243750	8.90727e-005
444	244300	8.90727e-005
445	244850	8.90727e-005
446	245400	8.90727e-005
447	245950	8.90727e-005
448	246500	8.90727e-005
449	247050	8.90727e-005
450	247600	8.90727e-005
451	248150	8.90727e-005
452	248700	8.90727e-005
453	249250	8.90727e-005
454	249800	8.90727e-005
455	250350	8.90727e-005
456	250900	8.90727e-005
457	251450	8.90727e-005
458	252000	8.90727e-005
459	252550	8.90727e-005
460	253100	8.90727e-005
461	253650	8.90727e-005
462	254200	8.90727e-005
463	254750	8.90727e-005
464	255300	8.90727e-005
465	255850	8.90727e-005
466	256400	8.90727e-005
467	256950	8.90727e-005
468	257500	8.90727e-005
469	258050	8.90727e-005
470	258600	8.90727e-005
471	259150	8.90727e-005
472	259700	8.90727e-005
473	260250	8.90727e-005
474	260800	8.90727e-005
475	261350	8.90727e-005
476	261900	8.90727e-005
477	262450	8.90727e-005
478	263000	8.90727e-005
479	263550	8.90727e-005
480	264100	8.90727e-005
481	264650	8.90727e-005
482	265200	8.90727e-005
483	265750	8.90727e-005
484	266300	8.90727e-005
485	266850	8.90727e-005
486	267400	8.90727e-005
487	267950	8.90727e-005
488	268500	8.90727e-005
489	269050	8.90727e-005
490	269600	8.90727e-005
491	270150	8.90727e-005
492	270700	8.90727e-005
493	271250	8.90727e-005
494	271800	8.90727e-005
495	272350	8.90727e-005
496	272900	8.90727e-005
497	273450	8.90727e-005
498	274000	8.90727e-005
499	274550	8.90727e-005
500	275100	8.90727e-005
501	275650	8.90727e-005
502	276200	8.90727e-005
503	276750	8.90727e-005
504	277300	8.90727e-005
505	277850	8.90727e-005
506	278400	8.90727e-005
507	278950	8.90727e-005
508	279500	8.2001e-005
509	280050	8.2001e-005
510	280600	8.2001e-005
511	281150	8.2001e-005
512	281700	8.2001e-005
513	282250	8.2001e-005
514	282800	8.2001e-005
515	283350	8.2001e-005
516	283900	8.2001e-005
517	284450	8.0358e-005
518	285000	8.0358e-005
519	285550	8.0358e-005
520	286100	8.0358e-005
521	286650	8.0358e-005
522	287200	8.0358e-005
523	287750	8.0358e-005
524	288300	8.0358e-005
525	288850	8.0358e-005
526	289400	8.0358e-005
527	289950	8.0358e-005
528	290500	8.0358e-005
529	291050	8.0358e-005
530	291600	8.0358e-005
531	292150	8.0358e-005
532	292700	8.0358e-005
533	293250	8.0358e-005
534	293800	8.0358e-005
535	294350	8.0358e-005
536	294900	8.0358e-005
537	295450	8.0358e-005
538	296000	8.0358e-005
539	296550	8.0358e-005
540	297100	8.0358e-005
541	297650	8.0358e-005
542	298200	8.0358e-005
543	298750	8.0358e-005
544	299300	8.0358e-005
545	299850	8.0358e-005
546	300400	8.0358e-005
547	300950	8.0358e-005
548	301500	8.0358e-005
549	302050	8.0358e-005
550	302600	8.0358e-005
551	303150	8.0358e-005
552	303700	7.90251e-005
553	304250	7.90251e-005
554	304800	7.90251e-005
555	305350	7.90251e-005
556	305900	7.90251e-005
557	306450	6.13915e-005
558	307000	6.13915e-005
559	307550	6.13915e-005
560	308100	6.13915e-005
561	308650	6.13915e-005
562	309200	6.13915e-005
563	309750	5.29323e-005
564	310300	5.29323e-005
565	310850	5.29323e-005
566	311400	5.29323e-005
567	311950	5.29323e-005
568	312500	5.29323e-005
569	313050	5.29323e-005
570	313600	5.29323e-005
571	314150	5.29323e-005
572	314700	5.29323e-005
573	315250	5.29323e-005
574	315800	5.29323e-005
575	316350	5.29323e-005
576	316900	5.29323e-005
577	317450	5.29323e-005
578	318000	5.29323e-005
579	318550	5.29323e-005
580	319100	5.29323e-005
581	319650	5.29323e-005
582	320200	5.29323e-005
583	320750	5.29323e-005
584	321300	5.29323e-005
585	321850	5.29323e-005
586	322400	5.29323e-005
587	322950	5.29323e-005
588	323500	5.29323e-005
589	324050	5.29323e-005
590	324600	5.29323e-005
591	325150	5.29323e-005
592	325700	5.29323e-005
593	326250	5.29323e-005
594	326800	5.29323e-005
595	327350	5.29323e-005
596	327900	5.29323e-005
597	328450	5.29323e-005
598	329000	5.29323e-005
599	329550	5.29323e-005
600	330100	5.29323e-005
601	330650	5.29323e-005
602	331200	5.29323e-005
603	331750	5.29323e-005
604	332300	5.29323e-005
605	332850	5.29323e-005
606	333400	5.29323e-005
607	333950	5.29323e-005
608	334500	5.29323e-005
609	335050	5.29323e-005
610	335600	5.29323e-005
611	336150	5.29323e-005
612	336700	5.29323e-005
613	337250	5.29323e-005
614	337800	5.29323e-005
615	338350	5.29323e-005
616	338900	5.29323e-005
617	339450	5.29323e-005
618	340000	5.29323e-005
619	340550	5.29323e-005
620	341100	5.29323e-005
621	341650	5.29323e-005
622	342200	5.29323e-005
623	342750	5.29323e-005
624	343300	5.29323e-005
625	343850	5.29323e-005
626	344400	5.29323e-005
627	344950	5.29323e-005
628	345500	5.29323e-005
629	346050	5.29323e-005
630	346600	5.29323e-005
631	347150	5.29323e-005
632	347700	5.29323e-005
633	348250	5.29323e-005
634	348800	5.29323e-005
635	349350	5.29323e-005
636	349900	5.29323e-005
637	350450	5.29323e-005
638	351000	5.29323e-005
639	351550	5.29323e-005
640	352100	5.29323e-005
641	352650	5.29323e-005
642	353200	5.29323e-005
643	353750	5.29323e-005
644	354300	5.29323e-005
645	354850	5.29323e-005
646	355400	5.29323e-005
647	355950	5.29323e-005
648	356500	5.29323e-005
649	357050	5.29323e-005
650	357600	5.29323e-005
651	358150	5.29323e-005
652	358700	5.29323e-005
653	359250	4.80757e-005
654	359800	4.80757e-005
655	360350	4.80757e-005
656	360900	4.80757e-005
657	361450	4.80757e-005
658	362000	4.80757e-005
659	362550	4.80757e-005
660	363100	4.80757e-005
661	363650	4.80757e-005
662	364200	4.80757e-005
663	364750	4.80757e-005
664	365300	4.80757e-005
665	365850	4.80757e-005
666	366400	4.80757e-005
667	366950	4.80757e-005
668	367500	4.80757e-005
669	368050	4.80757e-005
670	368600	4.80757e-005
671	369150	4.80757e-005
672	369700	4.80757e-005
673	370250	4.80757e-005
674	370800	4.80757e-005
675	371350	4.80757e-005
676	371900	4.80757e-005
677	372450	4.80757e-005
678	373000	4.80757e-005
679	373550	4.80757e-005
680	374100	4.80757e-005
681	374650	4.80757e-005
682	375200	3.57997e-005
683	375750	3.57997e-005
684	376300	3.57997e-005
685	376850	3.57997e-005
686	377400	3.57997e-005
687	377950	3.57997e-005
688	378500	3.57997e-005
689	379050	3.57997e-005
690	379600	3.57997e-005
691	380150	3.57997e-005
692	380700	3.57997e-005
693	381250	3.57997e-005
694	381800	3.57997e-005
695	382350	3.57997e-005
696	382900	3.57997e-005
697	383450	3.57997e-005
698	384000	3.57997e-005
699	384550	3.57997e-005
700	385100	3.57997e-005
701	385650	3.57997e-005
702	386200	3.57997e-005
703	386750	3.57997e-005
704	387300	3.57997e-005
705	387850	3.57997e-005
706	388400	3.57997e-005
707	388950	3.57997e-005
708	389500	3.57997e-005
709	390050	3.57997e-005
710	390600	3.57997e-005
711	391150	3.57997e-005
712	391700	3.57997e-005
713	392250	3.57997e-005
714	392800	3.57997e-005
715	393350	3.57997e-005
716	393900	3.57997e-005
717	394450	3.57997e-005
718	395000	3.57997e-005
719	395550	3.57997e-005
720	396100	3.57997e-005
721	396650	3.57997e-005
722	397200	3.57997e-005
723	397750	3.57997e-005
724	398300	3.57997e-005
725	398850	3.57997e-005
726	399400	3.57997e-005
727	399950	3.57997e-005
728	400500	3.57997e-005
729	401050	3.57997e-005
730	401600	3.57997e-005
731	402150	3.57997e-005
732	402700	3.57997e-005
733	403250	3.57997e-005
734	403800	3.06222e-005
735	404350	3.06222e-005
736	404900	3.06222e-005
737	405450	3.06222e-005
738	406000	3.06222e-005
739	406550	3.06222e-005
740	407100	3.06222e-005
741	407650	3.06222e-005
742	408200	3.06222e-005
743	408750	3.06222e-005
744	409300	3.06222e-005
745	409850	3.06222e-005
746	410400	3.06222e-005
747	410950	3.06222e-005
748	411500	3.06222e-005
749	412050	3.06222e-005
750	412600	3.06222e-005
751	413150	3.06222e-005
752	413700	3.06222e-005
753	414250	2.97125e-005
754	414800	2.97125e-005
755	415350	2.97125e-005
756	415900	2.97125e-005
757	416450	2.97125e-005
758	417000	2.97125e-005
759	417550	2.97125e-005
760	418100	2.97125e-005
761	418650	2.97125e-005
762	419200	2.97125e-005
763	419750	2.97125e-005
764	420300	2.97125e-005
765	420850	2.97125e-005
766	421400	2.97125e-005
767	421950	2.97125e-005
768	422500	2.97125e-005
769	423050	2.97125e-005
770	423600	2.97125e-005
771	424150	2.97125e-005
772	424700	2.97125e-005
773	425250	2.97125e-005
774	425800	2.97125e-005
775	426350	2.97125e-005
776	426900	2.97125e-005
777	427450	2.97125e-005
778	428000	2.97125e-005
779	428550	2.97125e-005
780	429100	2.97125e-005
781	429650	2.97125e-005
782	430200	2.97125e-005
783	430750	2.97125e-005
784	431300	2.97125e-005
785	431850	2.97125e-005
786	432400	2.97125e-005
787	432950	2.97125e-005
788	433500	2.97125e-005
789	434050	2.97125e-005
790	434600	2.97125e-005
791	435150	2.97125e-005
792	435700	2.97125e-005
793	436250	2.97125e-005
794	436800	2.97125e-005
795	437350	2.97125e-005
796	437900	2.97125e-005
797	438450	2.97125e-005
798	439000	2.97125e-005
799	439550	2.97125e-005
800	440100	2.97125e-005
801	440650	2.70399e-005
802	441200	2.70399e-005
803	441750	2.70399e-005
804	442300	2.70399e-005
805	442850	2.70399e-005
806	443400	2.70399e-005
807	443950	2.70399e-005
808	444500	1.74406e-005
809	445050	1.74406e-005
810	445600	1.74406e-005
811	446150	1.74406e-005
812	446700	1.74406e-005
813	447250	1.74406e-005
814	447800	1.74406e-005
815	448350	1.74406e-005
816	448900	1.74406e-005
817	449450	1.74406e-005
818	450000	1.74406e-005
819	450550	1.74406e-005
820	451100	1.74406e-005
821	451650	1.74406e-005
822	452200	1.74406e-005
823	452750	1.74406e-005
824	453300	1.74406e-005
825	453850	1.74406e-005
826	454400	1.74406e-005
827	454950	1.74406e-005
828	455500	1.74406e-005
829	456050	1.74406e-005
830	456600	1.74406e-005
831	457150	1.74406e-005
832	457700	1.74406e-005
833	458250	1.74406e-005
834	458800	1.74406e-005
835	459350	1.74406e-005
836	459900	1.74406e-005
837	460450	1.74406e-005
838	461000	1.74406e-005
839	461550	1.74406e-005
840	462100	1.74406e-005
841	462650	1.74406e-005
842	463200	1.74406e-005
843	463750	1.74406e-005
844	464300	1.74406e-005
845	464850	1.74406e-005
846	465400	1.74406e-005
847	465950	1.74406e-005
848	466500	1.74406e-005
849	467050	1.74406e-005
850	467600	1.74406e-005
851	468150	1.74406e-005
852	468700	1.74406e-005
853	469250	1.74406e-005
854	469800	1.74406e-005
855	470350	1.74406e-005
856	470900	1.74406e-005
857	471450	1.74406e-005
858	472000	1.74406e-005
859	472550	1.74406e-005
860	473100	1.74406e-005
861	473650	1.74406e-005
862	474200	1.74406e-005
863	474750	1.74406e-005
864	475300	1.74406e-005
865	475850	1.74406e-005
866	476400	1.74406e-005
867	476950	1.74406e-005
868	477500	1.74406e-005
869	478050	1.74406e-005
870	478600	1.74406e-005
871	479150	1.25879e-005
872	479700	1.25879e-005
873	480250	1.25879e-005
874	480800	1.25879e-005
875	481350	1.25879e-005
876	481900	1.25879e-005
877	482450	1.25879e-005
878	483000	1.25879e-005
879	483550	1.25879e-005
880	484100	1.25879e-005
881	484650	1.25879e-005
882	485200	1.25879e-005
883	485750	1.25879e-005
884	486300	1.25879e-005
885	486850	1.25879e-005
886	487400	1.25879e-005
887	487950	1.25879e-005
888	488500	1.25879e-005
889	489050	1.25879e-005
890	489600	1.25879e-005
891	490150	1.25879e-005
892	490700	1.25879e-005
893	491250	1.25879e-005
894	491800	1.25879e-005
895	492350	1.25879e-005
896	492900	1.25879e-005
897	493450	1.25879e-005
898	494000	1.25879e-005
899	494550	1.25879e-005
900	495100	1.25879e-005
901	495650	1.25879e-005
902	496200	1.25879e-005
903	496750	1.25879e-005
904	497300	1.25879e-005
905	497850	1.25879e-005
906	498400	1.25879e-005
907	498950	1.25879e-005
908	499500	1.25879e-005
909	500050	1.25879e-005
910	500600	1.25879e-005
911	501150	1.25879e-005
912	501700	1.25879e-005
913	502250	1.25879e-005
914	502800	1.25879e-005
915	503350	1.25879e-005
916	503900	1.25879e-005
917	504450	1.25879e-005
918	505000	1.25879e-005
919	505550	1.25879e-005
920	506100	1.25879e-005
921	506650	1.25879e-005
922	507200	1.25879e-005
923	507750	1.25879e-005
924	508300	1.25879e-005
925	508850	1.25879e-005
926	509400	1.25879e-005
927	509950	1.25879e-005
928	510500	1.25879e-005
929	511050	1.25879e-005
930	511600	1.25879e-005
931	512150	1.25879e-005
932	512700	1.25879e-005
933	513250	1.25879e-005
934	513800	1.25879e-005
935	514350	1.25879e-005
936	514900	1.25879e-005
937	515450	1.25879e-005
938	516000	1.25879e-005
939	516550	1.25879e-005
940	517100	1.25879e-005
941	517650	1.25879e-005
942	518200	1.25879e-005
943	518750	1.25879e-005
944	519300	1.25879e-005
945	519850	1.25879e-005
946	520400	1.25879e-005
947	520950	1.25879e-005
948	521500	1.25879e-005
949	522050	1.25879e-005
950	522600	1.25879e-005
951	523150	1.25879e-005
952	523700	1.25879e-005
953	524250	1.25879e-005
954	524800	1.25879e-005
955	525350	1.25879e-005
956	525900	1.25879e-005
957	526450	1.25879e-005
958	527000	1.25879e-005
959	527550	1.25879e-005
960	528100	1.25879e-005
961	528650	1.25879e-005
962	529200	1.25879e-005
963	529750	1.25879e-005
964	530300	1.25879e-005
965	530850	1.25879e-005
966	531400	1.25879e-005
967	531950	1.25879e-005
968	532500	1.25879e-005
969	533050	1.25879e-005
970	533600	1.25879e-005
971	534150	1.25879e-005
972	534700	1.25879e-005
973	535250	1.25879e-005
974	535800	1.25879e-005
975	536350	1.25879e-005
976	536900	1.25879e-005
977	537450	1.25879e-005
978	538000	1.25879e-005
979	538550	1.25879e-005
980	539100	1.25879e-005
981	539650	1.25879e-005
982	540200	1.25879e-005
983	540750	1.25879e-005
984	541300	1.25879e-005
985	541850	1.25879e-005
986	542400	1.25879e-005
987	542950	1.25879e-005
988	543500	1.25879e-005
989	544050	1.25879e-005
990	544600	1.25879e-005
991	545150	1.25879e-005
992	545700	1.25879e-005
993	546250	1.25879e-005
994	546800	1.25879e-005
995	547350	1.25879e-005
996	547900	1.25879e-005
997	548450	1.25879e-005
998	549000	1.25879e-005
999	549550	1.25879e-005
1000	550100	1.25879e-005
