1	650	188.802
2	1200	188.802
3	1750	166.765
4	2300	128.636
5	2850	100.891
6	3400	77.673
7	3950	60.7905
8	4500	44.068
9	5050	32.8949
10	5600	30.5248
11	6150	24.8855
12	6700	18.2969
13	7250	13.0981
14	7800	11.5028
15	8350	8.13042
16	8900	6.68444
17	9450	6.12423
18	10000	4.69672
19	10550	4.041
20	11100	3.19123
21	11650	1.85091
22	12200	1.54401
23	12750	0.754892
24	13300	0.52458
25	13850	0.2762
26	14400	0.2762
27	14950	0.2762
28	15500	0.2762
29	16050	0.2762
30	16600	0.2762
31	17150	0.23383
32	17700	0.177865
33	18250	0.177865
34	18800	0.141847
35	19350	0.130929
36	19900	0.130929
37	20450	0.116917
38	21000	0.116917
39	21550	0.0770501
40	22100	0.0666534
41	22650	0.0487303
42	23200	0.0487303
43	23750	0.0487303
44	24300	0.0264639
45	24850	0.0264639
46	25400	0.0264639
47	25950	0.0264639
48	26500	0.0264639
49	27050	0.0264639
50	27600	0.0254584
51	28150	0.0254584
52	28700	0.0254584
53	29250	0.0228328
54	29800	0.0228328
55	30350	0.0228328
56	30900	0.0228328
57	31450	0.0228328
58	32000	0.0185585
59	32550	0.0185585
60	33100	0.0185585
61	33650	0.0167297
62	34200	0.0167297
63	34750	0.0132612
64	35300	0.0132612
65	35850	0.0132612
66	36400	0.0132612
67	36950	0.0132612
68	37500	0.0132612
69	38050	0.0132612
70	38600	0.0132612
71	39150	0.0111166
72	39700	0.0111166
73	40250	0.00691239
74	40800	0.00691239
75	41350	0.00691239
76	41900	0.00396538
77	42450	0.00396538
78	43000	0.00396538
79	43550	0.00396538
80	44100	0.00396538
81	44650	0.00396538
82	45200	0.00396538
83	45750	0.00396538
84	46300	0.00396538
85	46850	0.00396538
86	47400	0.00396538
87	47950	0.00396538
88	48500	0.00396538
89	49050	0.00396538
90	49600	0.00396538
91	50150	0.00396538
92	50700	0.00396538
93	51250	0.00396538
94	51800	0.00396538
95	52350	0.00396538
96	52900	0.00396538
97	53450	0.00361396
98	54000	0.00361396
99	54550	0.00361396
100	55100	0.00361396
101	55650	0.00361396
102	56200	0.00361396
103	56750	0.00361396
104	57300	0.00361396
105	57850	0.00361396
106	58400	0.00361396
107	58950	0.00361396
108	59500	0.00361396
109	60050	0.00361396
110	60600	0.00361396
111	61150	0.00361396
112	61700	0.00361396
113	62250	0.00361396
114	62800	0.00361396
115	63350	0.00361396
116	63900	0.00361396
117	64450	0.00361396
118	65000	0.00310913
119	65550	0.00310913
120	66100	0.00310913
121	66650	0.00310913
122	67200	0.00310913
123	67750	0.00310913
124	68300	0.00288215
125	68850	0.00288215
126	69400	0.00277245
127	69950	0.00239265
128	70500	0.00239265
129	71050	0.00239265
130	71600	0.00239265
131	72150	0.00239265
132	72700	0.00239265
133	73250	0.00239265
134	73800	0.00239265
135	74350	0.00239265
136	74900	0.00239265
137	75450	0.00239265
138	76000	0.00220872
139	76550	0.00220872
140	77100	0.00220872
141	77650	0.00220872
142	78200	0.00145976
143	78750	0.00145976
144	79300	0.00131092
145	79850	0.00131092
146	80400	0.00131092
147	80950	0.00121008
148	81500	0.00121008
149	82050	0.00121008
150	82600	0.00121008
151	83150	0.00121008
152	83700	0.00121008
153	84250	0.00121008
154	84800	0.00121008
155	85350	0.00121008
156	85900	0.00121008
157	86450	0.00121008
158	87000	0.00121008
159	87550	0.00121008
160	88100	0.00121008
161	88650	0.00121008
162	89200	0.00121008
163	89750	0.00121008
164	90300	0.00121008
165	90850	0.00121008
166	91400	0.00112729
167	91950	0.00107284
168	92500	0.00107284
169	93050	0.00107284
170	93600	0.00107284
171	94150	0.00107284
172	94700	0.00107284
173	95250	0.00107284
174	95800	0.00107284
175	96350	0.00107284
176	96900	0.00107284
177	97450	0.00107284
178	98000	0.00107284
179	98550	0.00107284
180	99100	0.00107284
181	99650	0.00105294
182	100200	0.00105294
183	100750	0.00105294
184	101300	0.000768414
185	101850	0.000768414
186	102400	0.000768414
187	102950	0.000768414
188	103500	0.000768414
189	104050	0.000768414
190	104600	0.000768414
191	105150	0.000768414
192	105700	0.000768414
193	106250	0.000768414
194	106800	0.000768414
195	107350	0.000768414
196	107900	0.000768414
197	108450	0.000768414
198	109000	0.000768414
199	109550	0.00060277
200	110100	0.00060277
201	110650	0.00060277
202	111200	0.00060277
203	111750	0.00060277
204	112300	0.00060277
205	112850	0.00060277
206	113400	0.00060277
207	113950	0.00060277
208	114500	0.00060277
209	115050	0.00060277
210	115600	0.00060277
211	116150	0.00060277
212	116700	0.00060277
213	117250	0.00060277
214	117800	0.00060277
215	118350	0.00060277
216	118900	0.00060277
217	119450	0.00060277
218	120000	0.00060277
219	120550	0.00060277
220	121100	0.00060277
221	121650	0.00060277
222	122200	0.00060277
223	122750	0.00060277
224	123300	0.00060277
225	123850	0.00060277
226	124400	0.000568657
227	124950	0.000568657
228	125500	0.000568657
229	126050	0.00050121
230	126600	0.00050121
231	127150	0.00050121
232	127700	0.00050121
233	128250	0.00050121
234	128800	0.00050121
235	129350	0.00050121
236	129900	0.00050121
237	130450	0.00050121
238	131000	0.00050121
239	131550	0.00050121
240	132100	0.00050121
241	132650	0.00050121
242	133200	0.00050121
243	133750	0.00050121
244	134300	0.00050121
245	134850	0.000400059
246	135400	0.000400059
247	135950	0.000400059
248	136500	0.000400059
249	137050	0.000400059
250	137600	0.000400059
251	138150	0.000400059
252	138700	0.000400059
253	139250	0.000400059
254	139800	0.000400059
255	140350	0.000400059
256	140900	0.000400059
257	141450	0.000400059
258	142000	0.000400059
259	142550	0.000400059
260	143100	0.000400059
261	143650	0.000400059
262	144200	0.000400059
263	144750	0.000400059
264	145300	0.000400059
265	145850	0.000291753
266	146400	0.000291753
267	146950	0.000291753
268	147500	0.000291753
269	148050	0.000291753
270	148600	0.000291753
271	149150	0.000291753
272	149700	0.000291753
273	150250	0.000291753
274	150800	0.000291753
275	151350	0.000291753
276	151900	0.000291753
277	152450	0.000291753
278	153000	0.000291753
279	153550	0.000291753
280	154100	0.000291753
281	154650	0.000291753
282	155200	0.000291753
283	155750	0.000291753
284	156300	0.000291753
285	156850	0.000291753
286	157400	0.000291753
287	157950	0.000291753
288	158500	0.000291753
289	159050	0.000291753
290	159600	0.000291753
291	160150	0.000291753
292	160700	0.000291753
293	161250	0.000291753
294	161800	0.000291753
295	162350	0.000252324
296	162900	0.000252324
297	163450	0.000252324
298	164000	0.000252324
299	164550	0.000252324
300	165100	0.000252324
301	165650	0.000252324
302	166200	0.000252324
303	166750	0.000252324
304	167300	0.000252324
305	167850	0.000252324
306	168400	0.000252324
307	168950	0.000252324
308	169500	0.000222006
309	170050	0.000180718
310	170600	0.000180718
311	171150	0.000180718
312	171700	0.000180718
313	172250	0.000180718
314	172800	0.000180718
315	173350	0.000180718
316	173900	0.000180718
317	174450	0.000180718
318	175000	0.000180718
319	175550	0.000180718
320	176100	0.000180718
321	176650	0.000143089
322	177200	0.000143089
323	177750	0.000143089
324	178300	0.000143089
325	178850	0.000143089
326	179400	0.000143089
327	179950	0.000143089
328	180500	0.000143089
329	181050	0.000143089
330	181600	0.000143089
331	182150	0.000143089
332	182700	0.000143089
333	183250	0.000143089
334	183800	0.000143089
335	184350	0.000143089
336	184900	0.000143089
337	185450	0.000143089
338	186000	0.000143089
339	186550	0.000143089
340	187100	0.000143089
341	187650	0.000143089
342	188200	0.000143089
343	188750	0.000143089
344	189300	0.000143089
345	189850	0.000143089
346	190400	0.000143089
347	190950	0.000143089
348	191500	0.000143089
349	192050	0.000143089
350	192600	0.000143089
351	193150	0.000143089
352	193700	0.000143089
353	194250	0.000143089
354	194800	0.000143089
355	195350	0.000143089
356	195900	0.000143089
357	196450	0.000143089
358	197000	0.000143089
359	197550	0.000143089
360	198100	0.000143089
361	198650	0.000143089
362	199200	0.000143089
363	199750	0.000143089
364	200300	0.000143089
365	200850	0.000143089
366	201400	0.000143089
367	201950	0.000143089
368	202500	0.000139622
369	203050	0.000139622
370	203600	0.000118542
371	204150	0.000118542
372	204700	0.000118542
373	205250	0.000118542
374	205800	0.000118542
375	206350	0.000110668
376	206900	0.000110668
377	207450	0.000110668
378	208000	0.000110668
379	208550	0.000110668
380	209100	0.000110668
381	209650	0.000110668
382	210200	0.000110668
383	210750	0.000110668
384	211300	0.000110668
385	211850	0.000110668
386	212400	0.000110668
387	212950	0.000110668
388	213500	0.000110668
389	214050	0.000110668
390	214600	0.000110668
391	215150	0.000110668
392	215700	0.000110668
393	216250	0.000110668
394	216800	0.000110668
395	217350	0.000110668
396	217900	0.000110668
397	218450	0.000110668
398	219000	0.000110668
399	219550	0.000110668
400	220100	0.000110668
401	220650	0.000110668
402	221200	0.000110668
403	221750	0.000110668
404	222300	0.000110668
405	222850	0.000110668
406	223400	0.000110668
407	223950	0.000110668
408	224500	0.000110668
409	225050	0.000110668
410	225600	0.000110668
411	226150	0.000110668
412	226700	0.000110668
413	227250	0.000110668
414	227800	0.000110668
415	228350	0.000110668
416	228900	0.000110668
417	229450	0.000110668
418	230000	0.000110668
419	230550	0.000110668
420	231100	0.000110668
421	231650	9.41368e-005
422	232200	9.41368e-005
423	232750	9.41368e-005
424	233300	9.41368e-005
425	233850	9.41368e-005
426	234400	9.41368e-005
427	234950	9.41368e-005
428	235500	9.41368e-005
429	236050	9.41368e-005
430	236600	9.41368e-005
431	237150	9.41368e-005
432	237700	9.41368e-005
433	238250	9.41368e-005
434	238800	9.41368e-005
435	239350	9.41368e-005
436	239900	9.41368e-005
437	240450	9.41368e-005
438	241000	9.41368e-005
439	241550	9.41368e-005
440	242100	9.41368e-005
441	242650	9.41368e-005
442	243200	9.41368e-005
443	243750	9.41368e-005
444	244300	9.41368e-005
445	244850	9.41368e-005
446	245400	9.41368e-005
447	245950	9.41368e-005
448	246500	9.41368e-005
449	247050	9.41368e-005
450	247600	9.41368e-005
451	248150	9.41368e-005
452	248700	9.41368e-005
453	249250	9.41368e-005
454	249800	9.41368e-005
455	250350	9.41368e-005
456	250900	9.41368e-005
457	251450	9.41368e-005
458	252000	9.41368e-005
459	252550	9.41368e-005
460	253100	9.41368e-005
461	253650	9.41368e-005
462	254200	9.41368e-005
463	254750	9.41368e-005
464	255300	9.41368e-005
465	255850	9.41368e-005
466	256400	9.41368e-005
467	256950	9.41368e-005
468	257500	9.41368e-005
469	258050	9.41368e-005
470	258600	9.41368e-005
471	259150	9.41368e-005
472	259700	9.41368e-005
473	260250	9.41368e-005
474	260800	9.41368e-005
475	261350	9.41368e-005
476	261900	9.41368e-005
477	262450	9.41368e-005
478	263000	9.41368e-005
479	263550	9.41368e-005
480	264100	9.41368e-005
481	264650	9.41368e-005
482	265200	9.41368e-005
483	265750	9.41368e-005
484	266300	9.41368e-005
485	266850	9.41368e-005
486	267400	9.41368e-005
487	267950	9.41368e-005
488	268500	9.41368e-005
489	269050	9.41368e-005
490	269600	9.41368e-005
491	270150	9.41368e-005
492	270700	9.41368e-005
493	271250	9.41368e-005
494	271800	9.41368e-005
495	272350	9.41368e-005
496	272900	9.41368e-005
497	273450	9.41368e-005
498	274000	9.41368e-005
499	274550	9.41368e-005
500	275100	9.41368e-005
501	275650	9.41368e-005
502	276200	9.41368e-005
503	276750	9.41368e-005
504	277300	9.41368e-005
505	277850	9.41368e-005
506	278400	9.41368e-005
507	278950	8.66961e-005
508	279500	8.66961e-005
509	280050	7.3942e-005
510	280600	7.3942e-005
511	281150	7.3942e-005
512	281700	7.3942e-005
513	282250	7.3942e-005
514	282800	7.3942e-005
515	283350	7.3942e-005
516	283900	7.3942e-005
517	284450	7.3942e-005
518	285000	7.3942e-005
519	285550	7.3942e-005
520	286100	7.3942e-005
521	286650	7.3942e-005
522	287200	7.3942e-005
523	287750	7.3942e-005
524	288300	7.3942e-005
525	288850	7.3942e-005
526	289400	7.3942e-005
527	289950	7.3942e-005
528	290500	7.3942e-005
529	291050	7.3942e-005
530	291600	7.3942e-005
531	292150	7.3942e-005
532	292700	7.3942e-005
533	293250	7.3942e-005
534	293800	7.3942e-005
535	294350	7.3942e-005
536	294900	7.3942e-005
537	295450	7.3942e-005
538	296000	7.3942e-005
539	296550	7.3942e-005
540	297100	7.3942e-005
541	297650	7.3942e-005
542	298200	7.3942e-005
543	298750	7.3942e-005
544	299300	7.3942e-005
545	299850	7.24658e-005
546	300400	7.24658e-005
547	300950	7.24658e-005
548	301500	7.24658e-005
549	302050	7.24658e-005
550	302600	6.88928e-005
551	303150	6.88928e-005
552	303700	6.88928e-005
553	304250	6.88928e-005
554	304800	6.88928e-005
555	305350	6.88928e-005
556	305900	6.88928e-005
557	306450	6.88928e-005
558	307000	6.88928e-005
559	307550	6.88928e-005
560	308100	6.88928e-005
561	308650	6.88928e-005
562	309200	6.88928e-005
563	309750	6.88928e-005
564	310300	6.88928e-005
565	310850	6.88928e-005
566	311400	6.88928e-005
567	311950	6.88928e-005
568	312500	6.88928e-005
569	313050	6.34114e-005
570	313600	6.34114e-005
571	314150	6.34114e-005
572	314700	6.34114e-005
573	315250	6.34114e-005
574	315800	6.34114e-005
575	316350	6.34114e-005
576	316900	6.34114e-005
577	317450	6.34114e-005
578	318000	6.34114e-005
579	318550	6.34114e-005
580	319100	6.34114e-005
581	319650	6.34114e-005
582	320200	6.34114e-005
583	320750	6.34114e-005
584	321300	6.34114e-005
585	321850	6.34114e-005
586	322400	6.34114e-005
587	322950	6.34114e-005
588	323500	6.34114e-005
589	324050	6.34114e-005
590	324600	6.34114e-005
591	325150	6.34114e-005
592	325700	6.34114e-005
593	326250	6.34114e-005
594	326800	6.34114e-005
595	327350	6.34114e-005
596	327900	6.34114e-005
597	328450	6.34114e-005
598	329000	6.34114e-005
599	329550	6.34114e-005
600	330100	6.34114e-005
601	330650	6.34114e-005
602	331200	6.34114e-005
603	331750	6.34114e-005
604	332300	6.34114e-005
605	332850	6.34114e-005
606	333400	6.34114e-005
607	333950	6.34114e-005
608	334500	6.34114e-005
609	335050	6.34114e-005
610	335600	6.34114e-005
611	336150	6.34114e-005
612	336700	6.34114e-005
613	337250	6.34114e-005
614	337800	6.34114e-005
615	338350	6.34114e-005
616	338900	4.37565e-005
617	339450	4.37565e-005
618	340000	4.37565e-005
619	340550	4.37565e-005
620	341100	4.37565e-005
621	341650	4.37565e-005
622	342200	4.37565e-005
623	342750	4.37565e-005
624	343300	4.37565e-005
625	343850	4.37565e-005
626	344400	4.37565e-005
627	344950	4.37565e-005
628	345500	4.37565e-005
629	346050	4.37565e-005
630	346600	4.37565e-005
631	347150	4.37565e-005
632	347700	4.37565e-005
633	348250	4.37565e-005
634	348800	4.37565e-005
635	349350	4.37565e-005
636	349900	4.37565e-005
637	350450	4.37565e-005
638	351000	4.37565e-005
639	351550	4.37565e-005
640	352100	4.37565e-005
641	352650	4.37565e-005
642	353200	4.37565e-005
643	353750	4.37565e-005
644	354300	4.37565e-005
645	354850	4.37565e-005
646	355400	4.37565e-005
647	355950	4.37565e-005
648	356500	4.37565e-005
649	357050	4.37565e-005
650	357600	4.37565e-005
651	358150	4.37565e-005
652	358700	4.37565e-005
653	359250	4.37565e-005
654	359800	4.37565e-005
655	360350	4.37565e-005
656	360900	4.37565e-005
657	361450	4.37565e-005
658	362000	4.37565e-005
659	362550	4.37565e-005
660	363100	4.37565e-005
661	363650	4.37565e-005
662	364200	4.37565e-005
663	364750	4.37565e-005
664	365300	4.37565e-005
665	365850	4.37565e-005
666	366400	4.37565e-005
667	366950	4.37565e-005
668	367500	4.37565e-005
669	368050	4.37565e-005
670	368600	4.37565e-005
671	369150	4.37565e-005
672	369700	4.37565e-005
673	370250	4.37565e-005
674	370800	4.37565e-005
675	371350	4.37565e-005
676	371900	4.37565e-005
677	372450	4.37565e-005
678	373000	4.37565e-005
679	373550	4.37565e-005
680	374100	4.37565e-005
681	374650	4.37565e-005
682	375200	4.37565e-005
683	375750	4.37565e-005
684	376300	4.37565e-005
685	376850	4.37565e-005
686	377400	4.37565e-005
687	377950	4.37565e-005
688	378500	4.37565e-005
689	379050	4.37565e-005
690	379600	4.37565e-005
691	380150	3.29257e-005
692	380700	3.29257e-005
693	381250	2.87052e-005
694	381800	2.87052e-005
695	382350	2.87052e-005
696	382900	2.87052e-005
697	383450	2.87052e-005
698	384000	2.87052e-005
699	384550	2.87052e-005
700	385100	2.87052e-005
701	385650	2.87052e-005
702	386200	2.87052e-005
703	386750	2.87052e-005
704	387300	2.87052e-005
705	387850	2.87052e-005
706	388400	2.87052e-005
707	388950	2.87052e-005
708	389500	2.87052e-005
709	390050	2.87052e-005
710	390600	2.87052e-005
711	391150	2.87052e-005
712	391700	2.87052e-005
713	392250	2.87052e-005
714	392800	2.87052e-005
715	393350	2.87052e-005
716	393900	2.87052e-005
717	394450	2.87052e-005
718	395000	2.87052e-005
719	395550	2.87052e-005
720	396100	2.87052e-005
721	396650	2.87052e-005
722	397200	2.87052e-005
723	397750	2.87052e-005
724	398300	2.87052e-005
725	398850	2.87052e-005
726	399400	2.87052e-005
727	399950	2.87052e-005
728	400500	2.87052e-005
729	401050	2.87052e-005
730	401600	2.87052e-005
731	402150	2.87052e-005
732	402700	2.87052e-005
733	403250	2.87052e-005
734	403800	2.87052e-005
735	404350	2.87052e-005
736	404900	2.87052e-005
737	405450	2.87052e-005
738	406000	2.87052e-005
739	406550	2.87052e-005
740	407100	2.87052e-005
741	407650	2.87052e-005
742	408200	2.87052e-005
743	408750	2.87052e-005
744	409300	2.87052e-005
745	409850	2.87052e-005
746	410400	2.87052e-005
747	410950	2.87052e-005
748	411500	2.87052e-005
749	412050	2.87052e-005
750	412600	2.87052e-005
751	413150	2.87052e-005
752	413700	2.87052e-005
753	414250	2.87052e-005
754	414800	2.87052e-005
755	415350	2.13012e-005
756	415900	2.13012e-005
757	416450	2.13012e-005
758	417000	2.13012e-005
759	417550	2.13012e-005
760	418100	2.13012e-005
761	418650	2.13012e-005
762	419200	2.13012e-005
763	419750	2.13012e-005
764	420300	2.13012e-005
765	420850	2.13012e-005
766	421400	2.13012e-005
767	421950	2.13012e-005
768	422500	2.13012e-005
769	423050	2.13012e-005
770	423600	2.13012e-005
771	424150	2.13012e-005
772	424700	2.13012e-005
773	425250	2.13012e-005
774	425800	2.13012e-005
775	426350	2.13012e-005
776	426900	2.13012e-005
777	427450	2.13012e-005
778	428000	2.13012e-005
779	428550	2.13012e-005
780	429100	2.13012e-005
781	429650	2.13012e-005
782	430200	2.13012e-005
783	430750	2.13012e-005
784	431300	2.13012e-005
785	431850	2.13012e-005
786	432400	2.13012e-005
787	432950	2.13012e-005
788	433500	2.13012e-005
789	434050	2.13012e-005
790	434600	2.13012e-005
791	435150	2.13012e-005
792	435700	2.13012e-005
793	436250	2.13012e-005
794	436800	2.13012e-005
795	437350	2.13012e-005
796	437900	2.13012e-005
797	438450	2.13012e-005
798	439000	2.13012e-005
799	439550	2.13012e-005
800	440100	2.13012e-005
801	440650	2.13012e-005
802	441200	2.13012e-005
803	441750	2.13012e-005
804	442300	2.13012e-005
805	442850	2.13012e-005
806	443400	2.13012e-005
807	443950	2.13012e-005
808	444500	2.13012e-005
809	445050	2.13012e-005
810	445600	2.13012e-005
811	446150	2.13012e-005
812	446700	2.13012e-005
813	447250	2.13012e-005
814	447800	2.13012e-005
815	448350	2.13012e-005
816	448900	2.13012e-005
817	449450	2.13012e-005
818	450000	2.13012e-005
819	450550	2.13012e-005
820	451100	2.13012e-005
821	451650	2.13012e-005
822	452200	2.13012e-005
823	452750	2.13012e-005
824	453300	2.13012e-005
825	453850	2.13012e-005
826	454400	2.13012e-005
827	454950	2.13012e-005
828	455500	2.13012e-005
829	456050	2.13012e-005
830	456600	2.13012e-005
831	457150	2.13012e-005
832	457700	2.13012e-005
833	458250	2.13012e-005
834	458800	2.13012e-005
835	459350	2.13012e-005
836	459900	2.13012e-005
837	460450	2.13012e-005
838	461000	2.13012e-005
839	461550	2.13012e-005
840	462100	2.13012e-005
841	462650	2.13012e-005
842	463200	2.13012e-005
843	463750	2.13012e-005
844	464300	2.13012e-005
845	464850	2.13012e-005
846	465400	2.13012e-005
847	465950	2.13012e-005
848	466500	2.13012e-005
849	467050	1.7214e-005
850	467600	1.7214e-005
851	468150	1.7214e-005
852	468700	1.7214e-005
853	469250	1.7214e-005
854	469800	1.7214e-005
855	470350	1.7214e-005
856	470900	1.7214e-005
857	471450	1.7214e-005
858	472000	1.7214e-005
859	472550	1.7214e-005
860	473100	1.7214e-005
861	473650	1.7214e-005
862	474200	1.7214e-005
863	474750	1.7214e-005
864	475300	1.7214e-005
865	475850	1.7214e-005
866	476400	1.7214e-005
867	476950	1.7214e-005
868	477500	1.7214e-005
869	478050	1.7214e-005
870	478600	1.7214e-005
871	479150	1.7214e-005
872	479700	1.7214e-005
873	480250	1.7214e-005
874	480800	1.7214e-005
875	481350	1.7214e-005
876	481900	1.7214e-005
877	482450	1.7214e-005
878	483000	1.7214e-005
879	483550	1.7214e-005
880	484100	1.7214e-005
881	484650	1.7214e-005
882	485200	1.7214e-005
883	485750	1.7214e-005
884	486300	1.7214e-005
885	486850	1.7214e-005
886	487400	1.7214e-005
887	487950	1.7214e-005
888	488500	1.7214e-005
889	489050	1.7214e-005
890	489600	1.7214e-005
891	490150	1.7214e-005
892	490700	1.7214e-005
893	491250	1.7214e-005
894	491800	1.7214e-005
895	492350	1.7214e-005
896	492900	1.7214e-005
897	493450	1.7214e-005
898	494000	1.7214e-005
899	494550	1.7214e-005
900	495100	1.7214e-005
901	495650	1.7214e-005
902	496200	1.7214e-005
903	496750	1.7214e-005
904	497300	1.7214e-005
905	497850	1.7214e-005
906	498400	1.7214e-005
907	498950	1.68919e-005
908	499500	1.68919e-005
909	500050	1.68919e-005
910	500600	1.68919e-005
911	501150	1.68919e-005
912	501700	1.68919e-005
913	502250	1.68919e-005
914	502800	1.68919e-005
915	503350	1.68919e-005
916	503900	1.68919e-005
917	504450	1.68919e-005
918	505000	1.68919e-005
919	505550	1.68919e-005
920	506100	1.68919e-005
921	506650	1.68919e-005
922	507200	1.68919e-005
923	507750	1.68919e-005
924	508300	1.68919e-005
925	508850	1.68919e-005
926	509400	1.68919e-005
927	509950	1.68919e-005
928	510500	1.68919e-005
929	511050	1.68919e-005
930	511600	1.68919e-005
931	512150	1.68919e-005
932	512700	1.68919e-005
933	513250	1.68919e-005
934	513800	1.68919e-005
935	514350	1.68919e-005
936	514900	1.68919e-005
937	515450	1.68919e-005
938	516000	1.68919e-005
939	516550	1.68919e-005
940	517100	1.68919e-005
941	517650	1.68919e-005
942	518200	1.68919e-005
943	518750	1.68919e-005
944	519300	1.68919e-005
945	519850	1.68919e-005
946	520400	1.68919e-005
947	520950	1.68919e-005
948	521500	1.68919e-005
949	522050	1.10624e-005
950	522600	1.10624e-005
951	523150	1.10624e-005
952	523700	1.10624e-005
953	524250	1.10624e-005
954	524800	1.10624e-005
955	525350	1.10624e-005
956	525900	1.01291e-005
957	526450	1.01291e-005
958	527000	1.01291e-005
959	527550	1.01291e-005
960	528100	1.01291e-005
961	528650	1.01291e-005
962	529200	1.01291e-005
963	529750	1.01291e-005
964	530300	1.01291e-005
965	530850	1.01291e-005
966	531400	1.01291e-005
967	531950	1.01291e-005
968	532500	1.01291e-005
969	533050	1.01291e-005
970	533600	1.01291e-005
971	534150	1.01291e-005
972	534700	1.01291e-005
973	535250	1.01291e-005
974	535800	1.01291e-005
975	536350	1.01291e-005
976	536900	1.01291e-005
977	537450	1.01291e-005
978	538000	1.01291e-005
979	538550	1.01291e-005
980	539100	1.01291e-005
981	539650	1.01291e-005
982	540200	1.01291e-005
983	540750	1.01291e-005
984	541300	1.01291e-005
985	541850	1.01291e-005
986	542400	1.01291e-005
987	542950	1.01291e-005
988	543500	1.01291e-005
989	544050	1.01291e-005
990	544600	1.01291e-005
991	545150	1.01291e-005
992	545700	1.01291e-005
993	546250	1.01291e-005
994	546800	1.01291e-005
995	547350	1.01291e-005
996	547900	1.01291e-005
997	548450	1.01291e-005
998	549000	1.01291e-005
999	549550	1.01291e-005
1000	550100	1.01291e-005
