1	650	329.731
2	1200	194.74
3	1750	145.541
4	2300	111.14
5	2850	83.9174
6	3400	79.2428
7	3950	66.9385
8	4500	39.2457
9	5050	36.391
10	5600	26.1936
11	6150	20.7119
12	6700	13.9344
13	7250	9.01846
14	7800	7.04472
15	8350	6.20357
16	8900	5.34886
17	9450	4.22497
18	10000	3.0584
19	10550	1.99832
20	11100	1.79685
21	11650	0.897079
22	12200	0.615677
23	12750	0.574851
24	13300	0.574851
25	13850	0.574851
26	14400	0.536966
27	14950	0.425098
28	15500	0.425098
29	16050	0.415574
30	16600	0.355696
31	17150	0.210635
32	17700	0.176793
33	18250	0.176793
34	18800	0.117948
35	19350	0.0653546
36	19900	0.0653546
37	20450	0.0653546
38	21000	0.0653546
39	21550	0.0653546
40	22100	0.0653546
41	22650	0.0653546
42	23200	0.0582288
43	23750	0.0582288
44	24300	0.0582288
45	24850	0.0316017
46	25400	0.0316017
47	25950	0.0316017
48	26500	0.0316017
49	27050	0.0316017
50	27600	0.0316017
51	28150	0.0316017
52	28700	0.0316017
53	29250	0.0292644
54	29800	0.0272951
55	30350	0.013117
56	30900	0.013117
57	31450	0.013117
58	32000	0.013117
59	32550	0.00806001
60	33100	0.00806001
61	33650	0.00806001
62	34200	0.00806001
63	34750	0.00806001
64	35300	0.00806001
65	35850	0.00806001
66	36400	0.00806001
67	36950	0.00806001
68	37500	0.00806001
69	38050	0.00806001
70	38600	0.00806001
71	39150	0.00742546
72	39700	0.00742546
73	40250	0.00742546
74	40800	0.00742546
75	41350	0.00742546
76	41900	0.00742546
77	42450	0.00742546
78	43000	0.00742546
79	43550	0.00742546
80	44100	0.00742546
81	44650	0.00742546
82	45200	0.00588769
83	45750	0.00588769
84	46300	0.00476476
85	46850	0.00476476
86	47400	0.00476476
87	47950	0.00476476
88	48500	0.00476476
89	49050	0.00476476
90	49600	0.00268796
91	50150	0.00268796
92	50700	0.00268796
93	51250	0.00268796
94	51800	0.00268796
95	52350	0.00268796
96	52900	0.00268796
97	53450	0.00268796
98	54000	0.00268796
99	54550	0.00268796
100	55100	0.00268796
101	55650	0.00268796
102	56200	0.00268796
103	56750	0.00268796
104	57300	0.00268796
105	57850	0.00268796
106	58400	0.00268796
107	58950	0.00268796
108	59500	0.00268796
109	60050	0.00268796
110	60600	0.00268796
111	61150	0.00268796
112	61700	0.00268796
113	62250	0.00268613
114	62800	0.00268613
115	63350	0.00268613
116	63900	0.00268613
117	64450	0.00268613
118	65000	0.00268613
119	65550	0.00268613
120	66100	0.00268613
121	66650	0.00268613
122	67200	0.0022773
123	67750	0.0022773
124	68300	0.00124246
125	68850	0.00124246
126	69400	0.00124246
127	69950	0.00124246
128	70500	0.00124246
129	71050	0.00124246
130	71600	0.00124246
131	72150	0.00124246
132	72700	0.00124246
133	73250	0.00124246
134	73800	0.00124246
135	74350	0.00124246
136	74900	0.00124246
137	75450	0.00124246
138	76000	0.00124246
139	76550	0.00124246
140	77100	0.00124246
141	77650	0.00124246
142	78200	0.00124246
143	78750	0.00124246
144	79300	0.00124246
145	79850	0.00124246
146	80400	0.000823708
147	80950	0.000823708
148	81500	0.000823708
149	82050	0.000823708
150	82600	0.000823708
151	83150	0.000823708
152	83700	0.000823708
153	84250	0.000823708
154	84800	0.000823708
155	85350	0.000823708
156	85900	0.000823708
157	86450	0.000823708
158	87000	0.000823708
159	87550	0.000823708
160	88100	0.000823708
161	88650	0.000823708
162	89200	0.000823708
163	89750	0.000823708
164	90300	0.000823708
165	90850	0.000823708
166	91400	0.000823708
167	91950	0.000823708
168	92500	0.000823708
169	93050	0.000823708
170	93600	0.000823708
171	94150	0.000823708
172	94700	0.000823708
173	95250	0.000823708
174	95800	0.000823708
175	96350	0.000823708
176	96900	0.000758908
177	97450	0.000758908
178	98000	0.000758908
179	98550	0.000758908
180	99100	0.000758908
181	99650	0.000758908
182	100200	0.000758908
183	100750	0.000758908
184	101300	0.000758908
185	101850	0.000758908
186	102400	0.000758908
187	102950	0.000758908
188	103500	0.000758908
189	104050	0.000758908
190	104600	0.000758908
191	105150	0.000758908
192	105700	0.000758908
193	106250	0.000693734
194	106800	0.000693734
195	107350	0.000693734
196	107900	0.000693734
197	108450	0.000693734
198	109000	0.000693734
199	109550	0.000693734
200	110100	0.000693734
201	110650	0.000678729
202	111200	0.000678729
203	111750	0.000678729
204	112300	0.000678729
205	112850	0.000678729
206	113400	0.000678729
207	113950	0.000678729
208	114500	0.000678729
209	115050	0.000678729
210	115600	0.000678729
211	116150	0.000678729
212	116700	0.000678729
213	117250	0.000678729
214	117800	0.000678729
215	118350	0.000678729
216	118900	0.000678729
217	119450	0.000534914
218	120000	0.000534914
219	120550	0.000534914
220	121100	0.000534914
221	121650	0.000534914
222	122200	0.000534914
223	122750	0.000534914
224	123300	0.000534914
225	123850	0.000534914
226	124400	0.000534914
227	124950	0.000534914
228	125500	0.000534914
229	126050	0.000534914
230	126600	0.000534914
231	127150	0.000534914
232	127700	0.000534914
233	128250	0.000534914
234	128800	0.000534914
235	129350	0.000534914
236	129900	0.000334512
237	130450	0.000334512
238	131000	0.000334512
239	131550	0.000334512
240	132100	0.000334512
241	132650	0.000334512
242	133200	0.000334512
243	133750	0.000334512
244	134300	0.000334512
245	134850	0.000334512
246	135400	0.000334512
247	135950	0.000334512
248	136500	0.000334512
249	137050	0.000334512
250	137600	0.000334512
251	138150	0.000334512
252	138700	0.000334512
253	139250	0.000334512
254	139800	0.000334512
255	140350	0.000334512
256	140900	0.000334512
257	141450	0.000334512
258	142000	0.000334512
259	142550	0.000334512
260	143100	0.000334512
261	143650	0.000334512
262	144200	0.000334512
263	144750	0.000334512
264	145300	0.000334512
265	145850	0.000334512
266	146400	0.000334512
267	146950	0.000334512
268	147500	0.000334512
269	148050	0.000334512
270	148600	0.000334512
271	149150	0.000334512
272	149700	0.000334512
273	150250	0.000305689
274	150800	0.000305689
275	151350	0.000305689
276	151900	0.000305689
277	152450	0.000305689
278	153000	0.000305689
279	153550	0.000305689
280	154100	0.000305689
281	154650	0.000305689
282	155200	0.000305689
283	155750	0.000305689
284	156300	0.000305689
285	156850	0.000305689
286	157400	0.000291644
287	157950	0.000291644
288	158500	0.000291644
289	159050	0.000291644
290	159600	0.000291644
291	160150	0.000291644
292	160700	0.000291644
293	161250	0.000291644
294	161800	0.000291644
295	162350	0.000291644
296	162900	0.00014627
297	163450	0.00014627
298	164000	0.00014627
299	164550	0.00014627
300	165100	0.00014627
301	165650	0.00014627
302	166200	0.00014627
303	166750	0.00014627
304	167300	0.00014627
305	167850	0.00014627
306	168400	0.00014627
307	168950	0.00014627
308	169500	0.00014627
309	170050	0.00014627
310	170600	0.00014627
311	171150	0.00014627
312	171700	0.00014627
313	172250	0.00014627
314	172800	0.00014627
315	173350	0.00014627
316	173900	0.00014627
317	174450	0.00014627
318	175000	0.00014627
319	175550	0.00014627
320	176100	0.00014627
321	176650	0.00014627
322	177200	0.00014627
323	177750	0.00014627
324	178300	0.00014627
325	178850	0.00014627
326	179400	0.00014627
327	179950	0.00014627
328	180500	0.00014627
329	181050	0.00014627
330	181600	0.00014627
331	182150	0.00014627
332	182700	0.00014627
333	183250	0.00014627
334	183800	0.00014627
335	184350	0.00014627
336	184900	0.00014627
337	185450	0.00014627
338	186000	0.00014627
339	186550	0.00014627
340	187100	0.00014627
341	187650	0.00014627
342	188200	0.00014627
343	188750	0.00014627
344	189300	0.00014627
345	189850	0.00014627
346	190400	0.00014627
347	190950	0.00014627
348	191500	0.00014627
349	192050	0.00014627
350	192600	0.00014627
351	193150	0.00014627
352	193700	0.00014627
353	194250	0.00014627
354	194800	0.00014627
355	195350	0.00014627
356	195900	0.00014627
357	196450	0.00014627
358	197000	0.00014627
359	197550	0.00014627
360	198100	0.00014627
361	198650	0.00014627
362	199200	0.00014627
363	199750	0.00014627
364	200300	0.00014627
365	200850	0.00014627
366	201400	0.00014627
367	201950	0.00014627
368	202500	0.00014627
369	203050	0.00014627
370	203600	0.00014627
371	204150	0.00014627
372	204700	0.00014627
373	205250	0.00014627
374	205800	0.00014627
375	206350	0.00014627
376	206900	0.00014627
377	207450	0.00014627
378	208000	0.00014627
379	208550	0.00014627
380	209100	0.00014627
381	209650	0.00014627
382	210200	0.00014627
383	210750	0.00014627
384	211300	0.00014627
385	211850	0.00014627
386	212400	0.00014627
387	212950	0.00014627
388	213500	0.00014627
389	214050	0.00014627
390	214600	0.00014627
391	215150	0.00014627
392	215700	0.00014627
393	216250	0.00014627
394	216800	0.00014627
395	217350	0.000140278
396	217900	0.000140278
397	218450	0.000140278
398	219000	0.000140278
399	219550	0.000140278
400	220100	0.000140278
401	220650	0.000140278
402	221200	0.000140278
403	221750	0.000140278
404	222300	0.000140278
405	222850	0.000140278
406	223400	0.000140278
407	223950	0.000140278
408	224500	0.000140278
409	225050	0.000140278
410	225600	0.000140278
411	226150	0.000140278
412	226700	0.000140278
413	227250	0.000140278
414	227800	0.000140278
415	228350	0.000140278
416	228900	0.000140278
417	229450	0.000140278
418	230000	0.000140278
419	230550	0.000140278
420	231100	0.000140278
421	231650	0.000140278
422	232200	0.000140278
423	232750	0.000140278
424	233300	0.000140278
425	233850	7.59599e-005
426	234400	7.59599e-005
427	234950	7.59599e-005
428	235500	7.59599e-005
429	236050	7.59599e-005
430	236600	7.59599e-005
431	237150	7.59599e-005
432	237700	7.59599e-005
433	238250	7.59599e-005
434	238800	7.59599e-005
435	239350	7.59599e-005
436	239900	7.59599e-005
437	240450	7.59599e-005
438	241000	7.59599e-005
439	241550	7.59599e-005
440	242100	7.59599e-005
441	242650	7.59599e-005
442	243200	7.59599e-005
443	243750	7.59599e-005
444	244300	7.59599e-005
445	244850	7.59599e-005
446	245400	7.59599e-005
447	245950	7.00692e-005
448	246500	7.00692e-005
449	247050	7.00692e-005
450	247600	7.00692e-005
451	248150	7.00692e-005
452	248700	7.00692e-005
453	249250	7.00692e-005
454	249800	7.00692e-005
455	250350	7.00692e-005
456	250900	7.00692e-005
457	251450	7.00692e-005
458	252000	7.00692e-005
459	252550	7.00692e-005
460	253100	7.00692e-005
461	253650	7.00692e-005
462	254200	7.00692e-005
463	254750	7.00692e-005
464	255300	7.00692e-005
465	255850	7.00692e-005
466	256400	7.00692e-005
467	256950	7.00692e-005
468	257500	7.00692e-005
469	258050	7.00692e-005
470	258600	7.00692e-005
471	259150	7.00692e-005
472	259700	7.00692e-005
473	260250	7.00692e-005
474	260800	7.00692e-005
475	261350	7.00692e-005
476	261900	7.00692e-005
477	262450	7.00692e-005
478	263000	7.00692e-005
479	263550	7.00692e-005
480	264100	7.00692e-005
481	264650	7.00692e-005
482	265200	7.00692e-005
483	265750	7.00692e-005
484	266300	7.00692e-005
485	266850	7.00692e-005
486	267400	7.00692e-005
487	267950	7.00692e-005
488	268500	7.00692e-005
489	269050	7.00692e-005
490	269600	7.00692e-005
491	270150	7.00692e-005
492	270700	7.00692e-005
493	271250	7.00692e-005
494	271800	7.00692e-005
495	272350	7.00692e-005
496	272900	7.00692e-005
497	273450	7.00692e-005
498	274000	7.00692e-005
499	274550	7.00692e-005
500	275100	7.00692e-005
501	275650	7.00692e-005
502	276200	7.00692e-005
503	276750	7.00692e-005
504	277300	7.00692e-005
505	277850	7.00692e-005
506	278400	7.00692e-005
507	278950	7.00692e-005
508	279500	7.00692e-005
509	280050	7.00692e-005
510	280600	7.00692e-005
511	281150	7.00692e-005
512	281700	7.00692e-005
513	282250	7.00692e-005
514	282800	7.00692e-005
515	283350	6.46982e-005
516	283900	6.46982e-005
517	284450	6.46982e-005
518	285000	6.46982e-005
519	285550	6.46982e-005
520	286100	6.46982e-005
521	286650	6.46982e-005
522	287200	6.46982e-005
523	287750	6.46982e-005
524	288300	6.46982e-005
525	288850	6.46982e-005
526	289400	6.46982e-005
527	289950	6.46982e-005
528	290500	6.46982e-005
529	291050	6.46982e-005
530	291600	6.46982e-005
531	292150	6.46982e-005
532	292700	6.46982e-005
533	293250	6.46982e-005
534	293800	5.68453e-005
535	294350	5.68453e-005
536	294900	5.68453e-005
537	295450	5.68453e-005
538	296000	5.68453e-005
539	296550	5.68453e-005
540	297100	5.68453e-005
541	297650	5.68453e-005
542	298200	5.68453e-005
543	298750	4.98587e-005
544	299300	4.98587e-005
545	299850	4.98587e-005
546	300400	4.98587e-005
547	300950	4.98587e-005
548	301500	4.98587e-005
549	302050	4.98587e-005
550	302600	4.98587e-005
551	303150	4.98587e-005
552	303700	4.98587e-005
553	304250	4.98587e-005
554	304800	4.98587e-005
555	305350	4.98587e-005
556	305900	4.98587e-005
557	306450	4.98587e-005
558	307000	4.98587e-005
559	307550	4.98587e-005
560	308100	4.98587e-005
561	308650	4.98587e-005
562	309200	4.98587e-005
563	309750	4.98587e-005
564	310300	4.98587e-005
565	310850	4.98587e-005
566	311400	4.98587e-005
567	311950	4.98587e-005
568	312500	4.98587e-005
569	313050	4.98587e-005
570	313600	4.98587e-005
571	314150	4.98587e-005
572	314700	4.98587e-005
573	315250	4.98587e-005
574	315800	4.98587e-005
575	316350	4.98587e-005
576	316900	4.98587e-005
577	317450	4.98587e-005
578	318000	4.98587e-005
579	318550	4.50704e-005
580	319100	4.50704e-005
581	319650	4.50704e-005
582	320200	4.50704e-005
583	320750	4.50704e-005
584	321300	4.50704e-005
585	321850	4.50704e-005
586	322400	4.50704e-005
587	322950	4.50704e-005
588	323500	4.50704e-005
589	324050	2.96209e-005
590	324600	2.96209e-005
591	325150	2.96209e-005
592	325700	2.96209e-005
593	326250	2.96209e-005
594	326800	2.96209e-005
595	327350	2.96209e-005
596	327900	2.96209e-005
597	328450	2.96209e-005
598	329000	2.96209e-005
599	329550	2.96209e-005
600	330100	2.96209e-005
601	330650	2.96209e-005
602	331200	2.96209e-005
603	331750	2.96209e-005
604	332300	2.96209e-005
605	332850	2.96209e-005
606	333400	2.96209e-005
607	333950	2.96209e-005
608	334500	2.96209e-005
609	335050	2.96209e-005
610	335600	2.96209e-005
611	336150	2.96209e-005
612	336700	2.96209e-005
613	337250	2.96209e-005
614	337800	2.96209e-005
615	338350	2.96209e-005
616	338900	2.96209e-005
617	339450	2.96209e-005
618	340000	2.96209e-005
619	340550	2.96209e-005
620	341100	2.96209e-005
621	341650	2.96209e-005
622	342200	2.96209e-005
623	342750	2.96209e-005
624	343300	2.96209e-005
625	343850	1.59264e-005
626	344400	1.59264e-005
627	344950	1.59264e-005
628	345500	1.59264e-005
629	346050	1.59264e-005
630	346600	1.59264e-005
631	347150	1.59264e-005
632	347700	1.59264e-005
633	348250	1.59264e-005
634	348800	1.59264e-005
635	349350	1.59264e-005
636	349900	1.59264e-005
637	350450	1.59264e-005
638	351000	1.59264e-005
639	351550	1.59264e-005
640	352100	1.59264e-005
641	352650	1.59264e-005
642	353200	1.59264e-005
643	353750	1.59264e-005
644	354300	1.59264e-005
645	354850	1.59264e-005
646	355400	1.59264e-005
647	355950	1.59264e-005
648	356500	1.59264e-005
649	357050	1.59264e-005
650	357600	1.59264e-005
651	358150	1.59264e-005
652	358700	1.59264e-005
653	359250	1.59264e-005
654	359800	1.59264e-005
655	360350	1.59264e-005
656	360900	1.59264e-005
657	361450	1.59264e-005
658	362000	1.59264e-005
659	362550	1.59264e-005
660	363100	1.59264e-005
661	363650	1.59264e-005
662	364200	1.59264e-005
663	364750	1.59264e-005
664	365300	1.59264e-005
665	365850	1.59264e-005
666	366400	1.59264e-005
667	366950	1.59264e-005
668	367500	1.59264e-005
669	368050	1.59264e-005
670	368600	1.59264e-005
671	369150	1.59264e-005
672	369700	1.59264e-005
673	370250	1.59264e-005
674	370800	1.59264e-005
675	371350	1.59264e-005
676	371900	1.59264e-005
677	372450	1.59264e-005
678	373000	1.59264e-005
679	373550	1.59264e-005
680	374100	1.59264e-005
681	374650	1.59264e-005
682	375200	1.59264e-005
683	375750	1.59264e-005
684	376300	1.59264e-005
685	376850	1.59264e-005
686	377400	1.59264e-005
687	377950	1.59264e-005
688	378500	1.59264e-005
689	379050	1.59264e-005
690	379600	1.59264e-005
691	380150	1.59264e-005
692	380700	1.59264e-005
693	381250	1.59264e-005
694	381800	1.59264e-005
695	382350	1.59264e-005
696	382900	1.59264e-005
697	383450	1.59264e-005
698	384000	1.59264e-005
699	384550	1.59264e-005
700	385100	1.59264e-005
701	385650	1.59264e-005
702	386200	1.59264e-005
703	386750	1.59264e-005
704	387300	1.59264e-005
705	387850	1.59264e-005
706	388400	1.59264e-005
707	388950	1.59264e-005
708	389500	1.59264e-005
709	390050	1.59264e-005
710	390600	1.59264e-005
711	391150	1.59264e-005
712	391700	1.59264e-005
713	392250	1.59264e-005
714	392800	1.59264e-005
715	393350	1.59264e-005
716	393900	1.59264e-005
717	394450	1.59264e-005
718	395000	1.59264e-005
719	395550	1.59264e-005
720	396100	1.59264e-005
721	396650	1.59264e-005
722	397200	1.59264e-005
723	397750	1.59264e-005
724	398300	1.59264e-005
725	398850	1.59264e-005
726	399400	1.59264e-005
727	399950	1.59264e-005
728	400500	1.59264e-005
729	401050	1.59264e-005
730	401600	1.59264e-005
731	402150	1.59264e-005
732	402700	1.59264e-005
733	403250	1.59264e-005
734	403800	1.59264e-005
735	404350	1.59264e-005
736	404900	1.59264e-005
737	405450	1.59264e-005
738	406000	1.59264e-005
739	406550	1.59264e-005
740	407100	1.59264e-005
741	407650	1.59264e-005
742	408200	1.59264e-005
743	408750	1.59264e-005
744	409300	1.59264e-005
745	409850	1.59264e-005
746	410400	1.59264e-005
747	410950	1.59264e-005
748	411500	1.59264e-005
749	412050	1.59264e-005
750	412600	1.59264e-005
751	413150	1.59264e-005
752	413700	1.59264e-005
753	414250	1.59264e-005
754	414800	1.59264e-005
755	415350	1.59264e-005
756	415900	1.59264e-005
757	416450	1.59264e-005
758	417000	1.59264e-005
759	417550	1.59264e-005
760	418100	1.59264e-005
761	418650	1.59264e-005
762	419200	1.59264e-005
763	419750	1.59264e-005
764	420300	1.59264e-005
765	420850	1.59264e-005
766	421400	1.59264e-005
767	421950	1.59264e-005
768	422500	1.59264e-005
769	423050	1.59264e-005
770	423600	1.59264e-005
771	424150	1.59264e-005
772	424700	1.59264e-005
773	425250	1.59264e-005
774	425800	1.59264e-005
775	426350	1.59264e-005
776	426900	1.59264e-005
777	427450	1.59264e-005
778	428000	1.59264e-005
779	428550	1.59264e-005
780	429100	1.59264e-005
781	429650	1.59264e-005
782	430200	1.59264e-005
783	430750	1.59264e-005
784	431300	1.59264e-005
785	431850	1.59264e-005
786	432400	1.59264e-005
787	432950	1.59264e-005
788	433500	1.59264e-005
789	434050	1.59264e-005
790	434600	1.59264e-005
791	435150	1.59264e-005
792	435700	1.59264e-005
793	436250	1.59264e-005
794	436800	1.59264e-005
795	437350	1.59264e-005
796	437900	1.59264e-005
797	438450	1.59264e-005
798	439000	1.59264e-005
799	439550	1.59264e-005
800	440100	1.59264e-005
801	440650	1.59264e-005
802	441200	1.59264e-005
803	441750	1.59264e-005
804	442300	1.59264e-005
805	442850	1.59264e-005
806	443400	1.59264e-005
807	443950	1.59264e-005
808	444500	1.59264e-005
809	445050	1.59264e-005
810	445600	1.59264e-005
811	446150	1.59264e-005
812	446700	1.59264e-005
813	447250	1.59264e-005
814	447800	1.59264e-005
815	448350	1.59264e-005
816	448900	1.59264e-005
817	449450	1.59264e-005
818	450000	1.59264e-005
819	450550	1.59264e-005
820	451100	1.59264e-005
821	451650	1.59264e-005
822	452200	1.59264e-005
823	452750	1.59264e-005
824	453300	1.59264e-005
825	453850	1.59264e-005
826	454400	1.59264e-005
827	454950	1.59264e-005
828	455500	1.59264e-005
829	456050	1.59264e-005
830	456600	1.59264e-005
831	457150	1.59264e-005
832	457700	1.59264e-005
833	458250	1.59264e-005
834	458800	1.59264e-005
835	459350	1.59264e-005
836	459900	1.59264e-005
837	460450	1.59264e-005
838	461000	1.59264e-005
839	461550	1.59264e-005
840	462100	1.59264e-005
841	462650	1.59264e-005
842	463200	1.59264e-005
843	463750	1.59264e-005
844	464300	1.59264e-005
845	464850	1.59264e-005
846	465400	1.59264e-005
847	465950	1.59264e-005
848	466500	1.59264e-005
849	467050	1.59264e-005
850	467600	1.59264e-005
851	468150	1.59264e-005
852	468700	1.59264e-005
853	469250	1.59264e-005
854	469800	1.59264e-005
855	470350	1.59264e-005
856	470900	1.59264e-005
857	471450	1.59264e-005
858	472000	1.59264e-005
859	472550	1.59264e-005
860	473100	1.59264e-005
861	473650	1.59264e-005
862	474200	1.59264e-005
863	474750	1.59264e-005
864	475300	1.59264e-005
865	475850	1.59264e-005
866	476400	1.59264e-005
867	476950	1.59264e-005
868	477500	1.59264e-005
869	478050	1.59264e-005
870	478600	1.59264e-005
871	479150	1.59264e-005
872	479700	1.59264e-005
873	480250	1.59264e-005
874	480800	1.59264e-005
875	481350	1.59264e-005
876	481900	1.59264e-005
877	482450	1.59264e-005
878	483000	1.59264e-005
879	483550	1.59264e-005
880	484100	1.59264e-005
881	484650	1.59264e-005
882	485200	1.59264e-005
883	485750	1.59264e-005
884	486300	1.59264e-005
885	486850	1.59264e-005
886	487400	1.59264e-005
887	487950	1.59264e-005
888	488500	1.59264e-005
889	489050	1.59264e-005
890	489600	1.59264e-005
891	490150	1.59264e-005
892	490700	1.59264e-005
893	491250	1.59264e-005
894	491800	1.59264e-005
895	492350	1.59264e-005
896	492900	1.59264e-005
897	493450	1.59264e-005
898	494000	1.59264e-005
899	494550	1.59264e-005
900	495100	1.59264e-005
901	495650	1.59264e-005
902	496200	1.59264e-005
903	496750	1.59264e-005
904	497300	1.59264e-005
905	497850	1.59264e-005
906	498400	1.59264e-005
907	498950	1.59264e-005
908	499500	1.59264e-005
909	500050	1.59264e-005
910	500600	1.59264e-005
911	501150	1.59264e-005
912	501700	1.59264e-005
913	502250	1.59264e-005
914	502800	1.59264e-005
915	503350	1.59264e-005
916	503900	1.59264e-005
917	504450	1.59264e-005
918	505000	1.59264e-005
919	505550	1.59264e-005
920	506100	1.59264e-005
921	506650	1.59264e-005
922	507200	1.59264e-005
923	507750	1.59264e-005
924	508300	1.59264e-005
925	508850	1.59264e-005
926	509400	1.59264e-005
927	509950	1.59264e-005
928	510500	1.59264e-005
929	511050	1.59264e-005
930	511600	1.59264e-005
931	512150	1.59264e-005
932	512700	1.59264e-005
933	513250	1.59264e-005
934	513800	1.59264e-005
935	514350	1.59264e-005
936	514900	1.59264e-005
937	515450	1.59264e-005
938	516000	1.59264e-005
939	516550	1.59264e-005
940	517100	1.59264e-005
941	517650	1.59264e-005
942	518200	1.59264e-005
943	518750	1.59264e-005
944	519300	1.59264e-005
945	519850	1.59264e-005
946	520400	1.59264e-005
947	520950	1.59264e-005
948	521500	1.59264e-005
949	522050	1.59264e-005
950	522600	1.59264e-005
951	523150	1.59264e-005
952	523700	1.59264e-005
953	524250	1.59264e-005
954	524800	1.59264e-005
955	525350	1.59264e-005
956	525900	1.59264e-005
957	526450	1.59264e-005
958	527000	1.59264e-005
959	527550	1.59264e-005
960	528100	1.59264e-005
961	528650	1.59264e-005
962	529200	8.3155e-006
963	529750	8.3155e-006
964	530300	8.3155e-006
965	530850	8.3155e-006
966	531400	8.3155e-006
967	531950	8.3155e-006
968	532500	8.3155e-006
969	533050	8.3155e-006
970	533600	8.3155e-006
971	534150	8.3155e-006
972	534700	8.3155e-006
973	535250	8.3155e-006
974	535800	8.3155e-006
975	536350	8.3155e-006
976	536900	8.3155e-006
977	537450	8.3155e-006
978	538000	8.3155e-006
979	538550	8.3155e-006
980	539100	8.3155e-006
981	539650	8.3155e-006
982	540200	8.3155e-006
983	540750	8.3155e-006
984	541300	8.3155e-006
985	541850	8.3155e-006
986	542400	8.3155e-006
987	542950	8.3155e-006
988	543500	8.3155e-006
989	544050	8.3155e-006
990	544600	8.3155e-006
991	545150	8.3155e-006
992	545700	8.3155e-006
993	546250	8.3155e-006
994	546800	8.3155e-006
995	547350	8.3155e-006
996	547900	8.3155e-006
997	548450	8.3155e-006
998	549000	8.3155e-006
999	549550	8.3155e-006
1000	550100	8.3155e-006
