1	650	413.904
2	1200	242.346
3	1750	153.91
4	2300	114.544
5	2850	96.974
6	3400	73.5066
7	3950	64.586
8	4500	47.8601
9	5050	41.6578
10	5600	34.8514
11	6150	29.9941
12	6700	24.6019
13	7250	18.0961
14	7800	16.4724
15	8350	13.292
16	8900	11.2344
17	9450	6.97354
18	10000	5.53257
19	10550	4.8309
20	11100	3.65939
21	11650	2.7869
22	12200	2.03377
23	12750	1.67546
24	13300	1.07553
25	13850	0.734369
26	14400	0.375206
27	14950	0.375206
28	15500	0.351769
29	16050	0.351769
30	16600	0.22781
31	17150	0.146772
32	17700	0.114173
33	18250	0.114173
34	18800	0.114173
35	19350	0.114173
36	19900	0.097695
37	20450	0.097695
38	21000	0.0802088
39	21550	0.0802088
40	22100	0.0656031
41	22650	0.0656031
42	23200	0.0656031
43	23750	0.0656031
44	24300	0.0656031
45	24850	0.0599619
46	25400	0.0294888
47	25950	0.0278224
48	26500	0.0278224
49	27050	0.0278224
50	27600	0.0204991
51	28150	0.0204991
52	28700	0.0204991
53	29250	0.0186003
54	29800	0.0166905
55	30350	0.0166905
56	30900	0.0166905
57	31450	0.0166905
58	32000	0.0158713
59	32550	0.0158713
60	33100	0.0158713
61	33650	0.00798089
62	34200	0.00798089
63	34750	0.00798089
64	35300	0.00798089
65	35850	0.00798089
66	36400	0.00798089
67	36950	0.00798089
68	37500	0.00798089
69	38050	0.00696013
70	38600	0.00696013
71	39150	0.00696013
72	39700	0.00696013
73	40250	0.00696013
74	40800	0.00696013
75	41350	0.00696013
76	41900	0.00696013
77	42450	0.00696013
78	43000	0.00696013
79	43550	0.00696013
80	44100	0.00628572
81	44650	0.00628572
82	45200	0.00628572
83	45750	0.00612691
84	46300	0.00612691
85	46850	0.00512646
86	47400	0.00512646
87	47950	0.00512646
88	48500	0.00512646
89	49050	0.00512646
90	49600	0.00512646
91	50150	0.00512038
92	50700	0.00493263
93	51250	0.00493263
94	51800	0.00493263
95	52350	0.00493263
96	52900	0.00394881
97	53450	0.00394881
98	54000	0.00394881
99	54550	0.00394881
100	55100	0.00394881
101	55650	0.00394881
102	56200	0.00394881
103	56750	0.00394881
104	57300	0.00394881
105	57850	0.00394881
106	58400	0.00394881
107	58950	0.00394881
108	59500	0.00390166
109	60050	0.00390166
110	60600	0.0026641
111	61150	0.0026641
112	61700	0.0026641
113	62250	0.0026641
114	62800	0.0026641
115	63350	0.0026641
116	63900	0.0026641
117	64450	0.0026641
118	65000	0.0026641
119	65550	0.0026641
120	66100	0.0026641
121	66650	0.00142096
122	67200	0.00142096
123	67750	0.00142096
124	68300	0.00142096
125	68850	0.00142096
126	69400	0.00142096
127	69950	0.00142096
128	70500	0.00142096
129	71050	0.00142096
130	71600	0.00142096
131	72150	0.00142096
132	72700	0.00142096
133	73250	0.00142096
134	73800	0.00142096
135	74350	0.00142096
136	74900	0.00142096
137	75450	0.00142096
138	76000	0.00142096
139	76550	0.00142096
140	77100	0.00142096
141	77650	0.00142096
142	78200	0.00142096
143	78750	0.00142096
144	79300	0.00112297
145	79850	0.00112297
146	80400	0.00112297
147	80950	0.00112297
148	81500	0.00112297
149	82050	0.00112297
150	82600	0.00112297
151	83150	0.00112297
152	83700	0.00112297
153	84250	0.00112297
154	84800	0.00112297
155	85350	0.00112297
156	85900	0.00112297
157	86450	0.00112297
158	87000	0.00112297
159	87550	0.00112297
160	88100	0.000982334
161	88650	0.000982334
162	89200	0.000982334
163	89750	0.000982334
164	90300	0.000982334
165	90850	0.000982334
166	91400	0.000982334
167	91950	0.000982334
168	92500	0.000982334
169	93050	0.000982334
170	93600	0.000982334
171	94150	0.000982334
172	94700	0.000982334
173	95250	0.000982334
174	95800	0.000982334
175	96350	0.000982334
176	96900	0.000982334
177	97450	0.000982334
178	98000	0.000982334
179	98550	0.000982334
180	99100	0.000982334
181	99650	0.000982334
182	100200	0.000982334
183	100750	0.000982334
184	101300	0.000982334
185	101850	0.000982334
186	102400	0.000982334
187	102950	0.000982334
188	103500	0.000982334
189	104050	0.000982334
190	104600	0.000982334
191	105150	0.000982334
192	105700	0.000982334
193	106250	0.000982334
194	106800	0.000945185
195	107350	0.000945185
196	107900	0.000945185
197	108450	0.000945185
198	109000	0.000945185
199	109550	0.000945185
200	110100	0.000945185
201	110650	0.000945185
202	111200	0.000945185
203	111750	0.000945185
204	112300	0.00090828
205	112850	0.000755959
206	113400	0.000755959
207	113950	0.000755959
208	114500	0.000755959
209	115050	0.000673498
210	115600	0.000673498
211	116150	0.000673498
212	116700	0.000658918
213	117250	0.000658918
214	117800	0.000658918
215	118350	0.000658918
216	118900	0.000658918
217	119450	0.000658918
218	120000	0.000658918
219	120550	0.000658918
220	121100	0.000658918
221	121650	0.000658918
222	122200	0.000658918
223	122750	0.000658918
224	123300	0.00059888
225	123850	0.000463521
226	124400	0.000463521
227	124950	0.000463521
228	125500	0.000463521
229	126050	0.000463521
230	126600	0.000463521
231	127150	0.000463521
232	127700	0.000463521
233	128250	0.000463521
234	128800	0.000463521
235	129350	0.000463521
236	129900	0.000463521
237	130450	0.000463521
238	131000	0.000463521
239	131550	0.000463521
240	132100	0.000463521
241	132650	0.000463521
242	133200	0.000463521
243	133750	0.000463521
244	134300	0.000463521
245	134850	0.000463521
246	135400	0.000463521
247	135950	0.000463521
248	136500	0.000463521
249	137050	0.000463521
250	137600	0.000463521
251	138150	0.000463521
252	138700	0.000463521
253	139250	0.000463521
254	139800	0.000382318
255	140350	0.000382318
256	140900	0.000382318
257	141450	0.000382318
258	142000	0.000382318
259	142550	0.000382318
260	143100	0.000382318
261	143650	0.000382318
262	144200	0.000382318
263	144750	0.000382318
264	145300	0.000382318
265	145850	0.000382318
266	146400	0.000382318
267	146950	0.000382318
268	147500	0.000382318
269	148050	0.000382318
270	148600	0.000382318
271	149150	0.000382318
272	149700	0.000382318
273	150250	0.000382318
274	150800	0.000382318
275	151350	0.000363859
276	151900	0.000363859
277	152450	0.000363859
278	153000	0.000363859
279	153550	0.000363859
280	154100	0.000363859
281	154650	0.000363859
282	155200	0.000363859
283	155750	0.000363859
284	156300	0.000363859
285	156850	0.000363859
286	157400	0.000363859
287	157950	0.000363859
288	158500	0.000363859
289	159050	0.000363859
290	159600	0.000363859
291	160150	0.000363859
292	160700	0.000363859
293	161250	0.000363859
294	161800	0.000363859
295	162350	0.000251744
296	162900	0.000251744
297	163450	0.000251744
298	164000	0.000251744
299	164550	0.000251744
300	165100	0.000251744
301	165650	0.000251744
302	166200	0.000251744
303	166750	0.000251744
304	167300	0.000251744
305	167850	0.000251744
306	168400	0.000251744
307	168950	0.000251744
308	169500	0.000251744
309	170050	0.000251744
310	170600	0.000251744
311	171150	0.000251744
312	171700	0.000251744
313	172250	0.000251744
314	172800	0.000251744
315	173350	0.000251744
316	173900	0.000251744
317	174450	0.000251744
318	175000	0.000251744
319	175550	0.000251744
320	176100	0.000251744
321	176650	0.000251744
322	177200	0.000251744
323	177750	0.000251744
324	178300	0.000251744
325	178850	0.000251744
326	179400	0.000251744
327	179950	0.000251744
328	180500	0.000251744
329	181050	0.000251744
330	181600	0.000251744
331	182150	0.000251744
332	182700	0.000251744
333	183250	0.000251744
334	183800	0.000251744
335	184350	0.000237988
336	184900	0.000237988
337	185450	0.000237988
338	186000	0.000237988
339	186550	0.000237988
340	187100	0.000237988
341	187650	0.000237988
342	188200	0.000237988
343	188750	0.000237988
344	189300	0.000237988
345	189850	0.000237988
346	190400	0.000237988
347	190950	0.000237988
348	191500	0.000237988
349	192050	0.000214191
350	192600	0.000214191
351	193150	0.000214191
352	193700	0.000103654
353	194250	0.000103654
354	194800	0.000103654
355	195350	0.000103654
356	195900	0.000103654
357	196450	0.000103654
358	197000	0.000103654
359	197550	0.000103654
360	198100	0.000103654
361	198650	0.000103654
362	199200	0.000103654
363	199750	0.000103654
364	200300	0.000103654
365	200850	0.000103654
366	201400	0.000103654
367	201950	0.000103654
368	202500	0.000103654
369	203050	0.000103654
370	203600	0.000103654
371	204150	0.000103654
372	204700	0.000103654
373	205250	0.000103654
374	205800	0.000103654
375	206350	0.000103654
376	206900	0.000103654
377	207450	0.000103654
378	208000	0.000103654
379	208550	0.000103654
380	209100	0.000103654
381	209650	0.000103654
382	210200	0.000103654
383	210750	0.000103654
384	211300	0.000103654
385	211850	0.000103654
386	212400	0.000103654
387	212950	0.000103654
388	213500	0.000103654
389	214050	0.000103654
390	214600	0.000103654
391	215150	0.000103654
392	215700	0.000103654
393	216250	0.000103654
394	216800	0.000103654
395	217350	0.000103654
396	217900	0.000103654
397	218450	0.000103654
398	219000	0.000103654
399	219550	0.000103654
400	220100	0.000103654
401	220650	0.000103654
402	221200	0.000103654
403	221750	0.000103654
404	222300	0.000103654
405	222850	0.000103654
406	223400	0.000103654
407	223950	0.000103654
408	224500	0.000103654
409	225050	0.000103654
410	225600	0.000103654
411	226150	0.000103654
412	226700	0.000103654
413	227250	0.000103654
414	227800	0.000103654
415	228350	0.000103654
416	228900	0.000103654
417	229450	0.000103654
418	230000	0.000103654
419	230550	0.000103654
420	231100	0.000103654
421	231650	0.000103654
422	232200	0.000103654
423	232750	0.000103654
424	233300	0.000103654
425	233850	0.000103654
426	234400	0.000103654
427	234950	0.000103654
428	235500	0.000103654
429	236050	0.000103654
430	236600	0.000103654
431	237150	0.000103654
432	237700	0.000103654
433	238250	0.000103654
434	238800	0.000103654
435	239350	0.000103654
436	239900	0.000103654
437	240450	0.000103654
438	241000	0.000103654
439	241550	0.000103654
440	242100	0.000103654
441	242650	0.000103654
442	243200	0.000103654
443	243750	0.000103654
444	244300	0.000103654
445	244850	0.000103654
446	245400	0.000103654
447	245950	0.000103654
448	246500	0.000103654
449	247050	0.000103654
450	247600	0.000103654
451	248150	0.000103654
452	248700	0.000103654
453	249250	0.000103654
454	249800	0.000103654
455	250350	0.000103654
456	250900	0.000103654
457	251450	0.000103654
458	252000	0.000103654
459	252550	0.000103654
460	253100	0.000103654
461	253650	0.000103654
462	254200	0.000103654
463	254750	0.000103654
464	255300	0.000103654
465	255850	0.000103654
466	256400	0.000103654
467	256950	0.000103654
468	257500	0.000103654
469	258050	0.000103654
470	258600	0.000103654
471	259150	0.000103654
472	259700	0.000103654
473	260250	0.000103654
474	260800	0.000103654
475	261350	0.000103654
476	261900	0.000103654
477	262450	0.000103654
478	263000	0.000103654
479	263550	0.000103654
480	264100	0.000103654
481	264650	0.000103654
482	265200	0.000103654
483	265750	0.000103654
484	266300	0.000103654
485	266850	5.84846e-005
486	267400	5.84846e-005
487	267950	5.84846e-005
488	268500	5.84846e-005
489	269050	5.84846e-005
490	269600	5.84846e-005
491	270150	5.84846e-005
492	270700	5.84846e-005
493	271250	5.84846e-005
494	271800	5.84846e-005
495	272350	5.84846e-005
496	272900	5.84846e-005
497	273450	5.84846e-005
498	274000	5.84846e-005
499	274550	5.84846e-005
500	275100	5.84846e-005
501	275650	5.84846e-005
502	276200	5.84846e-005
503	276750	5.84846e-005
504	277300	5.84846e-005
505	277850	5.84846e-005
506	278400	5.84846e-005
507	278950	5.84846e-005
508	279500	5.84846e-005
509	280050	5.84846e-005
510	280600	5.84846e-005
511	281150	5.84846e-005
512	281700	5.84846e-005
513	282250	5.84846e-005
514	282800	5.84846e-005
515	283350	5.84846e-005
516	283900	5.84846e-005
517	284450	5.84846e-005
518	285000	5.84846e-005
519	285550	5.84846e-005
520	286100	5.84846e-005
521	286650	5.84846e-005
522	287200	5.84846e-005
523	287750	5.84846e-005
524	288300	5.84846e-005
525	288850	5.84846e-005
526	289400	5.84846e-005
527	289950	5.84846e-005
528	290500	5.84846e-005
529	291050	5.84846e-005
530	291600	5.84846e-005
531	292150	5.84846e-005
532	292700	5.84846e-005
533	293250	5.84846e-005
534	293800	5.84846e-005
535	294350	5.84846e-005
536	294900	5.84846e-005
537	295450	5.84846e-005
538	296000	5.84846e-005
539	296550	5.84846e-005
540	297100	5.84846e-005
541	297650	5.84846e-005
542	298200	5.84846e-005
543	298750	5.84846e-005
544	299300	5.84846e-005
545	299850	5.84846e-005
546	300400	5.84846e-005
547	300950	3.91957e-005
548	301500	3.91957e-005
549	302050	3.91957e-005
550	302600	3.91957e-005
551	303150	3.91957e-005
552	303700	3.91957e-005
553	304250	3.91957e-005
554	304800	3.91957e-005
555	305350	3.91957e-005
556	305900	3.91957e-005
557	306450	3.91957e-005
558	307000	3.91957e-005
559	307550	3.91957e-005
560	308100	3.77546e-005
561	308650	3.77546e-005
562	309200	3.77546e-005
563	309750	3.77546e-005
564	310300	3.77546e-005
565	310850	3.77546e-005
566	311400	3.77546e-005
567	311950	3.77546e-005
568	312500	3.77546e-005
569	313050	3.77546e-005
570	313600	3.77546e-005
571	314150	3.77546e-005
572	314700	3.77546e-005
573	315250	3.77546e-005
574	315800	3.77546e-005
575	316350	3.77546e-005
576	316900	3.77546e-005
577	317450	3.77546e-005
578	318000	3.77546e-005
579	318550	3.77546e-005
580	319100	3.77546e-005
581	319650	3.77546e-005
582	320200	3.77546e-005
583	320750	3.77546e-005
584	321300	3.77546e-005
585	321850	3.77546e-005
586	322400	3.77546e-005
587	322950	3.77546e-005
588	323500	3.77546e-005
589	324050	3.77546e-005
590	324600	3.77546e-005
591	325150	3.77546e-005
592	325700	3.77546e-005
593	326250	3.77546e-005
594	326800	3.77546e-005
595	327350	3.77546e-005
596	327900	3.77546e-005
597	328450	3.77546e-005
598	329000	3.77546e-005
599	329550	3.77546e-005
600	330100	3.77546e-005
601	330650	3.77546e-005
602	331200	3.77546e-005
603	331750	3.77546e-005
604	332300	3.77546e-005
605	332850	3.77546e-005
606	333400	3.77546e-005
607	333950	3.77546e-005
608	334500	3.77546e-005
609	335050	3.77546e-005
610	335600	3.77546e-005
611	336150	3.77546e-005
612	336700	3.77546e-005
613	337250	3.77546e-005
614	337800	3.77546e-005
615	338350	3.77546e-005
616	338900	3.77546e-005
617	339450	3.77546e-005
618	340000	3.77546e-005
619	340550	3.77546e-005
620	341100	3.77546e-005
621	341650	3.77546e-005
622	342200	3.77546e-005
623	342750	3.77546e-005
624	343300	3.77546e-005
625	343850	3.77546e-005
626	344400	3.77546e-005
627	344950	3.77546e-005
628	345500	3.77546e-005
629	346050	3.77546e-005
630	346600	3.77546e-005
631	347150	3.77546e-005
632	347700	3.77546e-005
633	348250	3.77546e-005
634	348800	3.77546e-005
635	349350	3.77546e-005
636	349900	3.77546e-005
637	350450	3.77546e-005
638	351000	3.77546e-005
639	351550	3.77546e-005
640	352100	3.77546e-005
641	352650	3.77546e-005
642	353200	3.77546e-005
643	353750	3.77546e-005
644	354300	3.77546e-005
645	354850	3.77546e-005
646	355400	3.77546e-005
647	355950	3.77546e-005
648	356500	3.77546e-005
649	357050	3.77546e-005
650	357600	3.77546e-005
651	358150	3.77546e-005
652	358700	3.77546e-005
653	359250	3.77546e-005
654	359800	3.77546e-005
655	360350	3.77546e-005
656	360900	3.77546e-005
657	361450	3.77546e-005
658	362000	3.77546e-005
659	362550	3.77546e-005
660	363100	3.77546e-005
661	363650	3.77546e-005
662	364200	3.77546e-005
663	364750	3.77546e-005
664	365300	3.77546e-005
665	365850	3.77546e-005
666	366400	3.77546e-005
667	366950	3.77546e-005
668	367500	3.77546e-005
669	368050	3.77546e-005
670	368600	3.77546e-005
671	369150	3.77546e-005
672	369700	3.77546e-005
673	370250	3.77546e-005
674	370800	3.77546e-005
675	371350	3.77546e-005
676	371900	3.77546e-005
677	372450	3.77546e-005
678	373000	3.77546e-005
679	373550	3.77546e-005
680	374100	3.77546e-005
681	374650	3.77546e-005
682	375200	3.72447e-005
683	375750	3.72447e-005
684	376300	3.72447e-005
685	376850	3.72447e-005
686	377400	3.72447e-005
687	377950	3.72447e-005
688	378500	3.72447e-005
689	379050	3.72447e-005
690	379600	3.72447e-005
691	380150	3.72447e-005
692	380700	3.72447e-005
693	381250	3.72447e-005
694	381800	3.72447e-005
695	382350	3.72447e-005
696	382900	3.72447e-005
697	383450	3.72447e-005
698	384000	3.72447e-005
699	384550	3.72447e-005
700	385100	3.72447e-005
701	385650	3.72447e-005
702	386200	3.58753e-005
703	386750	3.58753e-005
704	387300	3.58753e-005
705	387850	2.84957e-005
706	388400	2.84957e-005
707	388950	2.84957e-005
708	389500	2.84957e-005
709	390050	2.84957e-005
710	390600	2.84957e-005
711	391150	2.84957e-005
712	391700	2.84957e-005
713	392250	2.84957e-005
714	392800	2.84957e-005
715	393350	2.84957e-005
716	393900	2.84957e-005
717	394450	2.84957e-005
718	395000	2.84957e-005
719	395550	2.84957e-005
720	396100	2.84957e-005
721	396650	2.84957e-005
722	397200	2.84957e-005
723	397750	2.84957e-005
724	398300	2.84957e-005
725	398850	2.84957e-005
726	399400	2.84957e-005
727	399950	2.84957e-005
728	400500	2.84957e-005
729	401050	2.4825e-005
730	401600	2.4825e-005
731	402150	2.4825e-005
732	402700	2.4825e-005
733	403250	2.4825e-005
734	403800	2.4825e-005
735	404350	2.4825e-005
736	404900	2.4825e-005
737	405450	2.4825e-005
738	406000	2.4825e-005
739	406550	2.4825e-005
740	407100	2.4825e-005
741	407650	2.4825e-005
742	408200	2.4825e-005
743	408750	2.4825e-005
744	409300	2.4825e-005
745	409850	2.4825e-005
746	410400	2.4825e-005
747	410950	2.4825e-005
748	411500	2.4825e-005
749	412050	2.4825e-005
750	412600	2.4825e-005
751	413150	2.4825e-005
752	413700	2.4825e-005
753	414250	2.4825e-005
754	414800	2.4825e-005
755	415350	2.4825e-005
756	415900	2.4825e-005
757	416450	2.4825e-005
758	417000	2.4825e-005
759	417550	2.4825e-005
760	418100	2.4825e-005
761	418650	2.4825e-005
762	419200	2.4825e-005
763	419750	2.4825e-005
764	420300	2.4825e-005
765	420850	2.4825e-005
766	421400	2.4825e-005
767	421950	2.4825e-005
768	422500	2.4825e-005
769	423050	2.4825e-005
770	423600	2.4825e-005
771	424150	2.4825e-005
772	424700	2.4825e-005
773	425250	2.4825e-005
774	425800	2.4825e-005
775	426350	2.4825e-005
776	426900	2.4825e-005
777	427450	2.4825e-005
778	428000	2.12473e-005
779	428550	2.12473e-005
780	429100	2.12473e-005
781	429650	2.12473e-005
782	430200	2.12473e-005
783	430750	2.12473e-005
784	431300	2.12473e-005
785	431850	2.12473e-005
786	432400	2.12473e-005
787	432950	2.12473e-005
788	433500	2.12473e-005
789	434050	2.12473e-005
790	434600	2.12473e-005
791	435150	2.12473e-005
792	435700	2.12473e-005
793	436250	2.12473e-005
794	436800	2.12473e-005
795	437350	2.12473e-005
796	437900	2.12473e-005
797	438450	2.12473e-005
798	439000	2.12473e-005
799	439550	2.12473e-005
800	440100	2.12473e-005
801	440650	2.12473e-005
802	441200	2.12473e-005
803	441750	2.12473e-005
804	442300	2.12473e-005
805	442850	2.12473e-005
806	443400	2.12473e-005
807	443950	2.12473e-005
808	444500	2.12473e-005
809	445050	2.12473e-005
810	445600	2.12473e-005
811	446150	2.12473e-005
812	446700	2.12473e-005
813	447250	2.12473e-005
814	447800	2.12473e-005
815	448350	2.12473e-005
816	448900	2.12473e-005
817	449450	2.12473e-005
818	450000	1.82801e-005
819	450550	1.82801e-005
820	451100	1.82801e-005
821	451650	1.82801e-005
822	452200	1.82801e-005
823	452750	1.82801e-005
824	453300	1.82801e-005
825	453850	1.82801e-005
826	454400	1.82801e-005
827	454950	1.82801e-005
828	455500	1.82801e-005
829	456050	1.82801e-005
830	456600	1.82801e-005
831	457150	1.82801e-005
832	457700	1.82801e-005
833	458250	1.82801e-005
834	458800	1.82801e-005
835	459350	1.82801e-005
836	459900	1.33953e-005
837	460450	1.33953e-005
838	461000	1.33953e-005
839	461550	1.33953e-005
840	462100	1.33953e-005
841	462650	1.33953e-005
842	463200	1.33953e-005
843	463750	1.33953e-005
844	464300	1.33953e-005
845	464850	1.33953e-005
846	465400	1.33953e-005
847	465950	1.33953e-005
848	466500	1.33953e-005
849	467050	1.33953e-005
850	467600	1.33953e-005
851	468150	1.33953e-005
852	468700	1.33953e-005
853	469250	1.33953e-005
854	469800	1.33953e-005
855	470350	1.33953e-005
856	470900	1.33953e-005
857	471450	1.33953e-005
858	472000	1.33953e-005
859	472550	1.33953e-005
860	473100	1.33953e-005
861	473650	1.33953e-005
862	474200	1.33953e-005
863	474750	1.33953e-005
864	475300	1.33953e-005
865	475850	1.33953e-005
866	476400	1.33953e-005
867	476950	1.33953e-005
868	477500	1.33953e-005
869	478050	1.33953e-005
870	478600	1.33953e-005
871	479150	1.33953e-005
872	479700	1.33953e-005
873	480250	1.33953e-005
874	480800	1.33953e-005
875	481350	1.33953e-005
876	481900	1.33953e-005
877	482450	1.33953e-005
878	483000	1.33953e-005
879	483550	1.33953e-005
880	484100	1.33953e-005
881	484650	1.33953e-005
882	485200	1.33953e-005
883	485750	1.33953e-005
884	486300	1.33953e-005
885	486850	1.33953e-005
886	487400	1.33953e-005
887	487950	1.33953e-005
888	488500	1.33953e-005
889	489050	1.33953e-005
890	489600	1.33953e-005
891	490150	1.33953e-005
892	490700	1.33953e-005
893	491250	1.33953e-005
894	491800	1.33953e-005
895	492350	1.33953e-005
896	492900	1.33953e-005
897	493450	1.33953e-005
898	494000	1.33953e-005
899	494550	1.33953e-005
900	495100	1.33953e-005
901	495650	1.33953e-005
902	496200	1.33953e-005
903	496750	1.33953e-005
904	497300	1.33953e-005
905	497850	1.33953e-005
906	498400	1.33953e-005
907	498950	1.33953e-005
908	499500	1.33953e-005
909	500050	1.33953e-005
910	500600	1.33953e-005
911	501150	1.33953e-005
912	501700	1.33953e-005
913	502250	1.33953e-005
914	502800	1.33953e-005
915	503350	1.33953e-005
916	503900	1.33953e-005
917	504450	1.33953e-005
918	505000	1.33953e-005
919	505550	1.33953e-005
920	506100	1.33953e-005
921	506650	1.33953e-005
922	507200	1.33953e-005
923	507750	1.33953e-005
924	508300	1.33953e-005
925	508850	1.33953e-005
926	509400	1.33953e-005
927	509950	1.33953e-005
928	510500	1.33953e-005
929	511050	1.33953e-005
930	511600	1.33953e-005
931	512150	1.33953e-005
932	512700	1.33953e-005
933	513250	1.33953e-005
934	513800	1.33953e-005
935	514350	1.33953e-005
936	514900	1.33953e-005
937	515450	1.33953e-005
938	516000	1.33953e-005
939	516550	1.33953e-005
940	517100	1.33953e-005
941	517650	1.33953e-005
942	518200	1.33953e-005
943	518750	1.33953e-005
944	519300	1.33953e-005
945	519850	1.33953e-005
946	520400	1.33953e-005
947	520950	1.33953e-005
948	521500	1.33953e-005
949	522050	1.33953e-005
950	522600	1.33953e-005
951	523150	1.33953e-005
952	523700	1.33953e-005
953	524250	1.33953e-005
954	524800	1.33953e-005
955	525350	1.33953e-005
956	525900	1.33953e-005
957	526450	1.33953e-005
958	527000	1.33953e-005
959	527550	1.33953e-005
960	528100	1.33953e-005
961	528650	1.33953e-005
962	529200	1.33953e-005
963	529750	1.33953e-005
964	530300	1.33953e-005
965	530850	1.33953e-005
966	531400	1.33953e-005
967	531950	1.33953e-005
968	532500	1.33953e-005
969	533050	1.33953e-005
970	533600	1.33953e-005
971	534150	1.33953e-005
972	534700	1.33953e-005
973	535250	1.33953e-005
974	535800	1.33953e-005
975	536350	1.33953e-005
976	536900	1.33953e-005
977	537450	1.33953e-005
978	538000	1.33953e-005
979	538550	1.33953e-005
980	539100	1.33953e-005
981	539650	1.33953e-005
982	540200	1.33953e-005
983	540750	1.33953e-005
984	541300	1.33953e-005
985	541850	1.33953e-005
986	542400	1.33953e-005
987	542950	1.33953e-005
988	543500	1.33953e-005
989	544050	1.33953e-005
990	544600	1.33953e-005
991	545150	1.33953e-005
992	545700	1.33953e-005
993	546250	1.33953e-005
994	546800	1.33953e-005
995	547350	1.33953e-005
996	547900	1.33953e-005
997	548450	1.33953e-005
998	549000	1.33953e-005
999	549550	1.33953e-005
1000	550100	1.33953e-005
