311.318
185.08
130.8
97.0956
71.9215
56.0919
45.2845
34.4845
28.028
22.5202
17.7851
14.1897
10.8425
9.05298
7.20405
5.56665
4.28982
3.30103
2.64503
2.18535
1.60055
1.23961
0.927418
0.689505
0.513654
0.417512
0.351537
0.299273
0.23883
0.196911
0.166609
0.140131
0.130125
0.110948
0.103598
0.0934562
0.0789101
0.070193
0.0639246
0.0595937
0.0575111
0.0525242
0.0500276
0.0450672
0.040466
0.0338148
0.0311718
0.0305335
0.0290501
0.0282543
0.0264545
0.0229655
0.0211263
0.0198202
0.0185192
0.0169569
0.0157918
0.0152053
0.0144635
0.0143595
0.0135016
0.0133528
0.0127789
0.012323
0.0115705
0.011396
0.0110168
0.0108333
0.0105359
0.0101332
0.00912289
0.00909122
0.00807403
0.00789544
0.0077891
0.00720004
0.00709741
0.00701002
0.00651397
0.00621821
0.00617103
0.00605697
0.00603693
0.00559697
0.00537343
0.00517132
0.00496418
0.00481216
0.0044018
0.00425885
0.0042247
0.0041653
0.00403751
0.00403647
0.00388977
0.00381689
0.00371416
0.00364999
0.00360332
0.00356883
0.00354263
0.0034476
0.00328676
0.00324139
0.0030611
0.00294511
0.00284034
0.0027996
0.0027716
0.00268236
0.00264147
0.00264147
0.00260204
0.00259849
0.00247127
0.00246342
0.00242214
0.0023969
0.00231092
0.00225649
0.00207666
0.00204874
0.00190674
0.00184365
0.00184365
0.00183817
0.00177068
0.00176867
0.00176867
0.00173913
0.00173327
0.00172015
0.00164104
0.00162197
0.00158613
0.00155462
0.00154189
0.00147572
0.00145733
0.00145733
0.00145733
0.00137787
0.00136861
0.00132134
0.00131678
0.00125991
0.00120707
0.00115739
0.00114988
0.00114988
0.00114988
0.00114988
0.00114988
0.00114988
0.00112516
0.00112507
0.00112507
0.00111678
0.00107331
0.0010652
0.00105405
0.00105405
0.00105259
0.00103333
0.00103289
0.00102739
0.000996258
0.000991577
0.000962481
0.000959278
0.000924429
0.00090737
0.000893716
0.000893084
0.000887917
0.000826556
0.000826556
0.000819731
0.000795746
0.000788699
0.000771878
0.000767789
0.000754822
0.000740595
0.000706945
0.000706945
0.000704685
0.000696481
0.000696481
0.000694181
0.000687292
0.000683192
0.000679933
0.00064014
0.00064014
0.000638478
0.000633706
0.000633706
0.000614492
0.000598464
0.000597714
0.000597714
0.000588616
0.000585752
0.000575121
0.000567805
0.000567805
0.000565404
0.000561281
0.000560507
0.000560507
0.000559665
0.000551853
0.000544382
0.000544382
0.000544382
0.000537191
0.000535004
0.000514517
0.000501371
0.000496367
0.000493955
0.000493955
0.000477586
0.000453693
0.000451988
0.000440135
0.00043548
0.000425759
0.000425759
0.00041862
0.000417495
0.000417495
0.000417495
0.00041357
0.00040355
0.000397088
0.000397088
0.000389952
0.000389952
0.000389952
0.000376521
0.000364266
0.000364266
0.000359209
0.000359209
0.000357041
0.000357041
0.000357041
0.000357041
0.000357041
0.000357041
0.000350262
0.000342978
0.000342978
0.000339606
0.000339606
0.000334529
0.000322542
0.000319791
0.000319791
0.000311277
0.000311277
0.000306552
0.000301137
0.000296691
0.000296691
0.000288488
0.000285171
0.000283828
0.000283828
0.000283158
0.000281717
0.000281717
0.000280794
0.000280794
0.000280794
0.000272452
0.000272452
0.000272452
0.000272452
0.000267652
0.000267652
0.000267652
0.000267151
0.000264983
0.000264983
0.000264302
0.000263699
0.000263699
0.00026046
0.000256019
0.000256019
0.000255164
0.000247587
0.000233671
0.00023224
0.000229473
0.000219639
0.000219639
0.00021831
0.00021831
0.000214591
0.000214591
0.000214591
0.000214591
0.000214591
0.000212852
0.000208442
0.000208442
0.000204805
0.000204805
0.000204805
0.000204805
0.000199766
0.000199766
0.000199766
0.000199759
0.000199759
0.000199759
0.000197877
0.000197877
0.000194228
0.000194228
0.000188922
0.000188922
0.000188922
0.000186597
0.000186597
0.000185106
0.000185106
0.000185106
0.000184085
0.000183006
0.000181337
0.000181337
0.000181337
0.000181337
0.000177649
0.000176141
0.000176141
0.000176141
0.000176141
0.000175023
0.000173576
0.000172601
0.000172601
0.00017091
0.00016972
0.00016972
0.000167552
0.000162026
0.000161436
0.000161436
0.000161436
0.000161436
0.000161436
0.000161436
0.000161436
0.000161436
0.000160629
0.000160511
0.000154991
0.000154991
0.000154991
0.000154991
0.000152597
0.000152423
0.000151769
0.000150715
0.000150609
0.000150609
0.000150609
0.00014915
0.00014671
0.00014671
0.00014671
0.00014671
0.000143537
0.000143002
0.000143002
0.000143002
0.00014258
0.00014258
0.00013916
0.000135857
0.000135857
0.000135716
0.000133782
0.000133782
0.000132982
0.000128169
0.000128169
0.000128169
0.000126816
0.000124757
0.000124757
0.000124757
0.000124757
0.000124757
0.000123853
0.000123447
0.000122867
0.000122867
0.000122725
0.000122725
0.000121829
0.000118426
0.00011803
0.000115953
0.000115953
0.000113248
0.000113248
0.000111488
0.000108764
0.000107074
0.00010415
0.000104117
0.000104117
0.000104117
0.000103291
0.000103291
0.000103291
0.000102739
9.91793e-005
9.91793e-005
9.58066e-005
9.3162e-005
9.3162e-005
9.3162e-005
9.3162e-005
9.3162e-005
9.3162e-005
9.3162e-005
9.3162e-005
9.31152e-005
9.31152e-005
9.31152e-005
9.31152e-005
9.31152e-005
9.24378e-005
9.24378e-005
9.24378e-005
9.24378e-005
9.24378e-005
8.774e-005
8.74455e-005
8.74455e-005
8.59973e-005
8.53691e-005
8.53691e-005
8.53691e-005
8.45908e-005
8.45908e-005
8.436e-005
8.436e-005
8.436e-005
8.436e-005
8.436e-005
8.36843e-005
8.36843e-005
8.36843e-005
8.36843e-005
8.36843e-005
8.36843e-005
8.36843e-005
8.27984e-005
8.27984e-005
8.27984e-005
8.15773e-005
8.06644e-005
8.06644e-005
8.06644e-005
7.9442e-005
7.9442e-005
7.9442e-005
7.9442e-005
7.9442e-005
7.9442e-005
7.9442e-005
7.9442e-005
7.9442e-005
7.79075e-005
7.73477e-005
7.50892e-005
7.50892e-005
7.50892e-005
7.50851e-005
7.50851e-005
7.50851e-005
7.34777e-005
7.34777e-005
7.34777e-005
7.33967e-005
7.33967e-005
7.33967e-005
7.33967e-005
7.33967e-005
7.33967e-005
7.33967e-005
7.33967e-005
7.20961e-005
7.10843e-005
7.08131e-005
7.08131e-005
7.08131e-005
7.04411e-005
7.00875e-005
6.94498e-005
6.94498e-005
6.87271e-005
6.87271e-005
6.87271e-005
6.87271e-005
6.77019e-005
6.77019e-005
6.76197e-005
6.76197e-005
6.72464e-005
6.72464e-005
6.72464e-005
6.66285e-005
6.65145e-005
6.65145e-005
6.65145e-005
6.65145e-005
6.64091e-005
6.64091e-005
6.64091e-005
6.63244e-005
6.63244e-005
6.63244e-005
6.45343e-005
6.32606e-005
6.32606e-005
6.32606e-005
6.32606e-005
6.28781e-005
6.28781e-005
6.27254e-005
6.27254e-005
6.15736e-005
5.99058e-005
5.99058e-005
5.9832e-005
5.9832e-005
5.88675e-005
5.88675e-005
5.86229e-005
5.78399e-005
5.78399e-005
5.77732e-005
5.77732e-005
5.77732e-005
5.77732e-005
5.77732e-005
5.67431e-005
5.57276e-005
5.57276e-005
5.56555e-005
5.56555e-005
5.56555e-005
5.52326e-005
5.49199e-005
5.49199e-005
5.38395e-005
5.31728e-005
5.31688e-005
5.28947e-005
5.28947e-005
5.1728e-005
5.1728e-005
5.1728e-005
5.1728e-005
5.10045e-005
5.10045e-005
5.01552e-005
4.97931e-005
4.95537e-005
4.95537e-005
4.95537e-005
4.95537e-005
4.90359e-005
4.88352e-005
4.88352e-005
4.88219e-005
4.8792e-005
4.76393e-005
4.67726e-005
4.65917e-005
4.64992e-005
4.5339e-005
4.49157e-005
4.49157e-005
4.39287e-005
4.39287e-005
4.39287e-005
4.39287e-005
4.35639e-005
4.30505e-005
4.30505e-005
4.30505e-005
4.30505e-005
4.30505e-005
4.30505e-005
4.28691e-005
4.28691e-005
4.28691e-005
4.27886e-005
4.27886e-005
4.27886e-005
4.27886e-005
4.27886e-005
4.27886e-005
4.27886e-005
4.18059e-005
4.18059e-005
4.18059e-005
4.18059e-005
4.18059e-005
4.18059e-005
4.08498e-005
4.08498e-005
4.08498e-005
4.01651e-005
3.9864e-005
3.9864e-005
3.9864e-005
3.9864e-005
3.9864e-005
3.9864e-005
3.9864e-005
3.9864e-005
3.9864e-005
3.9864e-005
3.9864e-005
3.9864e-005
3.9864e-005
3.93192e-005
3.85911e-005
3.78379e-005
3.78379e-005
3.78379e-005
3.75766e-005
3.71897e-005
3.61654e-005
3.61654e-005
3.61654e-005
3.61654e-005
3.61654e-005
3.61654e-005
3.61529e-005
3.59101e-005
3.59101e-005
3.59101e-005
3.59101e-005
3.59101e-005
3.59101e-005
3.59101e-005
3.59101e-005
3.50244e-005
3.50244e-005
3.50244e-005
3.50244e-005
3.50244e-005
3.50244e-005
3.44918e-005
3.44918e-005
3.44918e-005
3.44918e-005
3.44918e-005
3.44918e-005
3.44918e-005
3.44918e-005
3.44918e-005
3.44918e-005
3.44918e-005
3.44918e-005
3.44918e-005
3.44918e-005
3.44918e-005
3.38525e-005
3.38525e-005
3.38498e-005
3.38498e-005
3.21788e-005
3.18421e-005
3.18421e-005
3.18421e-005
3.1546e-005
3.02468e-005
3.02468e-005
2.98153e-005
2.98153e-005
2.95765e-005
2.95765e-005
2.84237e-005
2.84237e-005
2.84237e-005
2.84237e-005
2.84237e-005
2.83553e-005
2.81537e-005
2.81537e-005
2.77847e-005
2.77847e-005
2.77597e-005
2.77597e-005
2.77597e-005
2.77597e-005
2.77264e-005
2.77264e-005
2.77264e-005
2.77264e-005
2.77264e-005
2.77264e-005
2.77264e-005
2.77264e-005
2.77264e-005
2.77264e-005
2.77264e-005
2.7394e-005
2.7394e-005
2.57332e-005
2.51406e-005
2.51406e-005
2.51406e-005
2.51406e-005
2.49571e-005
2.48818e-005
2.48818e-005
2.48506e-005
2.48506e-005
2.45917e-005
2.45917e-005
2.45917e-005
2.42709e-005
2.42709e-005
2.39282e-005
2.39282e-005
2.38664e-005
2.38664e-005
2.38664e-005
2.32677e-005
2.32677e-005
2.32677e-005
2.32677e-005
2.32369e-005
2.32369e-005
2.27055e-005
2.27055e-005
2.25579e-005
2.25124e-005
2.25124e-005
2.21411e-005
2.21098e-005
2.21098e-005
2.21098e-005
2.21098e-005
2.21098e-005
2.21098e-005
2.21098e-005
2.21098e-005
2.21098e-005
2.21098e-005
2.1962e-005
2.1962e-005
2.1962e-005
2.1962e-005
2.1962e-005
2.1962e-005
2.1962e-005
2.17142e-005
2.17142e-005
2.17142e-005
2.17142e-005
2.17142e-005
2.15353e-005
2.12997e-005
2.12997e-005
2.12997e-005
2.12997e-005
2.12912e-005
2.05311e-005
2.05311e-005
2.05311e-005
2.05311e-005
2.05311e-005
2.05311e-005
2.05311e-005
2.02703e-005
2.02703e-005
2.02703e-005
2.02703e-005
2.02703e-005
2.02703e-005
2.02703e-005
2.02703e-005
1.96013e-005
1.95777e-005
1.93926e-005
1.93926e-005
1.90384e-005
1.90384e-005
1.90384e-005
1.90384e-005
1.90384e-005
1.85584e-005
1.85584e-005
1.83811e-005
1.83811e-005
1.83811e-005
1.82399e-005
1.82399e-005
1.82399e-005
1.82399e-005
1.82399e-005
1.80916e-005
1.80916e-005
1.80916e-005
1.80916e-005
1.80916e-005
1.80916e-005
1.80916e-005
1.80916e-005
1.80916e-005
1.80916e-005
1.80642e-005
1.80642e-005
1.80642e-005
1.80642e-005
1.80642e-005
1.76851e-005
1.76851e-005
1.73297e-005
1.70836e-005
1.68823e-005
1.68823e-005
1.68823e-005
1.68823e-005
1.68823e-005
1.68823e-005
1.67686e-005
1.67686e-005
1.65886e-005
1.65886e-005
1.65886e-005
1.64421e-005
1.61311e-005
1.60348e-005
1.60348e-005
1.60348e-005
1.60348e-005
1.60348e-005
1.60348e-005
1.60348e-005
1.60348e-005
1.60348e-005
1.60348e-005
1.60348e-005
1.60348e-005
1.60348e-005
1.60348e-005
1.60348e-005
1.60348e-005
1.60348e-005
1.60348e-005
1.54781e-005
1.54781e-005
1.54781e-005
1.52354e-005
1.52354e-005
1.52354e-005
1.50505e-005
1.50505e-005
1.50505e-005
1.50505e-005
1.50505e-005
1.50505e-005
1.50505e-005
1.4931e-005
1.4931e-005
1.4931e-005
1.4931e-005
1.4931e-005
1.4931e-005
1.4931e-005
1.4931e-005
1.4931e-005
1.4931e-005
1.4931e-005
1.4931e-005
1.4931e-005
1.4931e-005
1.47874e-005
1.44695e-005
1.44695e-005
1.44695e-005
1.44695e-005
1.41577e-005
1.41025e-005
1.41025e-005
1.38474e-005
1.38474e-005
1.38474e-005
1.38474e-005
1.38313e-005
1.38313e-005
1.38313e-005
1.38313e-005
1.38313e-005
1.38313e-005
1.38313e-005
1.38313e-005
1.38313e-005
1.38313e-005
1.3523e-005
1.3523e-005
1.3523e-005
1.3523e-005
1.3523e-005
1.3523e-005
1.3523e-005
1.3523e-005
1.34365e-005
1.34365e-005
1.33714e-005
1.33714e-005
1.33714e-005
1.33714e-005
1.33714e-005
1.33714e-005
1.32357e-005
1.32357e-005
1.29107e-005
1.29107e-005
1.29107e-005
1.29107e-005
1.29107e-005
1.29107e-005
1.29107e-005
1.29107e-005
1.29107e-005
1.29107e-005
1.29107e-005
1.29107e-005
1.27976e-005
1.27976e-005
1.25061e-005
1.25061e-005
1.25061e-005
1.25061e-005
1.24852e-005
1.24852e-005
1.24852e-005
1.24385e-005
1.24385e-005
1.24385e-005
1.24385e-005
1.22192e-005
1.22192e-005
1.15876e-005
1.15876e-005
1.15876e-005
1.15876e-005
1.12375e-005
1.12375e-005
1.12375e-005
1.12375e-005
1.12375e-005
1.11255e-005
1.11255e-005
1.11255e-005
1.11255e-005
1.11255e-005
1.11255e-005
1.11255e-005
1.11255e-005
1.11255e-005
1.10321e-005
1.10321e-005
1.10321e-005
1.10321e-005
1.10321e-005
1.08718e-005
1.08718e-005
1.08718e-005
1.08718e-005
1.08718e-005
1.0833e-005
1.0833e-005
1.0833e-005
1.0833e-005
1.0833e-005
1.0833e-005
1.0833e-005
1.08136e-005
1.08136e-005
1.08136e-005
1.06505e-005
