1	200	353.157
2	300	210.344
3	400	99.6777
4	500	28.9089
5	600	28.9089
6	700	8.91445
7	800	6.43863
8	900	4.81829
9	1000	4.81829
10	1100	4.81829
11	1200	3.6961
12	1300	3.48673
13	1400	2.74254
14	1500	2.74254
15	1600	2.74254
16	1700	2.74254
17	1800	1.9236
18	1900	1.9236
19	2000	1.9236
20	2100	0.973308
21	2200	0.973308
22	2300	0.970427
23	2400	0.970427
24	2500	0.889252
25	2600	0.752809
26	2700	0.688491
27	2800	0.68561
28	2900	0.68561
29	3000	0.68561
30	3100	0.684535
31	3200	0.684535
32	3300	0.684535
33	3400	0.684535
34	3500	0.684535
35	3600	0.684535
36	3700	0.684535
37	3800	0.684535
38	3900	0.654117
39	4000	0.654117
40	4100	0.654117
41	4200	0.360427
42	4300	0.360427
43	4400	0.360427
44	4500	0.333915
45	4600	0.333915
46	4700	0.333915
47	4800	0.333915
48	4900	0.333915
49	5000	0.113953
50	5100	0.113953
51	5200	0.113953
52	5300	0.113953
53	5400	0.113953
54	5500	0.113953
55	5600	0.113953
56	5700	0.113953
57	5800	0.113953
58	5900	0.113953
59	6000	0.113953
60	6100	0.113953
61	6200	0.113953
62	6300	0.108273
63	6400	0.108273
64	6500	0.108273
65	6600	0.108273
66	6700	0.108273
67	6800	0.108273
68	6900	0.108273
69	7000	0.108273
70	7100	0.108273
71	7200	0.108273
72	7300	0.108273
73	7400	0.108273
74	7500	0.108273
75	7600	0.108273
76	7700	0.108273
77	7800	0.108273
78	7900	0.108273
79	8000	0.108273
80	8100	0.108273
81	8200	0.108273
82	8300	0.108273
83	8400	0.108273
84	8500	0.108273
85	8600	0.108273
86	8700	0.108273
87	8800	0.108273
88	8900	0.108273
89	9000	0.108273
90	9100	0.108273
91	9200	0.108273
92	9300	0.108273
93	9400	0.108273
94	9500	0.108273
95	9600	0.106845
96	9700	0.106845
97	9800	0.106845
98	9900	0.106845
99	10000	0.106845
100	10100	0.106845
101	10200	0.106845
102	10300	0.0972841
103	10400	0.0972841
104	10500	0.0972841
105	10600	0.0972841
106	10700	0.0972841
107	10800	0.0972841
108	10900	0.0972841
109	11000	0.0972841
110	11100	0.0972841
111	11200	0.0972841
112	11300	0.0972841
113	11400	0.0972841
114	11500	0.0972841
115	11600	0.0972841
116	11700	0.0972841
117	11800	0.0972841
118	11900	0.0972841
119	12000	0.0972841
120	12100	0.0972841
121	12200	0.0972841
122	12300	0.0972841
123	12400	0.0826134
124	12500	0.0826134
125	12600	0.0826134
126	12700	0.0762565
127	12800	0.0762565
128	12900	0.0762565
129	13000	0.0762565
130	13100	0.0762565
131	13200	0.0762565
132	13300	0.0762565
133	13400	0.0762565
134	13500	0.0762565
135	13600	0.0762565
136	13700	0.0762565
137	13800	0.0725246
138	13900	0.0706606
139	14000	0.0706606
140	14100	0.0706606
141	14200	0.0706606
142	14300	0.0706606
143	14400	0.0706606
144	14500	0.0704275
145	14600	0.0704275
146	14700	0.0704275
147	14800	0.0704275
148	14900	0.0704275
149	15000	0.0704275
150	15100	0.0704275
151	15200	0.0704275
152	15300	0.0704275
153	15400	0.0704275
154	15500	0.0704275
155	15600	0.0704275
156	15700	0.0704275
157	15800	0.0704275
158	15900	0.0704275
159	16000	0.0704275
160	16100	0.0564686
161	16200	0.0564686
162	16300	0.0564686
163	16400	0.0564686
164	16500	0.0563326
165	16600	0.0563326
166	16700	0.0563326
167	16800	0.0563326
168	16900	0.0563326
169	17000	0.0563326
170	17100	0.0563326
171	17200	0.0563326
172	17300	0.0563326
173	17400	0.0563326
174	17500	0.0563326
175	17600	0.0563326
176	17700	0.0563326
177	17800	0.0563326
178	17900	0.0563326
179	18000	0.0563326
180	18100	0.0563326
181	18200	0.0563326
182	18300	0.0563326
183	18400	0.0563326
184	18500	0.0557302
185	18600	0.0557302
186	18700	0.0557302
187	18800	0.0557302
188	18900	0.0557302
189	19000	0.0557302
190	19100	0.0557302
191	19200	0.0557302
192	19300	0.0557302
193	19400	0.0557302
194	19500	0.0557302
195	19600	0.0557302
196	19700	0.0557302
197	19800	0.0557302
198	19900	0.0557302
199	20000	0.0236174
200	20100	0.0236174
201	20200	0.0236174
202	20300	0.0236174
203	20400	0.0236174
204	20500	0.0210561
205	20600	0.0210561
206	20700	0.020902
207	20800	0.020902
208	20900	0.020902
209	21000	0.020902
210	21100	0.020902
211	21200	0.020902
212	21300	0.020902
213	21400	0.020902
214	21500	0.020902
215	21600	0.020902
216	21700	0.020902
217	21800	0.020902
218	21900	0.020902
219	22000	0.020902
220	22100	0.020902
221	22200	0.020902
222	22300	0.020902
223	22400	0.020902
224	22500	0.0110985
225	22600	0.0110985
226	22700	0.0110985
227	22800	0.0110985
228	22900	0.0110985
229	23000	0.0110985
230	23100	0.0110985
231	23200	0.0110985
232	23300	0.0110985
233	23400	0.0110985
234	23500	0.0110985
235	23600	0.0110985
236	23700	0.0110985
237	23800	0.0110985
238	23900	0.0110985
239	24000	0.0110985
240	24100	0.0110985
241	24200	0.0110985
242	24300	0.0110985
243	24400	0.0110985
244	24500	0.0110985
245	24600	0.0110985
246	24700	0.0110985
247	24800	0.0078573
248	24900	0.0078573
249	25000	0.0078573
250	25100	0.0078573
251	25200	0.0078573
252	25300	0.0078573
253	25400	0.0078573
254	25500	0.00337564
255	25600	0.00337564
256	25700	0.00337564
257	25800	0.00337564
258	25900	0.00337564
259	26000	0.00337564
260	26100	0.00337564
261	26200	0.00337564
262	26300	0.00337564
263	26400	0.00337564
264	26500	0.00337564
265	26600	0.00337564
266	26700	0.00337564
267	26800	0.00337564
268	26900	0.00337564
269	27000	0.00337564
270	27100	0.00337564
271	27200	0.00337564
272	27300	0.00337564
273	27400	0.00337564
274	27500	0.00337564
275	27600	0.00337564
276	27700	0.00337564
277	27800	0.00337564
278	27900	0.00337564
279	28000	0.00337564
280	28100	0.00337564
281	28200	0.00337564
282	28300	0.00337564
283	28400	0.00337564
284	28500	0.00337564
285	28600	0.00190949
286	28700	0.00190949
287	28800	0.00190949
288	28900	0.00190949
289	29000	0.00190949
290	29100	0.00190949
291	29200	0.00190949
292	29300	0.0014774
293	29400	0.0014774
294	29500	0.0014774
295	29600	0.0014774
296	29700	0.0014774
297	29800	0.0014774
298	29900	0.0014774
299	30000	0.0014774
300	30100	0.0014774
301	30200	0.0014774
302	30300	0.0014774
303	30400	0.0014774
304	30500	0.0014774
305	30600	0.0014774
306	30700	0.0014774
307	30800	0.0014774
308	30900	0.0014774
309	31000	0.0014774
310	31100	0.0014774
311	31200	0.0014774
312	31300	0.0014774
313	31400	0.0014774
314	31500	0.0014774
315	31600	0.0014774
316	31700	0.0014774
317	31800	0.0014774
318	31900	0.0014774
319	32000	0.0014774
320	32100	0.0014774
321	32200	0.0014774
322	32300	0.0014774
323	32400	0.0014774
324	32500	0.0014774
325	32600	0.0014774
326	32700	0.0014774
327	32800	0.0014774
328	32900	0.0014774
329	33000	0.0014774
330	33100	0.0014774
331	33200	0.0014774
332	33300	0.0014774
333	33400	0.0014774
334	33500	0.0014774
335	33600	0.0014774
336	33700	0.0014774
337	33800	0.0014774
338	33900	0.0014774
339	34000	0.0014774
340	34100	0.0014774
341	34200	0.0014774
342	34300	0.0014774
343	34400	0.0014774
344	34500	0.0014774
345	34600	0.0014774
346	34700	0.0014774
347	34800	0.0014774
348	34900	0.0014774
349	35000	0.0014774
350	35100	0.0014774
351	35200	0.0014774
352	35300	0.0014774
353	35400	0.0014774
354	35500	0.0014774
355	35600	0.0014774
356	35700	0.0014774
357	35800	0.0014774
358	35900	0.00138411
359	36000	0.00138411
360	36100	0.00138411
361	36200	0.00138411
362	36300	0.00138411
363	36400	0.00138411
364	36500	0.00138411
365	36600	0.00138411
366	36700	0.00138411
367	36800	0.00138411
368	36900	0.00138411
369	37000	0.00138411
370	37100	0.00138411
371	37200	0.00138411
372	37300	0.00138411
373	37400	0.00138411
374	37500	0.00138411
375	37600	0.00138411
376	37700	0.00138411
377	37800	0.00138411
378	37900	0.00138411
379	38000	0.00138411
380	38100	0.00138411
381	38200	0.00138411
382	38300	0.00138411
383	38400	0.00138411
384	38500	0.00138411
385	38600	0.00138411
386	38700	0.00138411
387	38800	0.00138411
388	38900	0.00138411
389	39000	0.00138411
390	39100	0.00138411
391	39200	0.00138411
392	39300	0.00138411
393	39400	0.00138411
394	39500	0.00138411
395	39600	0.00138411
396	39700	0.00138411
397	39800	0.00138411
398	39900	0.00138411
399	40000	0.00138411
400	40100	0.00138411
401	40200	0.00138411
402	40300	0.00138411
403	40400	0.00138411
404	40500	0.00138411
405	40600	0.00138411
406	40700	0.00138411
407	40800	0.00138411
408	40900	0.00138411
409	41000	0.00138411
410	41100	0.00138411
411	41200	0.00138411
412	41300	0.00138411
413	41400	0.00138411
414	41500	0.00138411
415	41600	0.00138411
416	41700	0.00138411
417	41800	0.00138411
418	41900	0.00138411
419	42000	0.00138411
420	42100	0.00138411
421	42200	0.00138411
422	42300	0.00138411
423	42400	0.00138411
424	42500	0.00138411
425	42600	0.00138411
426	42700	0.00138411
427	42800	0.00138411
428	42900	0.00138411
429	43000	0.00138411
430	43100	0.00138411
431	43200	0.00138411
432	43300	0.00138411
433	43400	0.00138411
434	43500	0.00138411
435	43600	0.00138411
436	43700	0.00138411
437	43800	0.00138411
438	43900	0.00138411
439	44000	0.00138411
440	44100	0.00138411
441	44200	0.00138411
442	44300	0.00138411
443	44400	0.00138411
444	44500	0.00138411
445	44600	0.00138411
446	44700	0.00138411
447	44800	0.00138411
448	44900	0.00138411
449	45000	0.00138411
450	45100	0.00138411
451	45200	0.00138411
452	45300	0.00138411
453	45400	0.00138411
454	45500	0.00138411
455	45600	0.00138411
456	45700	0.00138411
457	45800	0.00138411
458	45900	0.00138411
459	46000	0.0011595
460	46100	0.0011595
461	46200	0.0011595
462	46300	0.0011595
463	46400	0.0011595
464	46500	0.0011595
465	46600	0.0011595
466	46700	0.0011595
467	46800	0.0011595
468	46900	0.0011595
469	47000	0.0011595
470	47100	0.0011595
471	47200	0.0011595
472	47300	0.0011595
473	47400	0.0011595
474	47500	0.0011595
475	47600	0.0011595
476	47700	0.0011595
477	47800	0.0011595
478	47900	0.0011595
479	48000	0.0011595
480	48100	0.0011595
481	48200	0.0011595
482	48300	0.0011595
483	48400	0.0011595
484	48500	0.0011595
485	48600	0.0011595
486	48700	0.0011595
487	48800	0.0011595
488	48900	0.0011595
489	49000	0.0011595
490	49100	0.0011595
491	49200	0.0011595
492	49300	0.0011595
493	49400	0.0011595
494	49500	0.0011595
495	49600	0.0011595
496	49700	0.0011595
497	49800	0.0011595
498	49900	0.00103525
499	50000	0.00103525
500	50100	0.00103525
501	50200	0.00103525
502	50300	0.00103525
503	50400	0.00103525
504	50500	0.00103525
505	50600	0.00103525
506	50700	0.00103525
507	50800	0.00103525
508	50900	0.00103525
509	51000	0.00103525
510	51100	0.00103525
511	51200	0.00103525
512	51300	0.00103525
513	51400	0.00103525
514	51500	0.00103525
515	51600	0.00103525
516	51700	0.00103525
517	51800	0.00103525
518	51900	0.00103525
519	52000	0.00103525
520	52100	0.00103525
521	52200	0.00102915
522	52300	0.00102915
523	52400	0.00102915
524	52500	0.00102915
525	52600	0.00102915
526	52700	0.00102915
527	52800	0.00102915
528	52900	0.00102915
529	53000	0.00102915
530	53100	0.00102915
531	53200	0.00102915
532	53300	0.00102915
533	53400	0.00102915
534	53500	0.00102915
535	53600	0.00102915
536	53700	0.00102915
537	53800	0.00102915
538	53900	0.00102915
539	54000	0.00102915
540	54100	0.00102915
541	54200	0.00102915
542	54300	0.00102915
543	54400	0.00102915
544	54500	0.00102915
545	54600	0.00102915
546	54700	0.00102915
547	54800	0.00102915
548	54900	0.00102915
549	55000	0.00102915
550	55100	0.00102915
551	55200	0.00102915
552	55300	0.00102915
553	55400	0.00102915
554	55500	0.00102915
555	55600	0.00102915
556	55700	0.00102915
557	55800	0.00102915
558	55900	0.00102915
559	56000	0.00102915
560	56100	0.00102915
561	56200	0.00102915
562	56300	0.00102915
563	56400	0.00102915
564	56500	0.00102915
565	56600	0.00102915
566	56700	0.00102915
567	56800	0.00102915
568	56900	0.00102915
569	57000	0.00102915
570	57100	0.00100449
571	57200	0.00100449
572	57300	0.00100449
573	57400	0.00100449
574	57500	0.00100449
575	57600	0.00100449
576	57700	0.00100449
577	57800	0.00100449
578	57900	0.00100449
579	58000	0.00100449
580	58100	0.00100449
581	58200	0.00100449
582	58300	0.00100449
583	58400	0.00100449
584	58500	0.00100449
585	58600	0.00100449
586	58700	0.00100449
587	58800	0.00100449
588	58900	0.00100449
589	59000	0.00100449
590	59100	0.00100449
591	59200	0.00100449
592	59300	0.00100449
593	59400	0.00100449
594	59500	0.00100449
595	59600	0.00100449
596	59700	0.00100449
597	59800	0.00100449
598	59900	0.00100449
599	60000	0.00100449
600	60100	0.00100449
601	60200	0.00100449
602	60300	0.00100449
603	60400	0.00100449
604	60500	0.00100449
605	60600	0.00100449
606	60700	0.00100449
607	60800	0.00100449
608	60900	0.00100449
609	61000	0.00100449
610	61100	0.00100449
611	61200	0.00100449
612	61300	0.00100449
613	61400	0.00100449
614	61500	0.00100449
615	61600	0.00100449
616	61700	0.00100449
617	61800	0.00100449
618	61900	0.00100449
619	62000	0.00100449
620	62100	0.00100449
621	62200	0.00100449
622	62300	0.00100449
623	62400	0.00100449
624	62500	0.000988479
625	62600	0.000988479
626	62700	0.000988479
627	62800	0.000988479
628	62900	0.000988479
629	63000	0.000988479
630	63100	0.000988479
631	63200	0.000988479
632	63300	0.000988479
633	63400	0.000988479
634	63500	0.000988479
635	63600	0.000988479
636	63700	0.000988479
637	63800	0.000988479
638	63900	0.000988479
639	64000	0.000988479
640	64100	0.000988479
641	64200	0.000988479
642	64300	0.000988479
643	64400	0.000988479
644	64500	0.000988479
645	64600	0.000988479
646	64700	0.000988479
647	64800	0.000988479
648	64900	0.000988479
649	65000	0.000988479
650	65100	0.000988479
651	65200	0.000988479
652	65300	0.000988479
653	65400	0.000988479
654	65500	0.000988479
655	65600	0.000988479
656	65700	0.000988479
657	65800	0.000988479
658	65900	0.000988479
659	66000	0.000988479
660	66100	0.000988479
661	66200	0.000988479
662	66300	0.000988479
663	66400	0.000988479
664	66500	0.000988479
665	66600	0.000988479
666	66700	0.000988479
667	66800	0.000988479
668	66900	0.000988479
669	67000	0.000775187
670	67100	0.000775187
671	67200	0.000775187
672	67300	0.000775187
673	67400	0.000775187
674	67500	0.000775187
675	67600	0.000775187
676	67700	0.000775187
677	67800	0.000775187
678	67900	0.000775187
679	68000	0.000775187
680	68100	0.000775187
681	68200	0.000775187
682	68300	0.000775187
683	68400	0.000775187
684	68500	0.000775187
685	68600	0.000775187
686	68700	0.000775187
687	68800	0.000775187
688	68900	0.000775187
689	69000	0.000775187
690	69100	0.000775187
691	69200	0.000775187
692	69300	0.000775187
693	69400	0.000775187
694	69500	0.000775187
695	69600	0.000775187
696	69700	0.000775187
697	69800	0.000775187
698	69900	0.000775187
699	70000	0.000775187
700	70100	0.000775187
701	70200	0.000775187
702	70300	0.000775187
703	70400	0.000775187
704	70500	0.000775187
705	70600	0.000775187
706	70700	0.000775187
707	70800	0.000775187
708	70900	0.000775187
709	71000	0.000775187
710	71100	0.000775187
711	71200	0.000775187
712	71300	0.000775187
713	71400	0.000775187
714	71500	0.000775187
715	71600	0.000775187
716	71700	0.000775187
717	71800	0.000775187
718	71900	0.000775187
719	72000	0.000775187
720	72100	0.000775187
721	72200	0.000775187
722	72300	0.000775187
723	72400	0.000775187
724	72500	0.000775187
725	72600	0.000775187
726	72700	0.000775187
727	72800	0.000775187
728	72900	0.000775187
729	73000	0.000775187
730	73100	0.000775187
731	73200	0.000775187
732	73300	0.000775187
733	73400	0.000775187
734	73500	0.000775187
735	73600	0.000775187
736	73700	0.000775187
737	73800	0.000775187
738	73900	0.000775187
739	74000	0.000775187
740	74100	0.000775187
741	74200	0.000775187
742	74300	0.000775187
743	74400	0.000775187
744	74500	0.000775187
745	74600	0.000775187
746	74700	0.000775187
747	74800	0.000775187
748	74900	0.000775187
749	75000	0.000775187
750	75100	0.000775187
751	75200	0.000775187
752	75300	0.000775187
753	75400	0.000775187
754	75500	0.000775187
755	75600	0.000775187
756	75700	0.000775187
757	75800	0.000775187
758	75900	0.000775187
759	76000	0.000775187
760	76100	0.000775187
761	76200	0.000775187
762	76300	0.000775187
763	76400	0.000775187
764	76500	0.000775187
765	76600	0.000775187
766	76700	0.000775187
767	76800	0.000775187
768	76900	0.000775187
769	77000	0.000775187
770	77100	0.000775187
771	77200	0.000775187
772	77300	0.000775187
773	77400	0.000775187
774	77500	0.000775187
775	77600	0.000775187
776	77700	0.000775187
777	77800	0.000775187
778	77900	0.000775187
779	78000	0.000775187
780	78100	0.000775187
781	78200	0.000775187
782	78300	0.000775187
783	78400	0.000729515
784	78500	0.000729515
785	78600	0.000729515
786	78700	0.000729515
787	78800	0.000729515
788	78900	0.000729515
789	79000	0.000729515
790	79100	0.000729515
791	79200	0.000729515
792	79300	0.000729515
793	79400	0.000729515
794	79500	0.000729515
795	79600	0.000729515
796	79700	0.000729515
797	79800	0.000729515
798	79900	0.000729515
799	80000	0.000729515
800	80100	0.000729515
801	80200	0.000729515
802	80300	0.000729515
803	80400	0.000729515
804	80500	0.000729515
805	80600	0.000729515
806	80700	0.000729515
807	80800	0.000729515
808	80900	0.000729515
809	81000	0.000729515
810	81100	0.000729515
811	81200	0.000729515
812	81300	0.000729515
813	81400	0.000729515
814	81500	0.000729515
815	81600	0.000729515
816	81700	0.000729515
817	81800	0.000729515
818	81900	0.000729515
819	82000	0.000729515
820	82100	0.000729515
821	82200	0.000729515
822	82300	0.000729515
823	82400	0.000729515
824	82500	0.000729515
825	82600	0.000729515
826	82700	0.000729515
827	82800	0.000729515
828	82900	0.000729515
829	83000	0.000729515
830	83100	0.000729515
831	83200	0.000729515
832	83300	0.000729515
833	83400	0.000729515
834	83500	0.000729515
835	83600	0.000729515
836	83700	0.000729515
837	83800	0.000729515
838	83900	0.000729515
839	84000	0.000729515
840	84100	0.000729515
841	84200	0.000729515
842	84300	0.000729515
843	84400	0.000729515
844	84500	0.000729515
845	84600	0.000718331
846	84700	0.000718331
847	84800	0.000718331
848	84900	0.000718331
849	85000	0.000718331
850	85100	0.000718331
851	85200	0.000718331
852	85300	0.000718331
853	85400	0.000718331
854	85500	0.000718331
855	85600	0.000718331
856	85700	0.000718331
857	85800	0.000718331
858	85900	0.000718331
859	86000	0.000718331
860	86100	0.000718331
861	86200	0.000718331
862	86300	0.000718331
863	86400	0.000718331
864	86500	0.000718331
865	86600	0.000718331
866	86700	0.000718331
867	86800	0.000718331
868	86900	0.000718331
869	87000	0.000718331
870	87100	0.000718331
871	87200	0.000718331
872	87300	0.000718331
873	87400	0.000718331
874	87500	0.000718331
875	87600	0.000718331
876	87700	0.000718331
877	87800	0.000718331
878	87900	0.000718331
879	88000	0.000718331
880	88100	0.000718331
881	88200	0.000718331
882	88300	0.000718331
883	88400	0.000718331
884	88500	0.000718331
885	88600	0.000718331
886	88700	0.000718331
887	88800	0.000718331
888	88900	0.000718331
889	89000	0.000718331
890	89100	0.000718331
891	89200	0.000718331
892	89300	0.000718331
893	89400	0.000718331
894	89500	0.000718331
895	89600	0.000718331
896	89700	0.000718331
897	89800	0.000718331
898	89900	0.000718331
899	90000	0.000718331
900	90100	0.000718331
901	90200	0.000718331
902	90300	0.000718331
903	90400	0.000718331
904	90500	0.000718331
905	90600	0.000718331
906	90700	0.000718331
907	90800	0.000718331
908	90900	0.000718331
909	91000	0.000718331
910	91100	0.000718331
911	91200	0.000718331
912	91300	0.000718331
913	91400	0.000718331
914	91500	0.000718331
915	91600	0.000718331
916	91700	0.000718331
917	91800	0.000718331
918	91900	0.000718331
919	92000	0.000718331
920	92100	0.000718331
921	92200	0.000718331
922	92300	0.000718331
923	92400	0.000718331
924	92500	0.000718331
925	92600	0.000718331
926	92700	0.000718331
927	92800	0.000718331
928	92900	0.000718331
929	93000	0.000718331
930	93100	0.000718331
931	93200	0.000718331
932	93300	0.000718331
933	93400	0.000718331
934	93500	0.000718331
935	93600	0.000718331
936	93700	0.000718331
937	93800	0.000718331
938	93900	0.000718331
939	94000	0.000718331
940	94100	0.000718331
941	94200	0.000718331
942	94300	0.000718331
943	94400	0.000718331
944	94500	0.000718331
945	94600	0.000718331
946	94700	0.000718331
947	94800	0.000718331
948	94900	0.000718331
949	95000	0.000718331
950	95100	0.000718331
951	95200	0.000718331
952	95300	0.000718331
953	95400	0.000718331
954	95500	0.000718331
955	95600	0.000718331
956	95700	0.000718331
957	95800	0.000717726
958	95900	0.000717726
959	96000	0.000717726
960	96100	0.000717726
961	96200	0.000717726
962	96300	0.000717726
963	96400	0.000717726
964	96500	0.000717726
965	96600	0.000717726
966	96700	0.000717726
967	96800	0.000717726
968	96900	0.000717726
969	97000	0.000717726
970	97100	0.000717726
971	97200	0.000717726
972	97300	0.000717726
973	97400	0.000717726
974	97500	0.000717726
975	97600	0.000717726
976	97700	0.000717726
977	97800	0.000717726
978	97900	0.000717726
979	98000	0.000717726
980	98100	0.000717726
981	98200	0.000717726
982	98300	0.000717726
983	98400	0.000717726
984	98500	0.000717726
985	98600	0.000717726
986	98700	0.000717726
987	98800	0.000717726
988	98900	0.000717726
989	99000	0.000717726
990	99100	0.000717726
991	99200	0.000717726
992	99300	0.000717726
993	99400	0.000717726
994	99500	0.000717726
995	99600	0.000717726
996	99700	0.000717726
997	99800	0.000717726
998	99900	0.000717726
999	100000	0.000717726
1000	100100	0.000717726
1001	100200	0.000717726
1002	100300	0.000717726
1003	100400	0.000717726
1004	100500	0.000717726
1005	100600	0.000717726
1006	100700	0.000717726
1007	100800	0.000717726
1008	100900	0.000717726
1009	101000	0.000717726
1010	101100	0.000717726
1011	101200	0.000717726
1012	101300	0.000717726
1013	101400	0.000717726
1014	101500	0.000717726
1015	101600	0.000717726
1016	101700	0.000717726
1017	101800	0.000717726
1018	101900	0.000717726
1019	102000	0.000717726
1020	102100	0.000717726
1021	102200	0.000717726
1022	102300	0.000717726
1023	102400	0.000717726
1024	102500	0.000717726
1025	102600	0.000717726
1026	102700	0.000717726
1027	102800	0.000717726
1028	102900	0.000717726
1029	103000	0.000717726
1030	103100	0.000717726
1031	103200	0.000717726
1032	103300	0.000717726
1033	103400	0.000717726
1034	103500	0.000717726
1035	103600	0.000717726
1036	103700	0.000717726
1037	103800	0.000717726
1038	103900	0.000717726
1039	104000	0.000717726
1040	104100	0.000717726
1041	104200	0.000717726
1042	104300	0.000717726
1043	104400	0.000717726
1044	104500	0.000717726
1045	104600	0.000717726
1046	104700	0.000717726
1047	104800	0.000717726
1048	104900	0.000717726
1049	105000	0.000717726
1050	105100	0.000717726
1051	105200	0.000717726
1052	105300	0.000717726
1053	105400	0.000717726
1054	105500	0.000717726
1055	105600	0.000717726
1056	105700	0.000717726
1057	105800	0.000717726
1058	105900	0.000717726
1059	106000	0.000717726
1060	106100	0.000717726
1061	106200	0.000717726
1062	106300	0.000717726
1063	106400	0.000717726
1064	106500	0.000717726
1065	106600	0.000717726
1066	106700	0.000717726
1067	106800	0.000717726
1068	106900	0.000717726
1069	107000	0.000717726
1070	107100	0.000717726
1071	107200	0.000717726
1072	107300	0.000717726
1073	107400	0.000717726
1074	107500	0.000717726
1075	107600	0.000717726
1076	107700	0.000717726
1077	107800	0.000717726
1078	107900	0.000717726
1079	108000	0.000717726
1080	108100	0.000717726
1081	108200	0.000717726
1082	108300	0.000717726
1083	108400	0.000717726
1084	108500	0.000717726
1085	108600	0.000717726
1086	108700	0.000717726
1087	108800	0.000717726
1088	108900	0.000717726
1089	109000	0.000717726
1090	109100	0.000717726
1091	109200	0.000717726
1092	109300	0.000717726
1093	109400	0.000717726
1094	109500	0.000717726
1095	109600	0.000717726
1096	109700	0.000717726
1097	109800	0.000717726
1098	109900	0.000717726
1099	110000	0.000717726
1100	110100	0.000717726
1101	110200	0.000717726
1102	110300	0.000717726
1103	110400	0.000717726
1104	110500	0.000717726
1105	110600	0.000717726
1106	110700	0.000717726
1107	110800	0.000717726
1108	110900	0.000717726
1109	111000	0.000717726
1110	111100	0.000717726
1111	111200	0.000717726
1112	111300	0.000717726
1113	111400	0.000717726
1114	111500	0.000717726
1115	111600	0.000717726
1116	111700	0.000717726
1117	111800	0.000717726
1118	111900	0.000717726
1119	112000	0.000717726
1120	112100	0.000717726
1121	112200	0.000717726
1122	112300	0.000717726
1123	112400	0.000717726
1124	112500	0.000717726
1125	112600	0.000717726
1126	112700	0.000717726
1127	112800	0.000717726
1128	112900	0.000717726
1129	113000	0.000717726
1130	113100	0.000717726
1131	113200	0.000717726
1132	113300	0.000717726
1133	113400	0.000717726
1134	113500	0.000717726
1135	113600	0.000717726
1136	113700	0.000717726
1137	113800	0.000717726
1138	113900	0.000717726
1139	114000	0.000717726
1140	114100	0.000717726
1141	114200	0.000717726
1142	114300	0.000717726
1143	114400	0.000717726
1144	114500	0.000717726
1145	114600	0.000717726
1146	114700	0.000717726
1147	114800	0.000717726
1148	114900	0.000717726
1149	115000	0.000717726
1150	115100	0.000717726
1151	115200	0.000717726
1152	115300	0.000717726
1153	115400	0.000717726
1154	115500	0.000717726
1155	115600	0.000717726
1156	115700	0.000717726
1157	115800	0.000717726
1158	115900	0.000717726
1159	116000	0.000717726
1160	116100	0.000717726
1161	116200	0.000717726
1162	116300	0.000717726
1163	116400	0.000717726
1164	116500	0.000717726
1165	116600	0.000717726
1166	116700	0.000717726
1167	116800	0.000717726
1168	116900	0.000717726
1169	117000	0.000717726
1170	117100	0.000717726
1171	117200	0.000717726
1172	117300	0.000717726
1173	117400	0.000717726
1174	117500	0.000717726
1175	117600	0.000717726
1176	117700	0.000717726
1177	117800	0.000717726
1178	117900	0.000717726
1179	118000	0.000717726
1180	118100	0.000717726
1181	118200	0.000717726
1182	118300	0.000717726
1183	118400	0.000717726
1184	118500	0.000717726
1185	118600	0.000717726
1186	118700	0.000717726
1187	118800	0.000717726
1188	118900	0.000717726
1189	119000	0.000717726
1190	119100	0.000717726
1191	119200	0.000717726
1192	119300	0.000717726
1193	119400	0.000717726
1194	119500	0.000717726
1195	119600	0.000717726
1196	119700	0.000717726
1197	119800	0.000717726
1198	119900	0.000717726
1199	120000	0.000717726
1200	120100	0.000717726
1201	120200	0.000717726
1202	120300	0.000717726
1203	120400	0.000717726
1204	120500	0.000717726
1205	120600	0.000717726
1206	120700	0.000717726
1207	120800	0.000717726
1208	120900	0.000717726
1209	121000	0.000717726
1210	121100	0.000717726
1211	121200	0.000717726
1212	121300	0.000717726
1213	121400	0.000717726
1214	121500	0.000717726
1215	121600	0.000717726
1216	121700	0.000717726
1217	121800	0.000717726
1218	121900	0.000717726
1219	122000	0.000601393
1220	122100	0.000601393
1221	122200	0.000601393
1222	122300	0.000601393
1223	122400	0.000601393
1224	122500	0.000601393
1225	122600	0.000601393
1226	122700	0.000601393
1227	122800	0.000601393
1228	122900	0.000601393
1229	123000	0.000601393
1230	123100	0.000601393
1231	123200	0.000601393
1232	123300	0.000601393
1233	123400	0.000601393
1234	123500	0.000601393
1235	123600	0.000601393
1236	123700	0.000601393
1237	123800	0.000601393
1238	123900	0.000601393
1239	124000	0.000601393
1240	124100	0.000601393
1241	124200	0.000601393
1242	124300	0.000601393
1243	124400	0.000601393
1244	124500	0.000601393
1245	124600	0.000601393
1246	124700	0.000601393
1247	124800	0.000601393
1248	124900	0.000601393
1249	125000	0.000601393
1250	125100	0.000601393
1251	125200	0.000601393
1252	125300	0.000601393
1253	125400	0.000601393
1254	125500	0.000601393
1255	125600	0.000601393
1256	125700	0.000601393
1257	125800	0.000601393
1258	125900	0.000601393
1259	126000	0.000601393
1260	126100	0.000601393
1261	126200	0.000601393
1262	126300	0.000601393
1263	126400	0.000601393
1264	126500	0.000601393
1265	126600	0.000601393
1266	126700	0.000601393
1267	126800	0.000601393
1268	126900	0.000601393
1269	127000	0.000601393
1270	127100	0.000601393
1271	127200	0.000601393
1272	127300	0.000601393
1273	127400	0.000601393
1274	127500	0.000601393
1275	127600	0.000601393
1276	127700	0.000601393
1277	127800	0.000601393
1278	127900	0.000601393
1279	128000	0.000601393
1280	128100	0.000601393
1281	128200	0.000601393
1282	128300	0.000601393
1283	128400	0.000601393
1284	128500	0.000601393
1285	128600	0.000433199
1286	128700	0.000433199
1287	128800	0.000433199
1288	128900	0.000433199
1289	129000	0.000433199
1290	129100	0.000433199
1291	129200	0.000433199
1292	129300	0.000433199
1293	129400	0.000433199
1294	129500	0.000433199
1295	129600	0.000433199
1296	129700	0.000433199
1297	129800	0.000433199
1298	129900	0.000433199
1299	130000	0.000433199
1300	130100	0.000433199
1301	130200	0.000433199
1302	130300	0.000433199
1303	130400	0.000433199
1304	130500	0.000433199
1305	130600	0.000433199
1306	130700	0.000433199
1307	130800	0.000433199
1308	130900	0.000433199
1309	131000	0.000433199
1310	131100	0.000433199
1311	131200	0.000433199
1312	131300	0.000433199
1313	131400	0.000433199
1314	131500	0.000433199
1315	131600	0.000433199
1316	131700	0.000433199
1317	131800	0.000433199
1318	131900	0.000433199
1319	132000	0.000433199
1320	132100	0.000433199
1321	132200	0.000433199
1322	132300	0.000433199
1323	132400	0.000433199
1324	132500	0.000395284
1325	132600	0.000395284
1326	132700	0.000395284
1327	132800	0.000395284
1328	132900	0.000395284
1329	133000	0.000395284
1330	133100	0.000395284
1331	133200	0.000395284
1332	133300	0.000395284
1333	133400	0.000395284
1334	133500	0.000395284
1335	133600	0.000395284
1336	133700	0.000395284
1337	133800	0.000395284
1338	133900	0.000395284
1339	134000	0.000395284
1340	134100	0.000395284
1341	134200	0.000395284
1342	134300	0.000395284
1343	134400	0.000395284
1344	134500	0.000395284
1345	134600	0.000395284
1346	134700	0.000395284
1347	134800	0.000395284
1348	134900	0.000395284
1349	135000	0.000395284
1350	135100	0.000395284
1351	135200	0.000395284
1352	135300	0.000395284
1353	135400	0.000395284
1354	135500	0.000395284
1355	135600	0.000395284
1356	135700	0.000395284
1357	135800	0.000395284
1358	135900	0.000395284
1359	136000	0.000395284
1360	136100	0.000395284
1361	136200	0.000395284
1362	136300	0.000395284
1363	136400	0.000395284
1364	136500	0.000395284
1365	136600	0.000395284
1366	136700	0.000395284
1367	136800	0.000395284
1368	136900	0.000395284
1369	137000	0.000395284
1370	137100	0.000395284
1371	137200	0.000395284
1372	137300	0.000395284
1373	137400	0.000395284
1374	137500	0.000395284
1375	137600	0.000395284
1376	137700	0.000395284
1377	137800	0.000395284
1378	137900	0.000395284
1379	138000	0.000395284
1380	138100	0.000395284
1381	138200	0.000395284
1382	138300	0.000395217
1383	138400	0.000395217
1384	138500	0.000395217
1385	138600	0.000395217
1386	138700	0.000395217
1387	138800	0.000395217
1388	138900	0.000395217
1389	139000	0.000395217
1390	139100	0.000395217
1391	139200	0.000395217
1392	139300	0.000395217
1393	139400	0.000395217
1394	139500	0.000395217
1395	139600	0.000395217
1396	139700	0.000395217
1397	139800	0.000395217
1398	139900	0.000395217
1399	140000	0.000395217
1400	140100	0.000395217
1401	140200	0.000395217
1402	140300	0.000395217
1403	140400	0.000395217
1404	140500	0.000395217
1405	140600	0.000395217
1406	140700	0.000395217
1407	140800	0.000395217
1408	140900	0.000395217
1409	141000	0.000395217
1410	141100	0.000395217
1411	141200	0.000395217
1412	141300	0.000395217
1413	141400	0.000395217
1414	141500	0.000395217
1415	141600	0.000395217
1416	141700	0.000395217
1417	141800	0.000395217
1418	141900	0.000395217
1419	142000	0.000395217
1420	142100	0.000395217
1421	142200	0.000386999
1422	142300	0.000386999
1423	142400	0.000386999
1424	142500	0.000386999
1425	142600	0.000386999
1426	142700	0.000386999
1427	142800	0.000386999
1428	142900	0.000386999
1429	143000	0.000386999
1430	143100	0.000386999
1431	143200	0.000386999
1432	143300	0.000386999
1433	143400	0.000386999
1434	143500	0.000386999
1435	143600	0.000386999
1436	143700	0.000386999
1437	143800	0.000386999
1438	143900	0.000386999
1439	144000	0.000386999
1440	144100	0.000386999
1441	144200	0.000386999
1442	144300	0.000386999
1443	144400	0.000386999
1444	144500	0.000386999
1445	144600	0.000386999
1446	144700	0.000386999
1447	144800	0.000386999
1448	144900	0.000386999
1449	145000	0.000386999
1450	145100	0.000386999
1451	145200	0.000386999
1452	145300	0.000386999
1453	145400	0.000386999
1454	145500	0.000386999
1455	145600	0.000386999
1456	145700	0.000386999
1457	145800	0.000386999
1458	145900	0.000386999
1459	146000	0.000386999
1460	146100	0.000386999
1461	146200	0.000386999
1462	146300	0.000386999
1463	146400	0.000386999
1464	146500	0.000386999
1465	146600	0.000386999
1466	146700	0.000386999
1467	146800	0.000386999
1468	146900	0.000386999
1469	147000	0.000386999
1470	147100	0.000386999
1471	147200	0.000386999
1472	147300	0.000386999
1473	147400	0.000386999
1474	147500	0.000386999
1475	147600	0.000386999
1476	147700	0.000386999
1477	147800	0.000386999
1478	147900	0.000386999
1479	148000	0.000386999
1480	148100	0.000386999
1481	148200	0.000386999
1482	148300	0.000386999
1483	148400	0.000386999
1484	148500	0.000386999
1485	148600	0.000386999
1486	148700	0.000386999
1487	148800	0.000386999
1488	148900	0.000386999
1489	149000	0.000386999
1490	149100	0.000386999
1491	149200	0.000386999
1492	149300	0.000386999
1493	149400	0.000386999
1494	149500	0.000386999
1495	149600	0.000386999
1496	149700	0.000386999
1497	149800	0.000386999
1498	149900	0.000386999
1499	150000	0.000386999
1500	150100	0.000386999
1501	150200	0.000386999
1502	150300	0.000386999
1503	150400	0.000386999
1504	150500	0.000386999
1505	150600	0.000386999
1506	150700	0.000386999
1507	150800	0.000386999
1508	150900	0.000386999
1509	151000	0.000386999
1510	151100	0.000386999
1511	151200	0.000386999
1512	151300	0.000386999
1513	151400	0.000386999
1514	151500	0.000386999
1515	151600	0.000386999
1516	151700	0.000386999
1517	151800	0.000386999
1518	151900	0.000386999
1519	152000	0.000386999
1520	152100	0.000386999
1521	152200	0.000386999
1522	152300	0.000386999
1523	152400	0.000386999
1524	152500	0.000376722
1525	152600	0.000376722
1526	152700	0.000282527
1527	152800	0.000272251
1528	152900	0.000272251
1529	153000	0.000272251
1530	153100	0.000272251
1531	153200	0.000272251
1532	153300	0.000272251
1533	153400	0.000272251
1534	153500	0.000272251
1535	153600	0.000272251
1536	153700	0.000272251
1537	153800	0.000272251
1538	153900	0.000272251
1539	154000	0.000272251
1540	154100	0.000272251
1541	154200	0.000272251
1542	154300	0.000272251
1543	154400	0.000272251
1544	154500	0.000272251
1545	154600	0.000203839
1546	154700	0.000203839
1547	154800	0.000203839
1548	154900	0.000203839
1549	155000	0.000203839
1550	155100	0.000203839
1551	155200	0.000203839
1552	155300	0.000203839
1553	155400	0.000203839
1554	155500	0.000203839
1555	155600	0.000203839
1556	155700	0.000203839
1557	155800	0.000203839
1558	155900	0.000203839
1559	156000	0.000203839
1560	156100	0.000203839
1561	156200	0.000203839
1562	156300	0.000203839
1563	156400	0.000203839
1564	156500	0.000203839
1565	156600	0.000203839
1566	156700	0.000203839
1567	156800	0.000203839
1568	156900	0.000203839
1569	157000	0.000203839
1570	157100	0.000203839
1571	157200	0.000203839
1572	157300	0.000203839
1573	157400	0.000203839
1574	157500	0.000108535
1575	157600	0.000108535
1576	157700	0.000108535
1577	157800	0.000108535
1578	157900	0.000108535
1579	158000	0.000108535
1580	158100	0.000108535
1581	158200	0.000108535
1582	158300	0.000108535
1583	158400	0.000108535
1584	158500	0.000108535
1585	158600	0.000108535
1586	158700	0.000108535
1587	158800	0.000108535
1588	158900	0.000108535
1589	159000	0.000108535
1590	159100	0.000108535
1591	159200	0.000108535
1592	159300	0.000108535
1593	159400	0.000108535
1594	159500	0.000108535
1595	159600	0.000108535
1596	159700	0.000108535
1597	159800	0.000108535
1598	159900	0.000108535
1599	160000	0.000108535
1600	160100	0.000108535
1601	160200	0.000108535
1602	160300	0.000108535
1603	160400	0.000108535
1604	160500	0.000108535
1605	160600	0.000108535
1606	160700	0.000108535
1607	160800	0.000108535
1608	160900	0.000108535
1609	161000	0.000108535
1610	161100	0.000108535
1611	161200	0.000108535
1612	161300	0.000108535
1613	161400	0.000108535
1614	161500	0.000108535
1615	161600	0.000108535
1616	161700	0.000108535
1617	161800	0.000108535
1618	161900	0.000108535
1619	162000	0.000108535
1620	162100	0.000108535
1621	162200	0.000108535
1622	162300	0.000108535
1623	162400	0.000108535
1624	162500	0.000108535
1625	162600	0.000108535
1626	162700	0.000108535
1627	162800	0.000108535
1628	162900	0.000108535
1629	163000	0.000108535
1630	163100	0.000108535
1631	163200	0.000108535
1632	163300	0.000108535
1633	163400	0.000108535
1634	163500	0.000108535
1635	163600	0.000108535
1636	163700	0.000108535
1637	163800	0.000108535
1638	163900	0.000108535
1639	164000	0.000108535
1640	164100	0.000108535
1641	164200	0.000108535
1642	164300	0.000108535
1643	164400	0.000108535
1644	164500	0.000108535
1645	164600	0.000108535
1646	164700	0.000108535
1647	164800	0.000108535
1648	164900	0.000108535
1649	165000	0.000108535
1650	165100	0.000108535
1651	165200	0.000108535
1652	165300	0.000108535
1653	165400	0.000108535
1654	165500	0.000108535
1655	165600	0.000108535
1656	165700	0.000108535
1657	165800	0.000108535
1658	165900	0.000108535
1659	166000	0.000108535
1660	166100	0.000108535
1661	166200	0.000108535
1662	166300	0.000108535
1663	166400	0.000108535
1664	166500	0.000108535
1665	166600	0.000108535
1666	166700	0.000108535
1667	166800	0.000108535
1668	166900	0.000108535
1669	167000	0.000108535
1670	167100	0.000108535
1671	167200	0.000108535
1672	167300	0.000108535
1673	167400	0.000108535
1674	167500	0.000108535
1675	167600	0.000108535
1676	167700	0.000108535
1677	167800	0.000108535
1678	167900	0.000108535
1679	168000	0.000108535
1680	168100	0.000108535
1681	168200	0.000108535
1682	168300	0.000108535
1683	168400	0.000108535
1684	168500	0.000108535
1685	168600	0.000108535
1686	168700	0.000108535
1687	168800	0.000108535
1688	168900	0.000108535
1689	169000	0.000108535
1690	169100	0.000108535
1691	169200	0.000108535
1692	169300	0.000108535
1693	169400	0.000108535
1694	169500	0.000108535
1695	169600	0.000108535
1696	169700	0.000108535
1697	169800	0.000108535
1698	169900	0.000108535
1699	170000	0.000108535
1700	170100	0.000108535
1701	170200	0.000108535
1702	170300	0.000108535
1703	170400	0.000108535
1704	170500	0.000108535
1705	170600	0.000108535
1706	170700	0.000108535
1707	170800	0.000108535
1708	170900	0.000108535
1709	171000	0.000108535
1710	171100	0.000108535
1711	171200	0.000108535
1712	171300	0.000108535
1713	171400	0.000108535
1714	171500	0.000108535
1715	171600	0.000108535
1716	171700	0.000108535
1717	171800	0.000108535
1718	171900	0.000108535
1719	172000	0.000108535
1720	172100	0.000108535
1721	172200	0.000108535
1722	172300	0.000108535
1723	172400	0.000108535
1724	172500	0.000108535
1725	172600	0.000108535
1726	172700	0.000108535
1727	172800	0.000108535
1728	172900	0.000108535
1729	173000	0.000108535
1730	173100	0.000108535
1731	173200	0.000108535
1732	173300	0.000108535
1733	173400	0.000108535
1734	173500	0.000108535
1735	173600	0.000108535
1736	173700	0.000108535
1737	173800	0.000108535
1738	173900	0.000108535
1739	174000	0.000108535
1740	174100	0.000108535
1741	174200	0.000108535
1742	174300	0.000108535
1743	174400	0.000108535
1744	174500	0.000108535
1745	174600	0.000108535
1746	174700	0.000108535
1747	174800	0.000108535
1748	174900	0.000108535
1749	175000	0.000108535
1750	175100	0.000108535
1751	175200	0.000108535
1752	175300	0.000108535
1753	175400	0.000108535
1754	175500	0.000108535
1755	175600	0.000108535
1756	175700	0.000108535
1757	175800	0.000108535
1758	175900	0.000108535
1759	176000	0.000108535
1760	176100	0.000108535
1761	176200	0.000108535
1762	176300	0.000108535
1763	176400	0.000108535
1764	176500	0.000108535
1765	176600	0.000108535
1766	176700	0.000108535
1767	176800	0.000108535
1768	176900	0.000108535
1769	177000	0.000108535
1770	177100	0.000108535
1771	177200	0.000108535
1772	177300	0.000108535
1773	177400	0.000108535
1774	177500	0.000108535
1775	177600	0.000108535
1776	177700	0.000108535
1777	177800	0.000108535
1778	177900	0.000108535
1779	178000	0.000108535
1780	178100	0.000108535
1781	178200	0.000108535
1782	178300	0.000108535
1783	178400	0.000108535
1784	178500	0.000108535
1785	178600	0.000108535
1786	178700	0.000108535
1787	178800	0.000108535
1788	178900	0.000108535
1789	179000	0.000108535
1790	179100	0.000108535
1791	179200	0.000108535
1792	179300	0.000108535
1793	179400	0.000108535
1794	179500	0.000108535
1795	179600	0.000108535
1796	179700	0.000108535
1797	179800	0.000108535
1798	179900	0.000108535
1799	180000	0.000108535
1800	180100	0.000108535
1801	180200	0.000108535
1802	180300	0.000108535
1803	180400	0.000108535
1804	180500	0.000108535
1805	180600	0.000108535
1806	180700	0.000108535
1807	180800	0.000108535
1808	180900	0.000108535
1809	181000	0.000108535
1810	181100	0.000108535
1811	181200	0.000108535
1812	181300	0.000108535
1813	181400	0.000108535
1814	181500	0.000108535
1815	181600	0.000108535
1816	181700	0.000108535
1817	181800	0.000108535
1818	181900	0.000108535
1819	182000	0.000108535
1820	182100	0.000108535
1821	182200	0.000108535
1822	182300	0.000108535
1823	182400	0.000108535
1824	182500	0.000108535
1825	182600	0.000108535
1826	182700	0.000108535
1827	182800	0.000108535
1828	182900	0.000108535
1829	183000	0.000108535
1830	183100	0.000108535
1831	183200	0.000108535
1832	183300	0.000108535
1833	183400	0.000108535
1834	183500	0.000108535
1835	183600	0.000108535
1836	183700	0.000108535
1837	183800	0.000108535
1838	183900	0.000108535
1839	184000	0.000108535
1840	184100	0.000108535
1841	184200	0.000108535
1842	184300	0.000108535
1843	184400	0.000108535
1844	184500	0.000108535
1845	184600	0.000108535
1846	184700	0.000108535
1847	184800	0.000108535
1848	184900	0.000108535
1849	185000	0.000108535
1850	185100	0.000108535
1851	185200	0.000108535
1852	185300	0.000108535
1853	185400	0.000108535
1854	185500	0.000108535
1855	185600	0.000108535
1856	185700	0.000108535
1857	185800	0.000108535
1858	185900	0.000108535
1859	186000	0.000108535
1860	186100	0.000108535
1861	186200	0.000108535
1862	186300	0.000108535
1863	186400	0.000108535
1864	186500	0.000108535
1865	186600	0.000108535
1866	186700	0.000108535
1867	186800	0.000108535
1868	186900	0.000108535
1869	187000	0.000108535
1870	187100	0.000108535
1871	187200	0.000108535
1872	187300	0.000108535
1873	187400	0.000108535
1874	187500	0.000108535
1875	187600	0.000108535
1876	187700	0.000108535
1877	187800	0.000108535
1878	187900	0.000108535
1879	188000	0.000108535
1880	188100	0.000108535
1881	188200	0.000108535
1882	188300	0.000108535
1883	188400	0.000108535
1884	188500	0.000108535
1885	188600	0.000108535
1886	188700	0.000108535
1887	188800	0.000108535
1888	188900	0.000108535
1889	189000	0.000108535
1890	189100	0.000108535
1891	189200	0.000108535
1892	189300	0.000108535
1893	189400	0.000108535
1894	189500	0.000108535
1895	189600	0.000108535
1896	189700	0.000108535
1897	189800	0.000108535
1898	189900	0.000108535
1899	190000	0.000108535
1900	190100	0.000108535
1901	190200	0.000108535
1902	190300	0.000108535
1903	190400	0.000108535
1904	190500	0.000108535
1905	190600	0.000108535
1906	190700	0.000108535
1907	190800	0.000108535
1908	190900	0.000108535
1909	191000	0.000108535
1910	191100	0.000108535
1911	191200	0.000108535
1912	191300	0.000108535
1913	191400	0.000108535
1914	191500	0.000108535
1915	191600	0.000108535
1916	191700	0.000108535
1917	191800	0.000108535
1918	191900	0.000108535
1919	192000	0.000108535
1920	192100	0.000108535
1921	192200	0.000108535
1922	192300	0.000108535
1923	192400	0.000108535
1924	192500	0.000108535
1925	192600	0.000108535
1926	192700	0.000108535
1927	192800	0.000108535
1928	192900	0.000108535
1929	193000	0.000108535
1930	193100	0.000108535
1931	193200	0.000108535
1932	193300	0.000108535
1933	193400	0.000108535
1934	193500	0.000108535
1935	193600	0.000108535
1936	193700	0.000108535
1937	193800	0.000108535
1938	193900	0.000108535
1939	194000	0.000108535
1940	194100	0.000108535
1941	194200	0.000108535
1942	194300	0.000108535
1943	194400	0.000108535
1944	194500	0.000108535
1945	194600	0.000108535
1946	194700	0.000108535
1947	194800	0.000108535
1948	194900	0.000108535
1949	195000	0.000108535
1950	195100	0.000108535
1951	195200	0.000108535
1952	195300	0.000108535
1953	195400	0.000108535
1954	195500	0.000108535
1955	195600	0.000108535
1956	195700	0.000108535
1957	195800	0.000108535
1958	195900	0.000108535
1959	196000	0.000108535
1960	196100	0.000108535
1961	196200	0.000108535
1962	196300	0.000108535
1963	196400	0.000108535
1964	196500	0.000108535
1965	196600	0.000108535
1966	196700	0.000108535
1967	196800	0.000108535
1968	196900	0.000108535
1969	197000	0.000108535
1970	197100	0.000108535
1971	197200	0.000108535
1972	197300	0.000108535
1973	197400	0.000108535
1974	197500	0.000108535
1975	197600	0.000108535
1976	197700	0.000108535
1977	197800	0.000108535
1978	197900	0.000108535
1979	198000	0.000108535
1980	198100	0.000108535
1981	198200	0.000108535
1982	198300	0.000108535
1983	198400	0.000108535
1984	198500	0.000108535
1985	198600	0.000108535
1986	198700	0.000108535
1987	198800	0.000108535
1988	198900	0.000108535
1989	199000	0.000108535
1990	199100	0.000108535
1991	199200	0.000108535
1992	199300	0.000108535
1993	199400	0.000108535
1994	199500	0.000108535
1995	199600	0.000108535
1996	199700	0.000108535
1997	199800	0.000108535
1998	199900	0.000108535
1999	200000	0.000108535
2000	200100	0.000108535
