1	200	306.852
2	300	187.36
3	400	161.834
4	500	64.3128
5	600	47.3322
6	700	47.3322
7	800	42.9947
8	900	32.4198
9	1000	31.3155
10	1100	22.0332
11	1200	17.634
12	1300	10.5663
13	1400	10.5663
14	1500	10.1331
15	1600	5.79567
16	1700	5.58838
17	1800	5.58838
18	1900	4.33591
19	2000	4.33591
20	2100	4.15147
21	2200	3.27451
22	2300	2.69195
23	2400	2.69195
24	2500	2.69195
25	2600	2.69195
26	2700	2.69195
27	2800	2.69195
28	2900	1.98653
29	3000	1.58091
30	3100	1.38369
31	3200	1.38369
32	3300	1.38369
33	3400	1.24533
34	3500	1.24533
35	3600	1.24533
36	3700	1.00532
37	3800	1.00532
38	3900	1.00532
39	4000	0.957974
40	4100	0.957974
41	4200	0.957974
42	4300	0.93217
43	4400	0.93217
44	4500	0.93217
45	4600	0.93217
46	4700	0.515757
47	4800	0.515757
48	4900	0.455316
49	5000	0.455316
50	5100	0.455316
51	5200	0.24031
52	5300	0.24031
53	5400	0.24031
54	5500	0.24031
55	5600	0.22498
56	5700	0.22498
57	5800	0.22498
58	5900	0.218538
59	6000	0.218538
60	6100	0.218538
61	6200	0.218538
62	6300	0.218538
63	6400	0.218538
64	6500	0.218538
65	6600	0.218538
66	6700	0.211477
67	6800	0.211477
68	6900	0.211477
69	7000	0.211477
70	7100	0.211477
71	7200	0.211477
72	7300	0.211477
73	7400	0.211477
74	7500	0.211477
75	7600	0.187988
76	7700	0.187988
77	7800	0.187988
78	7900	0.187988
79	8000	0.187988
80	8100	0.187988
81	8200	0.187988
82	8300	0.187988
83	8400	0.187988
84	8500	0.187988
85	8600	0.187988
86	8700	0.187988
87	8800	0.187988
88	8900	0.187988
89	9000	0.187988
90	9100	0.187988
91	9200	0.187988
92	9300	0.187988
93	9400	0.187988
94	9500	0.187988
95	9600	0.187988
96	9700	0.187988
97	9800	0.187988
98	9900	0.187988
99	10000	0.187988
100	10100	0.187988
101	10200	0.187988
102	10300	0.187988
103	10400	0.187988
104	10500	0.187988
105	10600	0.186738
106	10700	0.17396
107	10800	0.17271
108	10900	0.17271
109	11000	0.17271
110	11100	0.17271
111	11200	0.17271
112	11300	0.17271
113	11400	0.17271
114	11500	0.135396
115	11600	0.135396
116	11700	0.135396
117	11800	0.135396
118	11900	0.133534
119	12000	0.133534
120	12100	0.126197
121	12200	0.124335
122	12300	0.124335
123	12400	0.124335
124	12500	0.119623
125	12600	0.119623
126	12700	0.115443
127	12800	0.115426
128	12900	0.115426
129	13000	0.115426
130	13100	0.0748201
131	13200	0.0748201
132	13300	0.0748201
133	13400	0.0748201
134	13500	0.0748201
135	13600	0.0748201
136	13700	0.0748201
137	13800	0.0748201
138	13900	0.0748201
139	14000	0.0748201
140	14100	0.0748201
141	14200	0.0748201
142	14300	0.0748201
143	14400	0.0748201
144	14500	0.0748201
145	14600	0.0748201
146	14700	0.0748201
147	14800	0.0748201
148	14900	0.0748201
149	15000	0.0748201
150	15100	0.0748201
151	15200	0.0748201
152	15300	0.0748201
153	15400	0.0748201
154	15500	0.0748201
155	15600	0.0748201
156	15700	0.0748201
157	15800	0.0748201
158	15900	0.0748201
159	16000	0.0748201
160	16100	0.0748201
161	16200	0.0748201
162	16300	0.0748201
163	16400	0.0748201
164	16500	0.0621789
165	16600	0.0621789
166	16700	0.0621789
167	16800	0.0621789
168	16900	0.0621789
169	17000	0.0621789
170	17100	0.0621789
171	17200	0.0621789
172	17300	0.0621789
173	17400	0.0621789
174	17500	0.0621789
175	17600	0.0621789
176	17700	0.0621789
177	17800	0.0621789
178	17900	0.0598883
179	18000	0.0598883
180	18100	0.0598579
181	18200	0.0598579
182	18300	0.0598579
183	18400	0.0598579
184	18500	0.0598579
185	18600	0.0598579
186	18700	0.0598579
187	18800	0.0598579
188	18900	0.0598579
189	19000	0.0598579
190	19100	0.0598579
191	19200	0.0598579
192	19300	0.0598579
193	19400	0.0598579
194	19500	0.0598579
195	19600	0.0598579
196	19700	0.0598579
197	19800	0.0598579
198	19900	0.0598579
199	20000	0.0598579
200	20100	0.0598579
201	20200	0.0598579
202	20300	0.0598579
203	20400	0.0598579
204	20500	0.0598579
205	20600	0.0598579
206	20700	0.0598579
207	20800	0.0598579
208	20900	0.0598579
209	21000	0.0598579
210	21100	0.0598579
211	21200	0.0598579
212	21300	0.0598579
213	21400	0.0598579
214	21500	0.0598579
215	21600	0.00948085
216	21700	0.00948085
217	21800	0.00948085
218	21900	0.00948085
219	22000	0.00948085
220	22100	0.00948085
221	22200	0.00948085
222	22300	0.00948085
223	22400	0.00948085
224	22500	0.00948085
225	22600	0.00480896
226	22700	0.00480896
227	22800	0.00480896
228	22900	0.00480896
229	23000	0.00480896
230	23100	0.00480896
231	23200	0.00480896
232	23300	0.00480896
233	23400	0.00480896
234	23500	0.00480896
235	23600	0.00480896
236	23700	0.00480896
237	23800	0.00480896
238	23900	0.00448156
239	24000	0.00448156
240	24100	0.00448156
241	24200	0.00448156
242	24300	0.00448156
243	24400	0.00448156
244	24500	0.00448156
245	24600	0.00448156
246	24700	0.00448156
247	24800	0.00448156
248	24900	0.00448156
249	25000	0.00448156
250	25100	0.00448156
251	25200	0.00448156
252	25300	0.00448156
253	25400	0.00448156
254	25500	0.00448156
255	25600	0.00448156
256	25700	0.00448156
257	25800	0.00445942
258	25900	0.00445942
259	26000	0.00445942
260	26100	0.00445942
261	26200	0.00445942
262	26300	0.00445942
263	26400	0.00445942
264	26500	0.00445942
265	26600	0.00445942
266	26700	0.00445942
267	26800	0.00445942
268	26900	0.00445942
269	27000	0.00445942
270	27100	0.00445942
271	27200	0.00445942
272	27300	0.00445942
273	27400	0.00445942
274	27500	0.00445942
275	27600	0.00445942
276	27700	0.00445942
277	27800	0.00445942
278	27900	0.00445942
279	28000	0.00445942
280	28100	0.00445942
281	28200	0.00445942
282	28300	0.00445942
283	28400	0.00445942
284	28500	0.00445942
285	28600	0.00445942
286	28700	0.00445942
287	28800	0.00445942
288	28900	0.00445942
289	29000	0.00445942
290	29100	0.00445942
291	29200	0.00445942
292	29300	0.00445942
293	29400	0.00445942
294	29500	0.00445942
295	29600	0.00445942
296	29700	0.00445942
297	29800	0.00445942
298	29900	0.00445942
299	30000	0.00445942
300	30100	0.00445942
301	30200	0.00427632
302	30300	0.00427632
303	30400	0.00427632
304	30500	0.00427632
305	30600	0.00427632
306	30700	0.00427632
307	30800	0.00427632
308	30900	0.00427632
309	31000	0.00427632
310	31100	0.00427632
311	31200	0.00427632
312	31300	0.00427632
313	31400	0.00427632
314	31500	0.00252018
315	31600	0.00252018
316	31700	0.00252018
317	31800	0.00252018
318	31900	0.00252018
319	32000	0.00252018
320	32100	0.00252018
321	32200	0.00252018
322	32300	0.00252018
323	32400	0.00252018
324	32500	0.00252018
325	32600	0.00252018
326	32700	0.00252018
327	32800	0.00252018
328	32900	0.00252018
329	33000	0.00252018
330	33100	0.00252018
331	33200	0.00252018
332	33300	0.00252018
333	33400	0.00252018
334	33500	0.00252018
335	33600	0.00252018
336	33700	0.00252018
337	33800	0.00252018
338	33900	0.00252018
339	34000	0.00252018
340	34100	0.00252018
341	34200	0.00252018
342	34300	0.00252018
343	34400	0.00252018
344	34500	0.00252018
345	34600	0.00252018
346	34700	0.00252018
347	34800	0.00252018
348	34900	0.00252018
349	35000	0.00252018
350	35100	0.00252018
351	35200	0.00252018
352	35300	0.00252018
353	35400	0.00252018
354	35500	0.00252018
355	35600	0.00252018
356	35700	0.00252018
357	35800	0.00252018
358	35900	0.00252018
359	36000	0.00252018
360	36100	0.00252018
361	36200	0.00252018
362	36300	0.00252018
363	36400	0.00252018
364	36500	0.00252018
365	36600	0.00252018
366	36700	0.00252018
367	36800	0.00252018
368	36900	0.00214584
369	37000	0.00214584
370	37100	0.00214584
371	37200	0.00214584
372	37300	0.00214584
373	37400	0.00214584
374	37500	0.00212192
375	37600	0.00212192
376	37700	0.00212192
377	37800	0.00212192
378	37900	0.00212192
379	38000	0.00212192
380	38100	0.00212192
381	38200	0.00212192
382	38300	0.00212192
383	38400	0.00212192
384	38500	0.00212192
385	38600	0.00212192
386	38700	0.00212192
387	38800	0.00212192
388	38900	0.00212192
389	39000	0.00212192
390	39100	0.00212192
391	39200	0.00212192
392	39300	0.00212192
393	39400	0.00212192
394	39500	0.00212192
395	39600	0.00212192
396	39700	0.00212192
397	39800	0.00212192
398	39900	0.00212192
399	40000	0.00212192
400	40100	0.00212192
401	40200	0.00212192
402	40300	0.00212192
403	40400	0.00212192
404	40500	0.00212192
405	40600	0.00212192
406	40700	0.00212192
407	40800	0.00212192
408	40900	0.00212192
409	41000	0.00212192
410	41100	0.00212192
411	41200	0.00212192
412	41300	0.00212192
413	41400	0.00212192
414	41500	0.00212192
415	41600	0.00212192
416	41700	0.00212192
417	41800	0.00212192
418	41900	0.00212192
419	42000	0.00212192
420	42100	0.00212192
421	42200	0.00212192
422	42300	0.00212192
423	42400	0.00212192
424	42500	0.00212192
425	42600	0.00212192
426	42700	0.00212192
427	42800	0.00212192
428	42900	0.00212192
429	43000	0.00212192
430	43100	0.00212192
431	43200	0.00212192
432	43300	0.00212192
433	43400	0.00212192
434	43500	0.00212192
435	43600	0.00212192
436	43700	0.00212192
437	43800	0.00212192
438	43900	0.00212192
439	44000	0.00212192
440	44100	0.00212192
441	44200	0.00212192
442	44300	0.00212192
443	44400	0.00212192
444	44500	0.00212192
445	44600	0.00212192
446	44700	0.00212192
447	44800	0.00212192
448	44900	0.00212192
449	45000	0.00212192
450	45100	0.00212192
451	45200	0.00212192
452	45300	0.00212192
453	45400	0.00212192
454	45500	0.00212192
455	45600	0.00212192
456	45700	0.00212192
457	45800	0.00212192
458	45900	0.00212192
459	46000	0.00212192
460	46100	0.00212192
461	46200	0.00212192
462	46300	0.00212192
463	46400	0.00212192
464	46500	0.00212192
465	46600	0.00212192
466	46700	0.00212192
467	46800	0.00212192
468	46900	0.00212192
469	47000	0.00212192
470	47100	0.00212192
471	47200	0.00212192
472	47300	0.00212192
473	47400	0.00212192
474	47500	0.00212192
475	47600	0.00212192
476	47700	0.00212192
477	47800	0.00212192
478	47900	0.00212192
479	48000	0.00212192
480	48100	0.00212192
481	48200	0.00212192
482	48300	0.00212192
483	48400	0.00212192
484	48500	0.00212192
485	48600	0.00212192
486	48700	0.00212192
487	48800	0.00212192
488	48900	0.00212192
489	49000	0.00212192
490	49100	0.00212192
491	49200	0.00212192
492	49300	0.00212192
493	49400	0.00212192
494	49500	0.00212192
495	49600	0.00212192
496	49700	0.00212192
497	49800	0.00212192
498	49900	0.00212192
499	50000	0.00212192
500	50100	0.00212192
501	50200	0.00212192
502	50300	0.00212192
503	50400	0.00212192
504	50500	0.00212192
505	50600	0.00212192
506	50700	0.00212192
507	50800	0.00212192
508	50900	0.00212192
509	51000	0.00212192
510	51100	0.00212192
511	51200	0.00212192
512	51300	0.00212192
513	51400	0.00212192
514	51500	0.00212192
515	51600	0.00212192
516	51700	0.00212192
517	51800	0.00212192
518	51900	0.00212192
519	52000	0.00212192
520	52100	0.00212192
521	52200	0.00212192
522	52300	0.00212192
523	52400	0.00212192
524	52500	0.00212192
525	52600	0.00212192
526	52700	0.00212192
527	52800	0.00212192
528	52900	0.00212192
529	53000	0.00212192
530	53100	0.00212192
531	53200	0.00212192
532	53300	0.00212192
533	53400	0.00212192
534	53500	0.00212192
535	53600	0.00212192
536	53700	0.00212192
537	53800	0.00212192
538	53900	0.00212192
539	54000	0.00212192
540	54100	0.00212192
541	54200	0.00212192
542	54300	0.00212192
543	54400	0.00212192
544	54500	0.00212192
545	54600	0.00212192
546	54700	0.00212192
547	54800	0.00212192
548	54900	0.00212192
549	55000	0.00212192
550	55100	0.000950714
551	55200	0.000950714
552	55300	0.000950714
553	55400	0.000950714
554	55500	0.000950714
555	55600	0.000950714
556	55700	0.000950714
557	55800	0.000950714
558	55900	0.000950714
559	56000	0.000950714
560	56100	0.000950714
561	56200	0.000950714
562	56300	0.000950714
563	56400	0.000950714
564	56500	0.000950714
565	56600	0.000950714
566	56700	0.000950714
567	56800	0.000950714
568	56900	0.000950714
569	57000	0.000950714
570	57100	0.000950714
571	57200	0.000950714
572	57300	0.000950714
573	57400	0.000950714
574	57500	0.000950714
575	57600	0.000950714
576	57700	0.000950714
577	57800	0.000950714
578	57900	0.000444693
579	58000	0.000444693
580	58100	0.000444693
581	58200	0.000444693
582	58300	0.000444693
583	58400	0.000444693
584	58500	0.000444693
585	58600	0.000444693
586	58700	0.000444693
587	58800	0.000444693
588	58900	0.000444693
589	59000	0.000444693
590	59100	0.000444693
591	59200	0.000444693
592	59300	0.000444693
593	59400	0.000444693
594	59500	0.000444693
595	59600	0.000444693
596	59700	0.000444693
597	59800	0.000444693
598	59900	0.000444693
599	60000	0.000444693
600	60100	0.000444693
601	60200	0.000444693
602	60300	0.000444693
603	60400	0.000444693
604	60500	0.000444693
605	60600	0.000444693
606	60700	0.000444693
607	60800	0.000444693
608	60900	0.000444693
609	61000	0.000444693
610	61100	0.000444693
611	61200	0.000444693
612	61300	0.000444693
613	61400	0.000444693
614	61500	0.000444693
615	61600	0.000444693
616	61700	0.000444693
617	61800	0.000444693
618	61900	0.000444693
619	62000	0.000444693
620	62100	0.000444693
621	62200	0.000444693
622	62300	0.000444693
623	62400	0.000444693
624	62500	0.000444693
625	62600	0.000444693
626	62700	0.000444693
627	62800	0.000444693
628	62900	0.000444693
629	63000	0.000444693
630	63100	0.000444693
631	63200	0.000444693
632	63300	0.000444693
633	63400	0.000444693
634	63500	0.000444693
635	63600	0.000444693
636	63700	0.000444693
637	63800	0.000444693
638	63900	0.000444693
639	64000	0.000444693
640	64100	0.000444693
641	64200	0.000444693
642	64300	0.000444693
643	64400	0.000444693
644	64500	0.000444693
645	64600	0.000444693
646	64700	0.000444693
647	64800	0.000444693
648	64900	0.000444693
649	65000	0.000444693
650	65100	0.000444693
651	65200	0.000444693
652	65300	0.000444693
653	65400	0.000444693
654	65500	0.000444693
655	65600	0.000444693
656	65700	0.000444693
657	65800	0.000444693
658	65900	0.000444693
659	66000	0.000444693
660	66100	0.000444693
661	66200	0.000444693
662	66300	0.000444693
663	66400	0.000444693
664	66500	0.000444693
665	66600	0.000444693
666	66700	0.000444693
667	66800	0.000444693
668	66900	0.000444693
669	67000	0.000444693
670	67100	0.000444693
671	67200	0.000444693
672	67300	0.000444693
673	67400	0.000444693
674	67500	0.000444693
675	67600	0.000444693
676	67700	0.000444693
677	67800	0.000444693
678	67900	0.000444693
679	68000	0.000444693
680	68100	0.000444693
681	68200	0.000444693
682	68300	0.000444693
683	68400	0.000444693
684	68500	0.000444693
685	68600	0.000444693
686	68700	0.000444693
687	68800	0.000444693
688	68900	0.000444693
689	69000	0.000444693
690	69100	0.000444693
691	69200	0.000444693
692	69300	0.000444693
693	69400	0.000444693
694	69500	0.000444693
695	69600	0.000444693
696	69700	0.000444693
697	69800	0.000444693
698	69900	0.000444693
699	70000	0.000444693
700	70100	0.000444693
701	70200	0.000444693
702	70300	0.000444693
703	70400	0.000444693
704	70500	0.000444693
705	70600	0.000444693
706	70700	0.000444693
707	70800	0.000444693
708	70900	0.000444693
709	71000	0.000444693
710	71100	0.000444693
711	71200	0.000444693
712	71300	0.000444693
713	71400	0.000444693
714	71500	0.000444693
715	71600	0.000444693
716	71700	0.000444693
717	71800	0.000444693
718	71900	0.000444693
719	72000	0.000444693
720	72100	0.000444693
721	72200	0.000444693
722	72300	0.000444693
723	72400	0.000444693
724	72500	0.000444693
725	72600	0.000444693
726	72700	0.000444693
727	72800	0.000444693
728	72900	0.000444693
729	73000	0.000444693
730	73100	0.000444693
731	73200	0.000444693
732	73300	0.000444693
733	73400	0.000444693
734	73500	0.000444693
735	73600	0.000444693
736	73700	0.000444693
737	73800	0.000444693
738	73900	0.000444693
739	74000	0.000444693
740	74100	0.000444693
741	74200	0.000444693
742	74300	0.000444693
743	74400	0.000444693
744	74500	0.000444693
745	74600	0.000444693
746	74700	0.000444693
747	74800	0.000444693
748	74900	0.000444693
749	75000	0.000444693
750	75100	0.000444693
751	75200	0.000444693
752	75300	0.000444693
753	75400	0.000444693
754	75500	0.000444693
755	75600	0.000444693
756	75700	0.000444693
757	75800	0.000444693
758	75900	0.000444693
759	76000	0.000444693
760	76100	0.000444693
761	76200	0.000444693
762	76300	0.000444693
763	76400	0.000444693
764	76500	0.000444693
765	76600	0.000444693
766	76700	0.000444693
767	76800	0.000444693
768	76900	0.000444693
769	77000	0.000444693
770	77100	0.000444693
771	77200	0.000444693
772	77300	0.000444693
773	77400	0.000444693
774	77500	0.000444693
775	77600	0.000444693
776	77700	0.000444693
777	77800	0.000444693
778	77900	0.000444693
779	78000	0.000444693
780	78100	0.000444693
781	78200	0.000444693
782	78300	0.000444693
783	78400	0.000444693
784	78500	0.000444693
785	78600	0.000444693
786	78700	0.000444693
787	78800	0.000444693
788	78900	0.000444693
789	79000	0.000444693
790	79100	0.000444693
791	79200	0.000444693
792	79300	0.000444693
793	79400	0.000444693
794	79500	0.000444693
795	79600	0.000444693
796	79700	0.000444693
797	79800	0.000444693
798	79900	0.000444693
799	80000	0.000444693
800	80100	0.000444693
801	80200	0.000444693
802	80300	0.000444693
803	80400	0.000444693
804	80500	0.000444693
805	80600	0.000444693
806	80700	0.000444693
807	80800	0.000444693
808	80900	0.000444693
809	81000	0.000444693
810	81100	0.000444693
811	81200	0.000444693
812	81300	0.000444693
813	81400	0.000444693
814	81500	0.000444693
815	81600	0.000444693
816	81700	0.000444693
817	81800	0.000444693
818	81900	0.000444693
819	82000	0.000444693
820	82100	0.000444693
821	82200	0.000444693
822	82300	0.000444693
823	82400	0.000444693
824	82500	0.000444693
825	82600	0.000444693
826	82700	0.000444693
827	82800	0.000444693
828	82900	0.000444693
829	83000	0.000444693
830	83100	0.000444693
831	83200	0.000444693
832	83300	0.000444693
833	83400	0.000444693
834	83500	0.000444693
835	83600	0.000444693
836	83700	0.000444693
837	83800	0.000444693
838	83900	0.000444693
839	84000	0.000444693
840	84100	0.000444693
841	84200	0.000439039
842	84300	0.000439039
843	84400	0.000439039
844	84500	0.000439039
845	84600	0.000439039
846	84700	0.000439039
847	84800	0.000439039
848	84900	0.000439039
849	85000	0.000439039
850	85100	0.000439039
851	85200	0.000439039
852	85300	0.000439039
853	85400	0.000439039
854	85500	0.000439039
855	85600	0.000439039
856	85700	0.000439039
857	85800	0.000439039
858	85900	0.000439039
859	86000	0.000439039
860	86100	0.000439039
861	86200	0.000439039
862	86300	0.000439039
863	86400	0.000439039
864	86500	0.000439039
865	86600	0.000439039
866	86700	0.000439039
867	86800	0.000439039
868	86900	0.000439039
869	87000	0.000439039
870	87100	0.000439039
871	87200	0.000439039
872	87300	0.000439039
873	87400	0.000439039
874	87500	0.000439039
875	87600	0.000439039
876	87700	0.000439039
877	87800	0.000439039
878	87900	0.000439039
879	88000	0.000439039
880	88100	0.000439039
881	88200	0.000439039
882	88300	0.000439039
883	88400	0.000439039
884	88500	0.000439039
885	88600	0.000439039
886	88700	0.000439039
887	88800	0.000439039
888	88900	0.000439039
889	89000	0.000439039
890	89100	0.000439039
891	89200	0.000439039
892	89300	0.000439039
893	89400	0.000439039
894	89500	0.000439039
895	89600	0.000439039
896	89700	0.000439039
897	89800	0.000439039
898	89900	0.000439039
899	90000	0.000439039
900	90100	0.000439039
901	90200	0.000439039
902	90300	0.000439039
903	90400	0.000439039
904	90500	0.000439039
905	90600	0.000439039
906	90700	0.000439039
907	90800	0.000439039
908	90900	0.000439039
909	91000	0.000439039
910	91100	0.000439039
911	91200	0.000439039
912	91300	0.000439039
913	91400	0.000439039
914	91500	0.000439039
915	91600	0.000439039
916	91700	0.000439039
917	91800	0.000439039
918	91900	0.000439039
919	92000	0.000439039
920	92100	0.000439039
921	92200	0.000439039
922	92300	0.000439039
923	92400	0.000439039
924	92500	0.000439039
925	92600	0.000439039
926	92700	0.000439039
927	92800	0.000439039
928	92900	0.000439039
929	93000	0.000439039
930	93100	0.000439039
931	93200	0.000439039
932	93300	0.000439039
933	93400	0.000439039
934	93500	0.000439039
935	93600	0.000439039
936	93700	0.000439039
937	93800	0.000439039
938	93900	0.000439039
939	94000	0.000439039
940	94100	0.000439039
941	94200	0.000439039
942	94300	0.000439039
943	94400	0.000439039
944	94500	0.000439039
945	94600	0.000439039
946	94700	0.000439039
947	94800	0.000439039
948	94900	0.000439039
949	95000	0.000439039
950	95100	0.000439039
951	95200	0.000439039
952	95300	0.000439039
953	95400	0.000439039
954	95500	0.000439039
955	95600	0.000439039
956	95700	0.000439039
957	95800	0.000439039
958	95900	0.000439039
959	96000	0.000439039
960	96100	0.000439039
961	96200	0.000439039
962	96300	0.000439039
963	96400	0.000439039
964	96500	0.000439039
965	96600	0.000439039
966	96700	0.000439039
967	96800	0.000439039
968	96900	0.000439039
969	97000	0.000439039
970	97100	0.000439039
971	97200	0.000437587
972	97300	0.000437587
973	97400	0.000437587
974	97500	0.000437587
975	97600	0.000437587
976	97700	0.000437587
977	97800	0.000437587
978	97900	0.000437587
979	98000	0.000437587
980	98100	0.000437587
981	98200	0.000437587
982	98300	0.000437587
983	98400	0.000437587
984	98500	0.000437587
985	98600	0.000437587
986	98700	0.000437587
987	98800	0.000437587
988	98900	0.000437587
989	99000	0.000437587
990	99100	0.000437587
991	99200	0.000437587
992	99300	0.000437587
993	99400	0.000437587
994	99500	0.000437587
995	99600	0.000437587
996	99700	0.000437587
997	99800	0.000437587
998	99900	0.000437587
999	100000	0.000437587
1000	100100	0.000437587
1001	100200	0.000437587
1002	100300	0.000437587
1003	100400	0.000437587
1004	100500	0.000437587
1005	100600	0.000437587
1006	100700	0.000437587
1007	100800	0.000437587
1008	100900	0.000437587
1009	101000	0.000437587
1010	101100	0.000437587
1011	101200	0.000437587
1012	101300	0.000437587
1013	101400	0.000437587
1014	101500	0.000437587
1015	101600	0.000437587
1016	101700	0.000437587
1017	101800	0.000437587
1018	101900	0.000437587
1019	102000	0.000437587
1020	102100	0.000437587
1021	102200	0.000437587
1022	102300	0.000437587
1023	102400	0.000437587
1024	102500	0.000437587
1025	102600	0.000437587
1026	102700	0.000437587
1027	102800	0.000437587
1028	102900	0.000437587
1029	103000	0.000437587
1030	103100	0.000437587
1031	103200	0.000437587
1032	103300	0.000437587
1033	103400	0.000437587
1034	103500	0.000437587
1035	103600	0.000437587
1036	103700	0.000437587
1037	103800	0.000437587
1038	103900	0.000437587
1039	104000	0.000437587
1040	104100	0.000437587
1041	104200	0.000437587
1042	104300	0.000437587
1043	104400	0.000437587
1044	104500	0.000437587
1045	104600	0.000437587
1046	104700	0.000437587
1047	104800	0.000437587
1048	104900	0.000437587
1049	105000	0.000437587
1050	105100	0.000437587
1051	105200	0.000437587
1052	105300	0.000437587
1053	105400	0.000437587
1054	105500	0.000437587
1055	105600	0.000437587
1056	105700	0.000437587
1057	105800	0.000437587
1058	105900	0.000437587
1059	106000	0.000437587
1060	106100	0.000437587
1061	106200	0.000437587
1062	106300	0.000437587
1063	106400	0.000437587
1064	106500	0.000437587
1065	106600	0.000437587
1066	106700	0.000437587
1067	106800	0.000437587
1068	106900	0.000437587
1069	107000	0.000437587
1070	107100	0.000437587
1071	107200	0.000437587
1072	107300	0.000437587
1073	107400	0.000437587
1074	107500	0.000437587
1075	107600	0.000437587
1076	107700	0.000437587
1077	107800	0.000437587
1078	107900	0.000437587
1079	108000	0.000437587
1080	108100	0.000437587
1081	108200	0.000437587
1082	108300	0.000437587
1083	108400	0.000437587
1084	108500	0.000437587
1085	108600	0.000437587
1086	108700	0.000437587
1087	108800	0.000437587
1088	108900	0.000437587
1089	109000	0.000437587
1090	109100	0.000437587
1091	109200	0.000437587
1092	109300	0.000437587
1093	109400	0.000437587
1094	109500	0.000437587
1095	109600	0.000437587
1096	109700	0.000437587
1097	109800	0.000437587
1098	109900	0.000437587
1099	110000	0.000437587
1100	110100	0.000437587
1101	110200	0.000437587
1102	110300	0.000437587
1103	110400	0.000437587
1104	110500	0.000437587
1105	110600	0.000437587
1106	110700	0.000437587
1107	110800	0.000437587
1108	110900	0.000437587
1109	111000	0.000437587
1110	111100	0.000437587
1111	111200	0.000437587
1112	111300	0.000437587
1113	111400	0.000437587
1114	111500	0.000437587
1115	111600	0.000437587
1116	111700	0.000437587
1117	111800	0.000437587
1118	111900	0.000437587
1119	112000	0.000437587
1120	112100	0.000437587
1121	112200	0.000437587
1122	112300	0.000437587
1123	112400	0.000437587
1124	112500	0.000437587
1125	112600	0.000437587
1126	112700	0.000437587
1127	112800	0.000437587
1128	112900	0.000437587
1129	113000	0.000437587
1130	113100	0.000437587
1131	113200	0.000437587
1132	113300	0.000437587
1133	113400	0.000437587
1134	113500	0.000437587
1135	113600	0.000437587
1136	113700	0.000437587
1137	113800	0.000437587
1138	113900	0.000437587
1139	114000	0.000437587
1140	114100	0.000437587
1141	114200	0.000437587
1142	114300	0.000437587
1143	114400	0.000437587
1144	114500	0.000437587
1145	114600	0.000437587
1146	114700	0.000437587
1147	114800	0.000437587
1148	114900	0.000437587
1149	115000	0.000437587
1150	115100	0.000437587
1151	115200	0.000437587
1152	115300	0.000437587
1153	115400	0.000437587
1154	115500	0.000437587
1155	115600	0.000437587
1156	115700	0.000437587
1157	115800	0.000437587
1158	115900	0.000437587
1159	116000	0.000437587
1160	116100	0.000437587
1161	116200	0.000437587
1162	116300	0.000437587
1163	116400	0.000415389
1164	116500	0.000415389
1165	116600	0.000415389
1166	116700	0.000415389
1167	116800	0.000415389
1168	116900	0.000415389
1169	117000	0.000415389
1170	117100	0.000415389
1171	117200	0.000415389
1172	117300	0.000415389
1173	117400	0.000415389
1174	117500	0.000415389
1175	117600	0.000415389
1176	117700	0.000415389
1177	117800	0.000415389
1178	117900	0.000415389
1179	118000	0.000415389
1180	118100	0.000415389
1181	118200	0.000415389
1182	118300	0.000415389
1183	118400	0.000415389
1184	118500	0.000415389
1185	118600	0.000415389
1186	118700	0.000415389
1187	118800	0.000415389
1188	118900	0.000415389
1189	119000	0.000415389
1190	119100	0.000415389
1191	119200	0.000415389
1192	119300	0.000415389
1193	119400	0.000415389
1194	119500	0.000415389
1195	119600	0.000415389
1196	119700	0.000415389
1197	119800	0.000415389
1198	119900	0.000415389
1199	120000	0.000415389
1200	120100	0.000415389
1201	120200	0.000415389
1202	120300	0.000415389
1203	120400	0.000415389
1204	120500	0.000415389
1205	120600	0.000415389
1206	120700	0.000415389
1207	120800	0.000415389
1208	120900	0.000415389
1209	121000	0.000415389
1210	121100	0.000415389
1211	121200	0.000415389
1212	121300	0.000415389
1213	121400	0.000415389
1214	121500	0.000415389
1215	121600	0.000415389
1216	121700	0.000415389
1217	121800	0.000415389
1218	121900	0.000415389
1219	122000	0.000415389
1220	122100	0.000415389
1221	122200	0.000415389
1222	122300	0.000415389
1223	122400	0.000415061
1224	122500	0.000415061
1225	122600	0.000415061
1226	122700	0.000415061
1227	122800	0.000415061
1228	122900	0.000415061
1229	123000	0.000415061
1230	123100	0.000415061
1231	123200	0.000415061
1232	123300	0.000415061
1233	123400	0.000415061
1234	123500	0.000415061
1235	123600	0.000415061
1236	123700	0.000415061
1237	123800	0.000415061
1238	123900	0.000415061
1239	124000	0.000415061
1240	124100	0.000415061
1241	124200	0.000415061
1242	124300	0.000415061
1243	124400	0.000415061
1244	124500	0.000415061
1245	124600	0.000415061
1246	124700	0.00030563
1247	124800	0.00030563
1248	124900	0.00030563
1249	125000	0.00030563
1250	125100	0.00030563
1251	125200	0.00030563
1252	125300	0.00030563
1253	125400	0.00030563
1254	125500	0.00030563
1255	125600	0.00030563
1256	125700	0.00030563
1257	125800	0.00030563
1258	125900	0.00030563
1259	126000	0.00030563
1260	126100	0.00030563
1261	126200	0.00030563
1262	126300	0.00030563
1263	126400	0.00030563
1264	126500	0.00030563
1265	126600	0.00030563
1266	126700	0.00030563
1267	126800	0.00030563
1268	126900	0.00030563
1269	127000	0.00030563
1270	127100	0.00030563
1271	127200	0.00030563
1272	127300	0.00030563
1273	127400	0.00030563
1274	127500	0.00030563
1275	127600	0.00030563
1276	127700	0.00030563
1277	127800	0.00030563
1278	127900	0.00030563
1279	128000	0.00030563
1280	128100	0.00030563
1281	128200	0.00030563
1282	128300	0.00030563
1283	128400	0.00030563
1284	128500	0.00030563
1285	128600	0.00030563
1286	128700	0.00030563
1287	128800	0.00030563
1288	128900	0.00030563
1289	129000	0.00030563
1290	129100	0.00030563
1291	129200	0.00030563
1292	129300	0.00030563
1293	129400	0.00030563
1294	129500	0.00030563
1295	129600	0.00030563
1296	129700	0.00030563
1297	129800	0.00030563
1298	129900	0.00030563
1299	130000	0.00030563
1300	130100	0.00030563
1301	130200	0.00030563
1302	130300	0.00030563
1303	130400	0.00030563
1304	130500	0.00030563
1305	130600	0.00030563
1306	130700	0.00030563
1307	130800	0.00030563
1308	130900	0.00030563
1309	131000	0.00030563
1310	131100	0.00030563
1311	131200	0.00030563
1312	131300	0.00030563
1313	131400	0.00030563
1314	131500	0.00030563
1315	131600	0.00030563
1316	131700	0.00030563
1317	131800	0.00030563
1318	131900	0.00030563
1319	132000	0.00030563
1320	132100	0.00030563
1321	132200	0.00030563
1322	132300	0.00030563
1323	132400	0.00030563
1324	132500	0.00030563
1325	132600	0.00030563
1326	132700	0.00030563
1327	132800	0.00030563
1328	132900	0.00030563
1329	133000	0.00029863
1330	133100	0.00029863
1331	133200	0.00029863
1332	133300	0.00029863
1333	133400	0.00029863
1334	133500	0.00029863
1335	133600	0.00029863
1336	133700	0.00029863
1337	133800	0.00029863
1338	133900	0.00029863
1339	134000	0.00029863
1340	134100	0.00029863
1341	134200	0.00029863
1342	134300	0.00029863
1343	134400	0.00029863
1344	134500	0.00029863
1345	134600	0.00029863
1346	134700	0.00029863
1347	134800	0.00029863
1348	134900	0.00029863
1349	135000	0.00029863
1350	135100	0.00029863
1351	135200	0.00029863
1352	135300	0.00029863
1353	135400	0.00029863
1354	135500	0.00029863
1355	135600	0.00029863
1356	135700	0.00029863
1357	135800	0.00029863
1358	135900	0.00029863
1359	136000	0.00029863
1360	136100	0.00029863
1361	136200	0.00029863
1362	136300	0.00029863
1363	136400	0.00029863
1364	136500	0.00029863
1365	136600	0.00029863
1366	136700	0.00029863
1367	136800	0.00029863
1368	136900	0.00029863
1369	137000	0.00029863
1370	137100	0.00029863
1371	137200	0.00029863
1372	137300	0.00029863
1373	137400	0.00029863
1374	137500	0.00029863
1375	137600	0.00029863
1376	137700	0.00029863
1377	137800	0.00029863
1378	137900	0.00029863
1379	138000	0.00029863
1380	138100	0.00029863
1381	138200	0.00029863
1382	138300	0.00029863
1383	138400	0.00029863
1384	138500	0.00029863
1385	138600	0.00029863
1386	138700	0.00029863
1387	138800	0.00029863
1388	138900	0.00029863
1389	139000	0.00029863
1390	139100	0.00029863
1391	139200	0.00029863
1392	139300	0.00029863
1393	139400	0.00029863
1394	139500	0.00029863
1395	139600	0.00029863
1396	139700	0.00029863
1397	139800	0.00029863
1398	139900	0.00029863
1399	140000	0.00029863
1400	140100	0.00029863
1401	140200	0.00029863
1402	140300	0.00029863
1403	140400	0.00029863
1404	140500	0.00029863
1405	140600	0.00029863
1406	140700	0.00029863
1407	140800	0.00029863
1408	140900	0.00029863
1409	141000	0.00029863
1410	141100	0.00029863
1411	141200	0.00029863
1412	141300	0.00029863
1413	141400	0.00029863
1414	141500	0.00029863
1415	141600	0.00029863
1416	141700	0.00029863
1417	141800	0.00029863
1418	141900	0.00029863
1419	142000	0.00029863
1420	142100	0.00029863
1421	142200	0.00029863
1422	142300	0.00029863
1423	142400	0.00029863
1424	142500	0.00029863
1425	142600	0.00029863
1426	142700	0.00029863
1427	142800	0.00029863
1428	142900	0.00029863
1429	143000	0.00029863
1430	143100	0.00029863
1431	143200	0.00029863
1432	143300	0.00029863
1433	143400	0.00029863
1434	143500	0.00029863
1435	143600	0.00029863
1436	143700	0.00029863
1437	143800	0.00029863
1438	143900	0.00029863
1439	144000	0.00029863
1440	144100	0.00029863
1441	144200	0.00029863
1442	144300	0.00029863
1443	144400	0.00029863
1444	144500	0.00029863
1445	144600	0.00029863
1446	144700	0.00029863
1447	144800	0.00029863
1448	144900	0.00029863
1449	145000	0.00029863
1450	145100	0.00029863
1451	145200	0.00029863
1452	145300	0.00029863
1453	145400	0.00029863
1454	145500	0.00029863
1455	145600	0.00029863
1456	145700	0.00029863
1457	145800	0.00029863
1458	145900	0.00029863
1459	146000	0.00029863
1460	146100	0.00029863
1461	146200	0.00029863
1462	146300	0.00029863
1463	146400	0.00029863
1464	146500	0.00029863
1465	146600	0.00029863
1466	146700	0.00029863
1467	146800	0.00029863
1468	146900	0.00029863
1469	147000	0.00029863
1470	147100	0.00029863
1471	147200	0.00029863
1472	147300	0.00029863
1473	147400	0.00029863
1474	147500	0.00029863
1475	147600	0.00029863
1476	147700	0.00029863
1477	147800	0.00029863
1478	147900	0.00029863
1479	148000	0.00029863
1480	148100	0.00029863
1481	148200	0.00029863
1482	148300	0.00029863
1483	148400	0.00029863
1484	148500	0.00029863
1485	148600	0.00029863
1486	148700	0.00029863
1487	148800	0.00029863
1488	148900	0.00029863
1489	149000	0.00029863
1490	149100	0.00029863
1491	149200	0.00029863
1492	149300	0.00029863
1493	149400	0.00029863
1494	149500	0.00029863
1495	149600	0.00029863
1496	149700	0.00029863
1497	149800	0.00029863
1498	149900	0.00029863
1499	150000	0.00029863
1500	150100	0.00029863
1501	150200	0.00029863
1502	150300	0.00029863
1503	150400	0.00029863
1504	150500	0.00029863
1505	150600	0.00029863
1506	150700	0.00029863
1507	150800	0.00029863
1508	150900	0.00029863
1509	151000	0.00029863
1510	151100	0.00029863
1511	151200	0.00029863
1512	151300	0.00029863
1513	151400	0.00029863
1514	151500	0.00029863
1515	151600	0.00029863
1516	151700	0.00029863
1517	151800	0.00029863
1518	151900	0.00029863
1519	152000	0.00029863
1520	152100	0.00029863
1521	152200	0.00029863
1522	152300	0.00029863
1523	152400	0.00029863
1524	152500	0.00029863
1525	152600	0.00029863
1526	152700	0.00029863
1527	152800	0.00029863
1528	152900	0.00029863
1529	153000	0.00029863
1530	153100	0.00029863
1531	153200	0.00029863
1532	153300	0.00029863
1533	153400	0.00029863
1534	153500	0.00029863
1535	153600	0.00029863
1536	153700	0.00029863
1537	153800	0.00029863
1538	153900	0.00029863
1539	154000	0.00029863
1540	154100	0.00029863
1541	154200	0.00029863
1542	154300	0.00029863
1543	154400	0.00029863
1544	154500	0.00029863
1545	154600	0.00029863
1546	154700	0.00029863
1547	154800	0.00029863
1548	154900	0.00029863
1549	155000	0.00029863
1550	155100	0.00029863
1551	155200	0.00029863
1552	155300	0.00029863
1553	155400	0.00029863
1554	155500	0.00029863
1555	155600	0.00029863
1556	155700	0.00029863
1557	155800	0.00029863
1558	155900	0.00029863
1559	156000	0.00029863
1560	156100	0.00029863
1561	156200	0.00029863
1562	156300	0.00029863
1563	156400	0.00029863
1564	156500	0.00029863
1565	156600	0.00029863
1566	156700	0.00029863
1567	156800	0.00029863
1568	156900	0.00029863
1569	157000	0.00029863
1570	157100	0.00029863
1571	157200	0.00029863
1572	157300	0.000278778
1573	157400	0.000278778
1574	157500	0.000278778
1575	157600	0.000278778
1576	157700	0.000278778
1577	157800	0.000278778
1578	157900	0.000278778
1579	158000	0.000278778
1580	158100	0.000278778
1581	158200	0.000278778
1582	158300	0.000278778
1583	158400	0.000278778
1584	158500	0.000278778
1585	158600	0.000278778
1586	158700	0.000278778
1587	158800	0.000278778
1588	158900	0.000278778
1589	159000	0.000278778
1590	159100	0.000278778
1591	159200	0.000278778
1592	159300	0.000278778
1593	159400	0.000278778
1594	159500	0.000278778
1595	159600	0.000278778
1596	159700	0.000278778
1597	159800	0.000278778
1598	159900	0.000278778
1599	160000	0.000278778
1600	160100	0.000278778
1601	160200	0.000278778
1602	160300	0.000278778
1603	160400	0.000278778
1604	160500	0.000278778
1605	160600	0.000278778
1606	160700	0.000278778
1607	160800	0.000278778
1608	160900	0.000278778
1609	161000	0.000278778
1610	161100	0.000278778
1611	161200	0.000278778
1612	161300	0.000278778
1613	161400	0.000278778
1614	161500	0.000278778
1615	161600	0.000278778
1616	161700	0.000278778
1617	161800	0.000278778
1618	161900	0.000278778
1619	162000	0.000278778
1620	162100	0.000278778
1621	162200	0.000278778
1622	162300	0.000278778
1623	162400	0.000278778
1624	162500	0.000278778
1625	162600	0.000278778
1626	162700	0.000278778
1627	162800	0.000278778
1628	162900	0.000278778
1629	163000	0.000278778
1630	163100	0.000278778
1631	163200	0.000278778
1632	163300	0.000278778
1633	163400	0.000278778
1634	163500	0.000278778
1635	163600	0.000278778
1636	163700	0.000278778
1637	163800	0.000278778
1638	163900	0.000278778
1639	164000	0.000278778
1640	164100	0.000278778
1641	164200	0.000278778
1642	164300	0.000278778
1643	164400	0.000278778
1644	164500	0.000278778
1645	164600	0.000278778
1646	164700	0.000278778
1647	164800	0.000278778
1648	164900	0.000278778
1649	165000	0.000278778
1650	165100	0.000278778
1651	165200	0.000278778
1652	165300	0.000278778
1653	165400	0.000278778
1654	165500	0.000278778
1655	165600	0.000278778
1656	165700	0.000278778
1657	165800	0.000278778
1658	165900	0.000278778
1659	166000	0.000278778
1660	166100	0.000278778
1661	166200	0.000278778
1662	166300	0.000278778
1663	166400	0.000278778
1664	166500	0.000278778
1665	166600	0.000278778
1666	166700	0.000278778
1667	166800	0.000278778
1668	166900	0.000278778
1669	167000	0.000278778
1670	167100	0.000278778
1671	167200	0.000278778
1672	167300	0.000278778
1673	167400	0.000278778
1674	167500	0.000278778
1675	167600	0.000278778
1676	167700	0.000278778
1677	167800	0.000278778
1678	167900	0.000278778
1679	168000	0.000278778
1680	168100	0.000278778
1681	168200	0.000278778
1682	168300	0.000278778
1683	168400	0.000278778
1684	168500	0.000278778
1685	168600	0.000278778
1686	168700	0.000278778
1687	168800	0.000278778
1688	168900	0.000278778
1689	169000	0.000278778
1690	169100	0.000278778
1691	169200	0.000278778
1692	169300	0.000278778
1693	169400	0.000278778
1694	169500	0.000278778
1695	169600	0.000278778
1696	169700	0.000278778
1697	169800	0.000278778
1698	169900	0.000278778
1699	170000	0.000278778
1700	170100	0.000278778
1701	170200	0.000278778
1702	170300	0.000278778
1703	170400	0.000278778
1704	170500	0.000278778
1705	170600	0.000278778
1706	170700	0.000278778
1707	170800	0.000278778
1708	170900	0.000278778
1709	171000	0.000278778
1710	171100	0.000278778
1711	171200	0.000278778
1712	171300	0.000278778
1713	171400	0.000186991
1714	171500	0.000186991
1715	171600	0.000186991
1716	171700	0.000186991
1717	171800	0.000186991
1718	171900	0.000186991
1719	172000	0.000186991
1720	172100	0.000186991
1721	172200	0.000186991
1722	172300	0.000186991
1723	172400	0.000186991
1724	172500	0.000186991
1725	172600	0.000186991
1726	172700	0.000186991
1727	172800	0.000186991
1728	172900	0.000186991
1729	173000	0.000186991
1730	173100	0.000186991
1731	173200	0.000186991
1732	173300	0.000186991
1733	173400	0.000186991
1734	173500	0.000186991
1735	173600	0.000186991
1736	173700	0.000186991
1737	173800	0.000186991
1738	173900	0.000186991
1739	174000	0.000186991
1740	174100	0.000186991
1741	174200	0.000186991
1742	174300	0.000186991
1743	174400	0.000186991
1744	174500	0.000186991
1745	174600	0.000186991
1746	174700	0.000186991
1747	174800	0.000186991
1748	174900	0.000186991
1749	175000	0.000186991
1750	175100	0.000186991
1751	175200	0.000186991
1752	175300	0.000186991
1753	175400	0.000186991
1754	175500	0.000186991
1755	175600	0.000186991
1756	175700	0.000186991
1757	175800	0.000186991
1758	175900	0.000186991
1759	176000	0.000186991
1760	176100	0.000186991
1761	176200	0.000186991
1762	176300	0.000186991
1763	176400	0.000186991
1764	176500	0.000186991
1765	176600	0.000186991
1766	176700	0.000186991
1767	176800	0.000186991
1768	176900	0.000186991
1769	177000	0.000186991
1770	177100	0.000186991
1771	177200	0.000186991
1772	177300	0.000186991
1773	177400	0.000186991
1774	177500	0.000186991
1775	177600	0.000186991
1776	177700	0.000186991
1777	177800	0.000186991
1778	177900	0.000186991
1779	178000	0.000186991
1780	178100	0.000186991
1781	178200	0.000186991
1782	178300	0.000186991
1783	178400	0.000186991
1784	178500	0.000186991
1785	178600	0.000186991
1786	178700	0.000186991
1787	178800	0.000186991
1788	178900	0.000186991
1789	179000	0.000186991
1790	179100	0.000186991
1791	179200	0.000186991
1792	179300	0.000186991
1793	179400	0.000186991
1794	179500	0.000186991
1795	179600	0.000186991
1796	179700	0.000186991
1797	179800	0.000186991
1798	179900	0.000186991
1799	180000	0.000186991
1800	180100	0.000186991
1801	180200	0.000186991
1802	180300	0.000186991
1803	180400	0.000186991
1804	180500	0.000186991
1805	180600	0.000186991
1806	180700	0.000186991
1807	180800	0.000186991
1808	180900	0.000186991
1809	181000	0.000186991
1810	181100	0.000186991
1811	181200	0.000186991
1812	181300	0.000186991
1813	181400	0.000186991
1814	181500	0.000186991
1815	181600	0.000186991
1816	181700	0.000186991
1817	181800	0.000186991
1818	181900	0.000186991
1819	182000	0.000186991
1820	182100	0.000186991
1821	182200	0.000186991
1822	182300	0.000186991
1823	182400	0.000186991
1824	182500	0.000186991
1825	182600	0.000186991
1826	182700	0.000186991
1827	182800	0.000186991
1828	182900	0.000186991
1829	183000	0.000186991
1830	183100	0.000186991
1831	183200	0.000185921
1832	183300	0.000185921
1833	183400	0.000185921
1834	183500	0.000185921
1835	183600	0.000185921
1836	183700	0.000185921
1837	183800	0.000185921
1838	183900	0.000185921
1839	184000	0.000185921
1840	184100	0.000185921
1841	184200	0.000185921
1842	184300	0.000185921
1843	184400	0.000185921
1844	184500	0.000185921
1845	184600	0.000185921
1846	184700	0.000185921
1847	184800	0.000185921
1848	184900	0.000185921
1849	185000	0.000185921
1850	185100	0.000185921
1851	185200	0.000185921
1852	185300	0.000185921
1853	185400	0.000185921
1854	185500	0.000185921
1855	185600	0.000185921
1856	185700	0.000185921
1857	185800	0.000185921
1858	185900	0.000185921
1859	186000	0.000185921
1860	186100	0.000185921
1861	186200	0.000185921
1862	186300	0.000185921
1863	186400	0.000185921
1864	186500	0.000185921
1865	186600	0.000185921
1866	186700	0.000185921
1867	186800	0.000185921
1868	186900	0.000185921
1869	187000	0.000185921
1870	187100	0.000185921
1871	187200	0.000185921
1872	187300	0.000185921
1873	187400	0.000185921
1874	187500	0.000185921
1875	187600	0.000185921
1876	187700	0.000185921
1877	187800	0.000185921
1878	187900	0.000185921
1879	188000	0.000185921
1880	188100	0.000185921
1881	188200	0.000185921
1882	188300	0.000185921
1883	188400	0.000185921
1884	188500	0.000185921
1885	188600	0.000185921
1886	188700	0.000185921
1887	188800	0.000185921
1888	188900	0.000185921
1889	189000	0.000185921
1890	189100	0.000185921
1891	189200	0.000185921
1892	189300	0.000185921
1893	189400	0.000185921
1894	189500	0.000185921
1895	189600	0.000185921
1896	189700	0.000185921
1897	189800	0.000185921
1898	189900	0.000185921
1899	190000	0.000185921
1900	190100	0.000185921
1901	190200	0.000185921
1902	190300	0.000185921
1903	190400	0.000185921
1904	190500	0.000185921
1905	190600	0.000185921
1906	190700	0.000185921
1907	190800	0.000185921
1908	190900	0.000185921
1909	191000	0.000185921
1910	191100	0.000185921
1911	191200	0.000185921
1912	191300	0.000185921
1913	191400	0.000185921
1914	191500	0.000185921
1915	191600	0.000185921
1916	191700	0.000185921
1917	191800	0.000185921
1918	191900	0.000185921
1919	192000	0.000185921
1920	192100	0.000185921
1921	192200	0.000185921
1922	192300	0.000185921
1923	192400	0.000185921
1924	192500	0.000185921
1925	192600	0.000185921
1926	192700	0.000185921
1927	192800	0.000185921
1928	192900	0.000185921
1929	193000	0.000185921
1930	193100	0.000185921
1931	193200	0.000185921
1932	193300	0.000185921
1933	193400	0.000185921
1934	193500	0.000185921
1935	193600	0.000185921
1936	193700	0.000185921
1937	193800	0.000185921
1938	193900	0.000185921
1939	194000	0.000185921
1940	194100	0.000185921
1941	194200	0.000185921
1942	194300	0.000185921
1943	194400	0.000185921
1944	194500	0.000185921
1945	194600	0.000185921
1946	194700	0.000185921
1947	194800	0.000185921
1948	194900	0.000185921
1949	195000	0.000185921
1950	195100	0.000185921
1951	195200	0.000185921
1952	195300	0.000185921
1953	195400	0.000185921
1954	195500	0.000185921
1955	195600	0.000185921
1956	195700	0.000185921
1957	195800	0.000185921
1958	195900	0.000185921
1959	196000	0.000185921
1960	196100	0.000185921
1961	196200	0.000185921
1962	196300	0.000185921
1963	196400	0.000185921
1964	196500	0.000185921
1965	196600	0.000185921
1966	196700	0.000185921
1967	196800	0.000185921
1968	196900	0.000185921
1969	197000	0.000185921
1970	197100	0.000185921
1971	197200	0.000185921
1972	197300	0.000185921
1973	197400	0.000185921
1974	197500	0.000185921
1975	197600	0.000185921
1976	197700	0.000185921
1977	197800	0.000185921
1978	197900	0.000185921
1979	198000	0.000185921
1980	198100	0.000185921
1981	198200	0.000185921
1982	198300	0.000185921
1983	198400	0.000185921
1984	198500	0.000185921
1985	198600	0.000185921
1986	198700	0.000185921
1987	198800	0.000185921
1988	198900	0.000185921
1989	199000	0.000185921
1990	199100	0.000185921
1991	199200	0.000185921
1992	199300	0.000185921
1993	199400	0.000185921
1994	199500	0.000185921
1995	199600	0.000185921
1996	199700	0.000185921
1997	199800	0.000185921
1998	199900	0.000185921
1999	200000	0.000185921
2000	200100	0.000185921
