1	200	232.336
2	300	172.191
3	400	134.045
4	500	99.3924
5	600	63.7016
6	700	54.5427
7	800	48.9818
8	900	36.286
9	1000	23.4223
10	1100	23.4223
11	1200	23.4223
12	1300	14.864
13	1400	12.1919
14	1500	11.8573
15	1600	11.4616
16	1700	10.883
17	1800	10.883
18	1900	5.58555
19	2000	5.07179
20	2100	4.93019
21	2200	2.93695
22	2300	2.23539
23	2400	1.94747
24	2500	1.86317
25	2600	1.50803
26	2700	1.45074
27	2800	1.17677
28	2900	1.0362
29	3000	0.978907
30	3100	0.978907
31	3200	0.978907
32	3300	0.978907
33	3400	0.978907
34	3500	0.978907
35	3600	0.851472
36	3700	0.759571
37	3800	0.632136
38	3900	0.468261
39	4000	0.340825
40	4100	0.340825
41	4200	0.340825
42	4300	0.340825
43	4400	0.340825
44	4500	0.340825
45	4600	0.340825
46	4700	0.316344
47	4800	0.316344
48	4900	0.316344
49	5000	0.316344
50	5100	0.316344
51	5200	0.316344
52	5300	0.316344
53	5400	0.316344
54	5500	0.316344
55	5600	0.316344
56	5700	0.316344
57	5800	0.316344
58	5900	0.316344
59	6000	0.316344
60	6100	0.316344
61	6200	0.313063
62	6300	0.313063
63	6400	0.313063
64	6500	0.313063
65	6600	0.313063
66	6700	0.313063
67	6800	0.256852
68	6900	0.256852
69	7000	0.256852
70	7100	0.256527
71	7200	0.238308
72	7300	0.238308
73	7400	0.238308
74	7500	0.238308
75	7600	0.238308
76	7700	0.125529
77	7800	0.125529
78	7900	0.125529
79	8000	0.125529
80	8100	0.125529
81	8200	0.125529
82	8300	0.125529
83	8400	0.125529
84	8500	0.125529
85	8600	0.125529
86	8700	0.125529
87	8800	0.125529
88	8900	0.125529
89	9000	0.125408
90	9100	0.125408
91	9200	0.125408
92	9300	0.125408
93	9400	0.125408
94	9500	0.125408
95	9600	0.125408
96	9700	0.125408
97	9800	0.125408
98	9900	0.125408
99	10000	0.125408
100	10100	0.125408
101	10200	0.125408
102	10300	0.125408
103	10400	0.109191
104	10500	0.0875529
105	10600	0.0875529
106	10700	0.0875529
107	10800	0.0875529
108	10900	0.0871622
109	11000	0.0871622
110	11100	0.0871622
111	11200	0.0871622
112	11300	0.0781344
113	11400	0.0781344
114	11500	0.0781344
115	11600	0.0589308
116	11700	0.0589308
117	11800	0.0589308
118	11900	0.0589308
119	12000	0.0589308
120	12100	0.0589308
121	12200	0.0589308
122	12300	0.0589308
123	12400	0.0589308
124	12500	0.0589308
125	12600	0.0589308
126	12700	0.0589308
127	12800	0.0589308
128	12900	0.0589308
129	13000	0.0589308
130	13100	0.0556759
131	13200	0.0545315
132	13300	0.0512766
133	13400	0.0512766
134	13500	0.0512766
135	13600	0.0512766
136	13700	0.0512766
137	13800	0.0512766
138	13900	0.0512766
139	14000	0.0512766
140	14100	0.0512766
141	14200	0.0512766
142	14300	0.0512766
143	14400	0.0512766
144	14500	0.0512766
145	14600	0.0512766
146	14700	0.0512766
147	14800	0.0512766
148	14900	0.0512766
149	15000	0.01326
150	15100	0.01326
151	15200	0.01326
152	15300	0.01326
153	15400	0.01326
154	15500	0.01326
155	15600	0.01326
156	15700	0.01326
157	15800	0.01326
158	15900	0.01326
159	16000	0.01326
160	16100	0.01326
161	16200	0.0122108
162	16300	0.0122108
163	16400	0.0122108
164	16500	0.0122108
165	16600	0.0122108
166	16700	0.0122108
167	16800	0.0122108
168	16900	0.0122108
169	17000	0.0122108
170	17100	0.0122108
171	17200	0.0122108
172	17300	0.0122108
173	17400	0.0122108
174	17500	0.0122108
175	17600	0.0122108
176	17700	0.0122108
177	17800	0.0122108
178	17900	0.0122108
179	18000	0.0122108
180	18100	0.0122108
181	18200	0.0122108
182	18300	0.0122108
183	18400	0.0122108
184	18500	0.0122108
185	18600	0.0122108
186	18700	0.0122108
187	18800	0.0122108
188	18900	0.0122108
189	19000	0.0122108
190	19100	0.0122108
191	19200	0.0122108
192	19300	0.0122108
193	19400	0.0122108
194	19500	0.0122108
195	19600	0.0122108
196	19700	0.0122108
197	19800	0.0122108
198	19900	0.0122108
199	20000	0.0113343
200	20100	0.0113343
201	20200	0.0113343
202	20300	0.0113343
203	20400	0.0113343
204	20500	0.0113343
205	20600	0.0113343
206	20700	0.0113343
207	20800	0.0113343
208	20900	0.0113343
209	21000	0.0113343
210	21100	0.0113343
211	21200	0.0113343
212	21300	0.0113343
213	21400	0.0113343
214	21500	0.0113343
215	21600	0.0113343
216	21700	0.0113343
217	21800	0.0113343
218	21900	0.0113343
219	22000	0.0113343
220	22100	0.0113343
221	22200	0.0113343
222	22300	0.0113343
223	22400	0.0113343
224	22500	0.0113343
225	22600	0.0113343
226	22700	0.00821708
227	22800	0.00821708
228	22900	0.00821708
229	23000	0.00821708
230	23100	0.00587626
231	23200	0.00587626
232	23300	0.00587626
233	23400	0.00587626
234	23500	0.00587626
235	23600	0.00587626
236	23700	0.00587626
237	23800	0.00587626
238	23900	0.00587626
239	24000	0.00587626
240	24100	0.00587626
241	24200	0.00587626
242	24300	0.00587626
243	24400	0.00587626
244	24500	0.00587626
245	24600	0.00587626
246	24700	0.00587626
247	24800	0.00587626
248	24900	0.00587626
249	25000	0.00587626
250	25100	0.00587626
251	25200	0.00587626
252	25300	0.00587626
253	25400	0.00587626
254	25500	0.00587626
255	25600	0.00587626
256	25700	0.00587626
257	25800	0.00587626
258	25900	0.00587626
259	26000	0.00547378
260	26100	0.00547378
261	26200	0.00547378
262	26300	0.00547378
263	26400	0.00547378
264	26500	0.00547378
265	26600	0.00547378
266	26700	0.00547378
267	26800	0.00547378
268	26900	0.00480227
269	27000	0.00480227
270	27100	0.00480227
271	27200	0.00480227
272	27300	0.00480227
273	27400	0.00480227
274	27500	0.00480227
275	27600	0.00480227
276	27700	0.00480227
277	27800	0.00480227
278	27900	0.00480227
279	28000	0.00480227
280	28100	0.00480227
281	28200	0.00480227
282	28300	0.00480227
283	28400	0.00480227
284	28500	0.00480227
285	28600	0.00480227
286	28700	0.00480227
287	28800	0.00480227
288	28900	0.00480227
289	29000	0.00480227
290	29100	0.00480227
291	29200	0.00480227
292	29300	0.00480227
293	29400	0.00480227
294	29500	0.00480227
295	29600	0.00480227
296	29700	0.00480227
297	29800	0.00480227
298	29900	0.00463537
299	30000	0.00463537
300	30100	0.00463537
301	30200	0.00463537
302	30300	0.00463537
303	30400	0.00462118
304	30500	0.00462118
305	30600	0.00462118
306	30700	0.00462118
307	30800	0.00462118
308	30900	0.00462118
309	31000	0.00462118
310	31100	0.00462118
311	31200	0.00462118
312	31300	0.00462118
313	31400	0.00258115
314	31500	0.00258115
315	31600	0.00258115
316	31700	0.00258115
317	31800	0.00258115
318	31900	0.00258115
319	32000	0.00258115
320	32100	0.00258115
321	32200	0.00258115
322	32300	0.00258115
323	32400	0.00258115
324	32500	0.00258115
325	32600	0.00258115
326	32700	0.00258115
327	32800	0.00258115
328	32900	0.00258115
329	33000	0.00258115
330	33100	0.00258115
331	33200	0.00258115
332	33300	0.00258115
333	33400	0.00258115
334	33500	0.0020604
335	33600	0.0020604
336	33700	0.0020604
337	33800	0.0020604
338	33900	0.0020604
339	34000	0.0020604
340	34100	0.0020604
341	34200	0.0020604
342	34300	0.0020604
343	34400	0.0020604
344	34500	0.0020604
345	34600	0.0020604
346	34700	0.0020604
347	34800	0.0020604
348	34900	0.0020604
349	35000	0.0020604
350	35100	0.0020604
351	35200	0.0020604
352	35300	0.0020604
353	35400	0.0020604
354	35500	0.0020604
355	35600	0.0020604
356	35700	0.0020604
357	35800	0.0020604
358	35900	0.0020604
359	36000	0.0020604
360	36100	0.0020604
361	36200	0.0020604
362	36300	0.0020604
363	36400	0.0020604
364	36500	0.0020604
365	36600	0.0020604
366	36700	0.0020604
367	36800	0.0020604
368	36900	0.0020604
369	37000	0.0020604
370	37100	0.0020604
371	37200	0.0020604
372	37300	0.0020604
373	37400	0.0020604
374	37500	0.0020604
375	37600	0.0020604
376	37700	0.0020604
377	37800	0.0020604
378	37900	0.0020604
379	38000	0.0020604
380	38100	0.0020604
381	38200	0.0020604
382	38300	0.0020604
383	38400	0.0020604
384	38500	0.0020604
385	38600	0.0020604
386	38700	0.0020604
387	38800	0.0020604
388	38900	0.0020604
389	39000	0.0020604
390	39100	0.0020604
391	39200	0.0020604
392	39300	0.0020604
393	39400	0.0020604
394	39500	0.0020604
395	39600	0.0020604
396	39700	0.0020604
397	39800	0.0020604
398	39900	0.0020604
399	40000	0.0020604
400	40100	0.0020604
401	40200	0.0020604
402	40300	0.0020604
403	40400	0.00187122
404	40500	0.00187122
405	40600	0.00187122
406	40700	0.00187122
407	40800	0.00187122
408	40900	0.00187122
409	41000	0.00187122
410	41100	0.00187122
411	41200	0.00187122
412	41300	0.00187122
413	41400	0.00187122
414	41500	0.00187122
415	41600	0.00187122
416	41700	0.00187122
417	41800	0.00187122
418	41900	0.00187122
419	42000	0.00187122
420	42100	0.00187122
421	42200	0.00187122
422	42300	0.00187122
423	42400	0.00187122
424	42500	0.00187122
425	42600	0.00187122
426	42700	0.00187122
427	42800	0.00187122
428	42900	0.00187122
429	43000	0.00187122
430	43100	0.00187122
431	43200	0.00187122
432	43300	0.00187122
433	43400	0.00187122
434	43500	0.00187122
435	43600	0.00187122
436	43700	0.00187122
437	43800	0.00187122
438	43900	0.00187122
439	44000	0.00187122
440	44100	0.00187122
441	44200	0.00187122
442	44300	0.00187122
443	44400	0.00187122
444	44500	0.00187122
445	44600	0.00187122
446	44700	0.00187122
447	44800	0.00187122
448	44900	0.00187122
449	45000	0.00187122
450	45100	0.00187122
451	45200	0.00187122
452	45300	0.00187122
453	45400	0.00187122
454	45500	0.00187122
455	45600	0.00187122
456	45700	0.00187122
457	45800	0.00187122
458	45900	0.00187122
459	46000	0.00187122
460	46100	0.00187122
461	46200	0.00187122
462	46300	0.00187122
463	46400	0.00187122
464	46500	0.00187122
465	46600	0.00187122
466	46700	0.00187122
467	46800	0.00187122
468	46900	0.00187122
469	47000	0.00187122
470	47100	0.00187122
471	47200	0.00187122
472	47300	0.00187122
473	47400	0.00187122
474	47500	0.00187122
475	47600	0.00187122
476	47700	0.00187122
477	47800	0.00187122
478	47900	0.00187122
479	48000	0.00187122
480	48100	0.00187122
481	48200	0.00187122
482	48300	0.00187122
483	48400	0.00187122
484	48500	0.00187122
485	48600	0.00187122
486	48700	0.00187122
487	48800	0.00187122
488	48900	0.00187122
489	49000	0.00187122
490	49100	0.00187122
491	49200	0.00187122
492	49300	0.00187122
493	49400	0.00187122
494	49500	0.00187122
495	49600	0.00187122
496	49700	0.00187122
497	49800	0.00187122
498	49900	0.00187122
499	50000	0.00187122
500	50100	0.00187122
501	50200	0.00187122
502	50300	0.00187122
503	50400	0.00187122
504	50500	0.00187122
505	50600	0.00187122
506	50700	0.00187122
507	50800	0.00187122
508	50900	0.00187122
509	51000	0.00187122
510	51100	0.00187122
511	51200	0.00187122
512	51300	0.00187122
513	51400	0.00187122
514	51500	0.00187122
515	51600	0.00187122
516	51700	0.00187122
517	51800	0.00187122
518	51900	0.00187122
519	52000	0.00187122
520	52100	0.00187122
521	52200	0.00187122
522	52300	0.00187122
523	52400	0.00187122
524	52500	0.00187122
525	52600	0.00187122
526	52700	0.00187122
527	52800	0.00187122
528	52900	0.00187122
529	53000	0.00187122
530	53100	0.00187122
531	53200	0.00187122
532	53300	0.00187122
533	53400	0.00187122
534	53500	0.00187122
535	53600	0.00187122
536	53700	0.00187122
537	53800	0.00187122
538	53900	0.00187122
539	54000	0.00187122
540	54100	0.00187122
541	54200	0.00187122
542	54300	0.00187122
543	54400	0.00187122
544	54500	0.00187122
545	54600	0.00187122
546	54700	0.00187122
547	54800	0.00187122
548	54900	0.00187122
549	55000	0.00187122
550	55100	0.00187122
551	55200	0.00187122
552	55300	0.00187122
553	55400	0.00187122
554	55500	0.00187122
555	55600	0.00187122
556	55700	0.00187122
557	55800	0.00187122
558	55900	0.00187122
559	56000	0.00187122
560	56100	0.00187122
561	56200	0.00187122
562	56300	0.00187122
563	56400	0.00187122
564	56500	0.00187122
565	56600	0.00187122
566	56700	0.00187122
567	56800	0.00187122
568	56900	0.00186829
569	57000	0.00151118
570	57100	0.00150826
571	57200	0.00150826
572	57300	0.00150826
573	57400	0.00150826
574	57500	0.00150826
575	57600	0.00150826
576	57700	0.00150826
577	57800	0.00150826
578	57900	0.00150826
579	58000	0.00150826
580	58100	0.00150826
581	58200	0.00150826
582	58300	0.00150826
583	58400	0.00150826
584	58500	0.00150826
585	58600	0.00150826
586	58700	0.00150826
587	58800	0.00150826
588	58900	0.00150826
589	59000	0.00150826
590	59100	0.00150826
591	59200	0.00150826
592	59300	0.00150826
593	59400	0.00150826
594	59500	0.00150826
595	59600	0.00150826
596	59700	0.00150826
597	59800	0.00150826
598	59900	0.00150826
599	60000	0.00150826
600	60100	0.00150826
601	60200	0.00150826
602	60300	0.00150826
603	60400	0.00150826
604	60500	0.00150826
605	60600	0.00150826
606	60700	0.00150826
607	60800	0.00150826
608	60900	0.00150826
609	61000	0.00150826
610	61100	0.00150826
611	61200	0.00150826
612	61300	0.00149584
613	61400	0.00149584
614	61500	0.00149584
615	61600	0.00149584
616	61700	0.00149584
617	61800	0.00149584
618	61900	0.00149584
619	62000	0.00149584
620	62100	0.00149584
621	62200	0.00149584
622	62300	0.00149584
623	62400	0.00149584
624	62500	0.00149584
625	62600	0.00149584
626	62700	0.00149584
627	62800	0.00149584
628	62900	0.00149584
629	63000	0.00149584
630	63100	0.00149584
631	63200	0.00149584
632	63300	0.00149584
633	63400	0.00149584
634	63500	0.00149584
635	63600	0.00149584
636	63700	0.00149584
637	63800	0.00149584
638	63900	0.00149584
639	64000	0.00149584
640	64100	0.00149584
641	64200	0.00149584
642	64300	0.00149584
643	64400	0.00149584
644	64500	0.00149584
645	64600	0.00149584
646	64700	0.00149584
647	64800	0.00149584
648	64900	0.00149584
649	65000	0.00149584
650	65100	0.00149584
651	65200	0.00149584
652	65300	0.00145967
653	65400	0.00145967
654	65500	0.00145967
655	65600	0.00145967
656	65700	0.00145967
657	65800	0.00145967
658	65900	0.00116435
659	66000	0.00116435
660	66100	0.00116435
661	66200	0.00116435
662	66300	0.00116435
663	66400	0.00116435
664	66500	0.00116435
665	66600	0.00116435
666	66700	0.00116435
667	66800	0.00116435
668	66900	0.00116435
669	67000	0.00116435
670	67100	0.00116435
671	67200	0.00116435
672	67300	0.00116435
673	67400	0.00116435
674	67500	0.00116435
675	67600	0.00116435
676	67700	0.00116435
677	67800	0.00116435
678	67900	0.00116435
679	68000	0.00116435
680	68100	0.00116435
681	68200	0.00116435
682	68300	0.00116435
683	68400	0.00116435
684	68500	0.00116435
685	68600	0.00116435
686	68700	0.000734339
687	68800	0.000734339
688	68900	0.000734339
689	69000	0.000734339
690	69100	0.000734339
691	69200	0.000734339
692	69300	0.000734339
693	69400	0.000734339
694	69500	0.000734339
695	69600	0.000734339
696	69700	0.000734339
697	69800	0.000734339
698	69900	0.000734339
699	70000	0.000734339
700	70100	0.000734339
701	70200	0.000734339
702	70300	0.000734339
703	70400	0.000734339
704	70500	0.000734339
705	70600	0.000734339
706	70700	0.000734339
707	70800	0.000734339
708	70900	0.000734339
709	71000	0.000734339
710	71100	0.000734339
711	71200	0.000734339
712	71300	0.000734339
713	71400	0.000734339
714	71500	0.000734339
715	71600	0.000734339
716	71700	0.000734339
717	71800	0.000734339
718	71900	0.000734339
719	72000	0.000734339
720	72100	0.000734339
721	72200	0.000734339
722	72300	0.000734339
723	72400	0.000734339
724	72500	0.000734339
725	72600	0.000734339
726	72700	0.000734339
727	72800	0.000734339
728	72900	0.000734339
729	73000	0.000734339
730	73100	0.000734339
731	73200	0.000734339
732	73300	0.000734339
733	73400	0.000734339
734	73500	0.000734339
735	73600	0.000734339
736	73700	0.000734339
737	73800	0.000734339
738	73900	0.000734339
739	74000	0.000734339
740	74100	0.000734339
741	74200	0.000734339
742	74300	0.000734339
743	74400	0.000734339
744	74500	0.000734339
745	74600	0.000734339
746	74700	0.000734339
747	74800	0.000734339
748	74900	0.000734339
749	75000	0.000734339
750	75100	0.000734339
751	75200	0.000734339
752	75300	0.000734339
753	75400	0.000734339
754	75500	0.000734339
755	75600	0.000734339
756	75700	0.000734339
757	75800	0.000734339
758	75900	0.000734339
759	76000	0.000734339
760	76100	0.000734339
761	76200	0.000734339
762	76300	0.000734339
763	76400	0.000734339
764	76500	0.000734339
765	76600	0.000734339
766	76700	0.000734339
767	76800	0.000734339
768	76900	0.000734339
769	77000	0.000734339
770	77100	0.000734339
771	77200	0.000734339
772	77300	0.000734339
773	77400	0.000734339
774	77500	0.000734339
775	77600	0.000734339
776	77700	0.000734339
777	77800	0.000734339
778	77900	0.000734339
779	78000	0.000734339
780	78100	0.000734339
781	78200	0.000734339
782	78300	0.000734339
783	78400	0.000734339
784	78500	0.000734339
785	78600	0.000734339
786	78700	0.000734339
787	78800	0.000734339
788	78900	0.000734339
789	79000	0.000734339
790	79100	0.000734339
791	79200	0.000734339
792	79300	0.000734339
793	79400	0.000734339
794	79500	0.000734339
795	79600	0.000734339
796	79700	0.000734339
797	79800	0.000734339
798	79900	0.000734339
799	80000	0.000734339
800	80100	0.000734339
801	80200	0.000734339
802	80300	0.000734339
803	80400	0.000734339
804	80500	0.000734339
805	80600	0.000734339
806	80700	0.000734339
807	80800	0.000734339
808	80900	0.000734339
809	81000	0.000734339
810	81100	0.000734339
811	81200	0.000734339
812	81300	0.000734339
813	81400	0.000734339
814	81500	0.000734339
815	81600	0.000734339
816	81700	0.000734339
817	81800	0.000734339
818	81900	0.000734339
819	82000	0.000734339
820	82100	0.000734339
821	82200	0.000734339
822	82300	0.000734339
823	82400	0.000734339
824	82500	0.000734339
825	82600	0.000734339
826	82700	0.000734339
827	82800	0.000734339
828	82900	0.000734339
829	83000	0.000734339
830	83100	0.000734339
831	83200	0.000734339
832	83300	0.000734339
833	83400	0.000734339
834	83500	0.000734339
835	83600	0.000734339
836	83700	0.000734339
837	83800	0.000734339
838	83900	0.000734339
839	84000	0.000734339
840	84100	0.000734339
841	84200	0.000734339
842	84300	0.000734339
843	84400	0.000734339
844	84500	0.000734339
845	84600	0.000734339
846	84700	0.000734339
847	84800	0.000734339
848	84900	0.000734339
849	85000	0.000734339
850	85100	0.000734339
851	85200	0.000734339
852	85300	0.000734339
853	85400	0.000734339
854	85500	0.000734339
855	85600	0.000734339
856	85700	0.000734339
857	85800	0.000734339
858	85900	0.000734339
859	86000	0.000734339
860	86100	0.000734339
861	86200	0.000734339
862	86300	0.000734339
863	86400	0.000734339
864	86500	0.000734339
865	86600	0.000734339
866	86700	0.000734339
867	86800	0.000734339
868	86900	0.000734339
869	87000	0.000734339
870	87100	0.000734339
871	87200	0.000734339
872	87300	0.000734339
873	87400	0.000734339
874	87500	0.000734339
875	87600	0.000734339
876	87700	0.000734339
877	87800	0.000734339
878	87900	0.000734339
879	88000	0.000734339
880	88100	0.000734339
881	88200	0.000734339
882	88300	0.000734339
883	88400	0.000734339
884	88500	0.000734339
885	88600	0.000734339
886	88700	0.000734339
887	88800	0.000734339
888	88900	0.000734339
889	89000	0.000734339
890	89100	0.000734339
891	89200	0.000734339
892	89300	0.000734339
893	89400	0.000734339
894	89500	0.000734339
895	89600	0.000734339
896	89700	0.000734339
897	89800	0.000734339
898	89900	0.000734339
899	90000	0.000734339
900	90100	0.000734339
901	90200	0.000734339
902	90300	0.000734339
903	90400	0.000734339
904	90500	0.000734339
905	90600	0.000734339
906	90700	0.000734339
907	90800	0.000734339
908	90900	0.000734339
909	91000	0.000734339
910	91100	0.000734339
911	91200	0.000734339
912	91300	0.000734339
913	91400	0.000734339
914	91500	0.000734339
915	91600	0.000734339
916	91700	0.000734339
917	91800	0.000734339
918	91900	0.000734339
919	92000	0.000734339
920	92100	0.000734339
921	92200	0.000734339
922	92300	0.000734339
923	92400	0.000734339
924	92500	0.000734339
925	92600	0.000734339
926	92700	0.000734339
927	92800	0.000734339
928	92900	0.000734339
929	93000	0.000734339
930	93100	0.000734339
931	93200	0.000734339
932	93300	0.000734339
933	93400	0.000732953
934	93500	0.000732953
935	93600	0.000732953
936	93700	0.000732953
937	93800	0.000732953
938	93900	0.000732953
939	94000	0.000732953
940	94100	0.000667316
941	94200	0.000667316
942	94300	0.000667316
943	94400	0.000667316
944	94500	0.000667316
945	94600	0.000667316
946	94700	0.000667316
947	94800	0.000667316
948	94900	0.000667316
949	95000	0.000667316
950	95100	0.000667316
951	95200	0.000667316
952	95300	0.000667316
953	95400	0.000667316
954	95500	0.000667316
955	95600	0.000667316
956	95700	0.000667316
957	95800	0.000667316
958	95900	0.000667316
959	96000	0.000667316
960	96100	0.000667316
961	96200	0.000667316
962	96300	0.000667316
963	96400	0.000667316
964	96500	0.000667316
965	96600	0.000667316
966	96700	0.000667316
967	96800	0.000667316
968	96900	0.000667316
969	97000	0.000667316
970	97100	0.000667316
971	97200	0.000667316
972	97300	0.000667316
973	97400	0.000667316
974	97500	0.000667316
975	97600	0.000667316
976	97700	0.000667316
977	97800	0.000667316
978	97900	0.000667316
979	98000	0.000667316
980	98100	0.000667316
981	98200	0.000667316
982	98300	0.000667316
983	98400	0.000667316
984	98500	0.000667316
985	98600	0.000667316
986	98700	0.000667316
987	98800	0.000667316
988	98900	0.000667316
989	99000	0.000667316
990	99100	0.000667316
991	99200	0.000667316
992	99300	0.000667316
993	99400	0.000667316
994	99500	0.000667316
995	99600	0.000667316
996	99700	0.000667316
997	99800	0.000667316
998	99900	0.000667316
999	100000	0.000667316
1000	100100	0.000667316
1001	100200	0.000660576
1002	100300	0.000660576
1003	100400	0.000660576
1004	100500	0.000660576
1005	100600	0.000660576
1006	100700	0.000660576
1007	100800	0.000660576
1008	100900	0.000660576
1009	101000	0.000660576
1010	101100	0.000660576
1011	101200	0.000660576
1012	101300	0.000660576
1013	101400	0.000660576
1014	101500	0.000660576
1015	101600	0.000660576
1016	101700	0.000660576
1017	101800	0.000660576
1018	101900	0.000660576
1019	102000	0.000660576
1020	102100	0.000660576
1021	102200	0.000660576
1022	102300	0.000660576
1023	102400	0.000660576
1024	102500	0.000660576
1025	102600	0.000660576
1026	102700	0.000660576
1027	102800	0.000660576
1028	102900	0.000660576
1029	103000	0.000660576
1030	103100	0.000660576
1031	103200	0.000660576
1032	103300	0.000660576
1033	103400	0.000660576
1034	103500	0.000660576
1035	103600	0.000660576
1036	103700	0.000660576
1037	103800	0.000660576
1038	103900	0.000660576
1039	104000	0.000658507
1040	104100	0.000658507
1041	104200	0.000658507
1042	104300	0.000658507
1043	104400	0.000658507
1044	104500	0.000658507
1045	104600	0.000658507
1046	104700	0.000658507
1047	104800	0.000658507
1048	104900	0.000658507
1049	105000	0.000658507
1050	105100	0.000658507
1051	105200	0.000658507
1052	105300	0.000658507
1053	105400	0.000658507
1054	105500	0.000658507
1055	105600	0.000658507
1056	105700	0.000658507
1057	105800	0.000658507
1058	105900	0.000658507
1059	106000	0.000658507
1060	106100	0.000658507
1061	106200	0.000658507
1062	106300	0.000658507
1063	106400	0.000658507
1064	106500	0.000658507
1065	106600	0.000658507
1066	106700	0.000658507
1067	106800	0.000658507
1068	106900	0.000658507
1069	107000	0.000658507
1070	107100	0.000658507
1071	107200	0.000658507
1072	107300	0.000658507
1073	107400	0.000658507
1074	107500	0.000658507
1075	107600	0.000658507
1076	107700	0.000658507
1077	107800	0.000658507
1078	107900	0.000658507
1079	108000	0.000658507
1080	108100	0.000658507
1081	108200	0.000658507
1082	108300	0.000658507
1083	108400	0.000658507
1084	108500	0.000658507
1085	108600	0.000658507
1086	108700	0.000658507
1087	108800	0.000658507
1088	108900	0.000658507
1089	109000	0.000658507
1090	109100	0.000658507
1091	109200	0.000658507
1092	109300	0.000658507
1093	109400	0.000658507
1094	109500	0.000658507
1095	109600	0.000658507
1096	109700	0.000658507
1097	109800	0.000658507
1098	109900	0.000658507
1099	110000	0.000658507
1100	110100	0.000658507
1101	110200	0.000658507
1102	110300	0.000658507
1103	110400	0.000658507
1104	110500	0.000658507
1105	110600	0.000658507
1106	110700	0.000658507
1107	110800	0.000658507
1108	110900	0.000658507
1109	111000	0.000658507
1110	111100	0.000658507
1111	111200	0.000658507
1112	111300	0.000658507
1113	111400	0.000658507
1114	111500	0.000658507
1115	111600	0.000658507
1116	111700	0.000658507
1117	111800	0.000658507
1118	111900	0.000658507
1119	112000	0.000658507
1120	112100	0.000658507
1121	112200	0.000658507
1122	112300	0.000658507
1123	112400	0.000658507
1124	112500	0.000658507
1125	112600	0.000658507
1126	112700	0.000658507
1127	112800	0.000658507
1128	112900	0.000658507
1129	113000	0.000658507
1130	113100	0.000658507
1131	113200	0.000658507
1132	113300	0.000658507
1133	113400	0.000658507
1134	113500	0.000658507
1135	113600	0.000658507
1136	113700	0.000658507
1137	113800	0.000658507
1138	113900	0.000658507
1139	114000	0.000658507
1140	114100	0.000658507
1141	114200	0.000658507
1142	114300	0.000658507
1143	114400	0.000658507
1144	114500	0.000658507
1145	114600	0.000658507
1146	114700	0.000658507
1147	114800	0.000658507
1148	114900	0.000658507
1149	115000	0.000658507
1150	115100	0.000658507
1151	115200	0.000658507
1152	115300	0.000658507
1153	115400	0.000658507
1154	115500	0.000658507
1155	115600	0.000658507
1156	115700	0.000658507
1157	115800	0.000658507
1158	115900	0.000658507
1159	116000	0.000658507
1160	116100	0.000658507
1161	116200	0.000658507
1162	116300	0.000658507
1163	116400	0.000658507
1164	116500	0.000658507
1165	116600	0.000658507
1166	116700	0.000658507
1167	116800	0.000658507
1168	116900	0.000658507
1169	117000	0.000658507
1170	117100	0.000658507
1171	117200	0.000658507
1172	117300	0.000658507
1173	117400	0.000658507
1174	117500	0.000658507
1175	117600	0.000658507
1176	117700	0.000658507
1177	117800	0.000658507
1178	117900	0.000658507
1179	118000	0.000658507
1180	118100	0.000658507
1181	118200	0.000658507
1182	118300	0.000658507
1183	118400	0.000658507
1184	118500	0.000658507
1185	118600	0.000658507
1186	118700	0.000658507
1187	118800	0.000658507
1188	118900	0.000658507
1189	119000	0.000658507
1190	119100	0.000658507
1191	119200	0.000658507
1192	119300	0.000657887
1193	119400	0.000657887
1194	119500	0.000657887
1195	119600	0.000657887
1196	119700	0.000657887
1197	119800	0.000657887
1198	119900	0.000657887
1199	120000	0.000657887
1200	120100	0.000657887
1201	120200	0.000657887
1202	120300	0.000657887
1203	120400	0.000657887
1204	120500	0.000657887
1205	120600	0.000657887
1206	120700	0.000657887
1207	120800	0.000657887
1208	120900	0.000657887
1209	121000	0.000657887
1210	121100	0.000657887
1211	121200	0.000657887
1212	121300	0.000657887
1213	121400	0.000657887
1214	121500	0.000657887
1215	121600	0.000657887
1216	121700	0.000657887
1217	121800	0.000657887
1218	121900	0.000657887
1219	122000	0.000657887
1220	122100	0.000657887
1221	122200	0.000657887
1222	122300	0.000657887
1223	122400	0.000657887
1224	122500	0.000657887
1225	122600	0.000657887
1226	122700	0.000657887
1227	122800	0.000657887
1228	122900	0.000657887
1229	123000	0.000657887
1230	123100	0.000657887
1231	123200	0.000657887
1232	123300	0.000657887
1233	123400	0.000657887
1234	123500	0.000657887
1235	123600	0.000657887
1236	123700	0.000657887
1237	123800	0.000657887
1238	123900	0.000657887
1239	124000	0.000657887
1240	124100	0.000657887
1241	124200	0.000657887
1242	124300	0.000657887
1243	124400	0.000647082
1244	124500	0.000637495
1245	124600	0.000637495
1246	124700	0.000637495
1247	124800	0.000637495
1248	124900	0.000637495
1249	125000	0.000637495
1250	125100	0.000637495
1251	125200	0.000637495
1252	125300	0.000637495
1253	125400	0.000637495
1254	125500	0.000637495
1255	125600	0.000637495
1256	125700	0.000637495
1257	125800	0.000637495
1258	125900	0.000637495
1259	126000	0.000637495
1260	126100	0.000637495
1261	126200	0.000637495
1262	126300	0.000637495
1263	126400	0.000637495
1264	126500	0.000637495
1265	126600	0.000637495
1266	126700	0.000637495
1267	126800	0.000637495
1268	126900	0.000637495
1269	127000	0.000637495
1270	127100	0.000637495
1271	127200	0.000637495
1272	127300	0.000637495
1273	127400	0.000637495
1274	127500	0.000637495
1275	127600	0.000637495
1276	127700	0.000637495
1277	127800	0.000637495
1278	127900	0.000637495
1279	128000	0.000637495
1280	128100	0.000637495
1281	128200	0.000637495
1282	128300	0.000637495
1283	128400	0.000637495
1284	128500	0.000637495
1285	128600	0.000637495
1286	128700	0.000637495
1287	128800	0.000637495
1288	128900	0.000637495
1289	129000	0.000637495
1290	129100	0.000637495
1291	129200	0.000637495
1292	129300	0.000637495
1293	129400	0.000637495
1294	129500	0.000637495
1295	129600	0.000637495
1296	129700	0.000637495
1297	129800	0.000637495
1298	129900	0.000637495
1299	130000	0.000637495
1300	130100	0.000637495
1301	130200	0.000637495
1302	130300	0.000637495
1303	130400	0.000637495
1304	130500	0.000637495
1305	130600	0.000637495
1306	130700	0.000637495
1307	130800	0.000637495
1308	130900	0.000637495
1309	131000	0.000637495
1310	131100	0.000637495
1311	131200	0.000637495
1312	131300	0.000637495
1313	131400	0.000637495
1314	131500	0.000637495
1315	131600	0.000637495
1316	131700	0.000637495
1317	131800	0.000637495
1318	131900	0.000637495
1319	132000	0.000637495
1320	132100	0.000637495
1321	132200	0.000637495
1322	132300	0.000637495
1323	132400	0.000637495
1324	132500	0.000637495
1325	132600	0.000637495
1326	132700	0.000637495
1327	132800	0.000637495
1328	132900	0.000637495
1329	133000	0.000637495
1330	133100	0.000637495
1331	133200	0.000637495
1332	133300	0.000637495
1333	133400	0.000637495
1334	133500	0.000637495
1335	133600	0.000637495
1336	133700	0.000637495
1337	133800	0.000637495
1338	133900	0.000637495
1339	134000	0.000637495
1340	134100	0.000637495
1341	134200	0.000637495
1342	134300	0.000637495
1343	134400	0.000637495
1344	134500	0.000637495
1345	134600	0.000637495
1346	134700	0.000637495
1347	134800	0.000637495
1348	134900	0.000212655
1349	135000	0.000212655
1350	135100	0.000212655
1351	135200	0.000212655
1352	135300	0.000212655
1353	135400	0.000212655
1354	135500	0.000212655
1355	135600	0.000212655
1356	135700	0.000212655
1357	135800	0.000212655
1358	135900	0.000212655
1359	136000	0.000212655
1360	136100	0.000212655
1361	136200	0.000212655
1362	136300	0.000212655
1363	136400	0.000212655
1364	136500	0.000212655
1365	136600	0.000212655
1366	136700	0.000212655
1367	136800	0.000212655
1368	136900	0.000212655
1369	137000	0.000212655
1370	137100	0.000212655
1371	137200	0.000212655
1372	137300	0.000212655
1373	137400	0.000212655
1374	137500	0.000212655
1375	137600	0.000212655
1376	137700	0.000212655
1377	137800	0.000212655
1378	137900	0.000212655
1379	138000	0.000212655
1380	138100	0.000212655
1381	138200	0.000212655
1382	138300	0.000212655
1383	138400	0.000212655
1384	138500	0.000212655
1385	138600	0.000212655
1386	138700	0.000212655
1387	138800	0.000212655
1388	138900	0.000212655
1389	139000	0.000212655
1390	139100	0.000212655
1391	139200	0.000212655
1392	139300	0.000212655
1393	139400	0.000212655
1394	139500	0.000212655
1395	139600	0.000212655
1396	139700	0.000212655
1397	139800	0.000212655
1398	139900	0.000212655
1399	140000	0.000212655
1400	140100	0.000212655
1401	140200	0.000212655
1402	140300	0.000212655
1403	140400	0.000212655
1404	140500	0.000212655
1405	140600	0.000212655
1406	140700	0.000212655
1407	140800	0.000212655
1408	140900	0.000212655
1409	141000	0.000152767
1410	141100	0.000152767
1411	141200	0.000152767
1412	141300	0.000152767
1413	141400	0.000152767
1414	141500	0.000152767
1415	141600	0.000152767
1416	141700	0.000152767
1417	141800	0.000152767
1418	141900	0.000152767
1419	142000	0.000152767
1420	142100	0.000152767
1421	142200	0.000152767
1422	142300	0.000152767
1423	142400	0.000152767
1424	142500	0.000152767
1425	142600	0.000152767
1426	142700	0.000152767
1427	142800	0.000152767
1428	142900	0.000152767
1429	143000	0.000152767
1430	143100	0.000152767
1431	143200	0.000152767
1432	143300	0.000152767
1433	143400	0.000152767
1434	143500	0.000152767
1435	143600	0.000152767
1436	143700	0.000152767
1437	143800	0.000152767
1438	143900	0.000152767
1439	144000	0.000152767
1440	144100	0.000152767
1441	144200	0.000152767
1442	144300	0.000152767
1443	144400	0.000152767
1444	144500	0.000152767
1445	144600	0.000152767
1446	144700	0.000152767
1447	144800	0.000152767
1448	144900	0.000152767
1449	145000	0.000152767
1450	145100	0.000152767
1451	145200	0.000152767
1452	145300	0.000152767
1453	145400	0.000152767
1454	145500	0.000152767
1455	145600	0.000152767
1456	145700	0.000152767
1457	145800	0.000152767
1458	145900	0.000152767
1459	146000	0.000152767
1460	146100	0.000152767
1461	146200	0.000152767
1462	146300	0.000152767
1463	146400	0.000152767
1464	146500	0.000152767
1465	146600	0.000152767
1466	146700	0.000152767
1467	146800	0.000152767
1468	146900	0.000152767
1469	147000	0.000152767
1470	147100	0.000152767
1471	147200	0.000152767
1472	147300	0.000152767
1473	147400	0.000152767
1474	147500	0.000152767
1475	147600	0.000152767
1476	147700	0.000152767
1477	147800	0.000152767
1478	147900	0.000152767
1479	148000	0.000152767
1480	148100	0.000152767
1481	148200	0.000152767
1482	148300	0.000152767
1483	148400	0.000152767
1484	148500	0.000152767
1485	148600	0.000152767
1486	148700	0.000152767
1487	148800	0.000152767
1488	148900	0.000152767
1489	149000	0.000152767
1490	149100	0.000152767
1491	149200	0.000152767
1492	149300	0.000152767
1493	149400	0.000152767
1494	149500	0.000152767
1495	149600	0.000152767
1496	149700	0.000152767
1497	149800	0.000152767
1498	149900	0.000152767
1499	150000	0.000152767
1500	150100	0.000152767
1501	150200	0.000152767
1502	150300	0.000152767
1503	150400	0.000152767
1504	150500	0.000152767
1505	150600	0.000152767
1506	150700	0.000152767
1507	150800	0.000152767
1508	150900	0.000152767
1509	151000	0.000152767
1510	151100	0.000152767
1511	151200	0.000152767
1512	151300	0.000152767
1513	151400	0.000152767
1514	151500	0.000152767
1515	151600	0.000152767
1516	151700	0.000152767
1517	151800	0.000152767
1518	151900	0.000152767
1519	152000	0.000152767
1520	152100	0.000152767
1521	152200	0.000152767
1522	152300	0.000152767
1523	152400	0.000152767
1524	152500	0.000152767
1525	152600	0.000152767
1526	152700	0.000152767
1527	152800	0.000152767
1528	152900	0.000152767
1529	153000	0.000152767
1530	153100	0.000152767
1531	153200	0.000152767
1532	153300	0.000152767
1533	153400	0.000152767
1534	153500	0.000152767
1535	153600	0.000152767
1536	153700	0.000152767
1537	153800	0.000152767
1538	153900	0.000152767
1539	154000	0.000152767
1540	154100	0.000152767
1541	154200	0.000152767
1542	154300	0.000152767
1543	154400	0.000152767
1544	154500	0.000152767
1545	154600	0.000152767
1546	154700	0.000152767
1547	154800	0.000152767
1548	154900	0.000152767
1549	155000	0.000152767
1550	155100	0.000152767
1551	155200	0.000152767
1552	155300	0.000152767
1553	155400	0.000152767
1554	155500	0.000152767
1555	155600	0.000152767
1556	155700	0.000152767
1557	155800	0.000152767
1558	155900	0.000152767
1559	156000	0.000152767
1560	156100	0.000152767
1561	156200	0.000152767
1562	156300	0.000152767
1563	156400	0.000152767
1564	156500	0.000152767
1565	156600	0.000152767
1566	156700	0.000152767
1567	156800	0.000152767
1568	156900	0.000152767
1569	157000	0.000152767
1570	157100	0.000152767
1571	157200	0.000152767
1572	157300	0.000152767
1573	157400	0.000152767
1574	157500	0.000152767
1575	157600	0.000152767
1576	157700	0.000152767
1577	157800	0.000152767
1578	157900	0.000152767
1579	158000	0.000152767
1580	158100	0.000152767
1581	158200	0.000152767
1582	158300	0.000152767
1583	158400	0.000152767
1584	158500	0.000152767
1585	158600	0.000152767
1586	158700	0.000152767
1587	158800	0.000152767
1588	158900	0.000152767
1589	159000	0.000152767
1590	159100	0.000152767
1591	159200	0.000152767
1592	159300	0.000152767
1593	159400	0.000152767
1594	159500	0.000152767
1595	159600	0.000152767
1596	159700	0.000152767
1597	159800	0.000152767
1598	159900	0.000152767
1599	160000	0.000152767
1600	160100	0.000152767
1601	160200	0.000152767
1602	160300	0.000152767
1603	160400	0.000152767
1604	160500	0.000152767
1605	160600	0.000152767
1606	160700	0.000152767
1607	160800	0.000152767
1608	160900	0.000152767
1609	161000	0.000152767
1610	161100	0.000152767
1611	161200	0.000152767
1612	161300	0.000152767
1613	161400	0.000152767
1614	161500	0.000152767
1615	161600	0.000152767
1616	161700	0.000152767
1617	161800	0.000152767
1618	161900	0.000152767
1619	162000	0.000152767
1620	162100	0.000152767
1621	162200	0.000152767
1622	162300	0.000152767
1623	162400	0.000152767
1624	162500	0.000152767
1625	162600	0.000152767
1626	162700	0.000152767
1627	162800	0.000152767
1628	162900	0.000152767
1629	163000	0.000152767
1630	163100	0.000152767
1631	163200	0.000152767
1632	163300	0.000152767
1633	163400	0.000152767
1634	163500	0.000152767
1635	163600	0.000152767
1636	163700	0.000152767
1637	163800	0.000152767
1638	163900	0.000152767
1639	164000	0.000152767
1640	164100	0.000152767
1641	164200	0.000152767
1642	164300	0.000152767
1643	164400	0.000152767
1644	164500	0.000152767
1645	164600	0.000152767
1646	164700	0.000152767
1647	164800	0.000152767
1648	164900	0.000152767
1649	165000	0.000152767
1650	165100	0.000152767
1651	165200	0.000152767
1652	165300	0.000152767
1653	165400	0.000152767
1654	165500	0.000152767
1655	165600	0.000152767
1656	165700	0.000152767
1657	165800	0.000152767
1658	165900	0.000152767
1659	166000	0.000152767
1660	166100	0.000152767
1661	166200	0.000152767
1662	166300	0.000152767
1663	166400	0.000152767
1664	166500	0.000152767
1665	166600	0.000152767
1666	166700	0.000152767
1667	166800	0.000152767
1668	166900	0.000152767
1669	167000	0.000152767
1670	167100	0.000152767
1671	167200	0.000152767
1672	167300	0.000152767
1673	167400	0.000152767
1674	167500	0.000152767
1675	167600	0.000152767
1676	167700	0.000152767
1677	167800	0.000152767
1678	167900	0.000152767
1679	168000	0.000152767
1680	168100	0.000152767
1681	168200	0.000152767
1682	168300	0.000152767
1683	168400	0.000152767
1684	168500	0.000152767
1685	168600	0.000152767
1686	168700	0.000152767
1687	168800	0.000152767
1688	168900	0.000152767
1689	169000	0.000152767
1690	169100	0.000152767
1691	169200	0.000152767
1692	169300	0.000152767
1693	169400	0.000152767
1694	169500	0.000152767
1695	169600	0.000152767
1696	169700	0.000152767
1697	169800	0.000152767
1698	169900	0.000152767
1699	170000	0.000152767
1700	170100	0.000152767
1701	170200	0.000152767
1702	170300	0.000152767
1703	170400	0.000152767
1704	170500	0.000152767
1705	170600	0.000152767
1706	170700	0.000152767
1707	170800	0.000152767
1708	170900	0.000152767
1709	171000	0.000152767
1710	171100	0.000152767
1711	171200	0.000152767
1712	171300	0.000152767
1713	171400	0.000152767
1714	171500	0.000152767
1715	171600	0.000152767
1716	171700	0.000152767
1717	171800	0.000152767
1718	171900	0.000152767
1719	172000	0.000152767
1720	172100	0.000152767
1721	172200	0.000152767
1722	172300	0.000152767
1723	172400	0.000152767
1724	172500	0.000152767
1725	172600	0.000152767
1726	172700	0.000152767
1727	172800	0.000152767
1728	172900	0.000152767
1729	173000	0.000152767
1730	173100	0.000152767
1731	173200	0.000152767
1732	173300	0.000152767
1733	173400	0.000152767
1734	173500	0.000152767
1735	173600	0.000152767
1736	173700	0.000152767
1737	173800	0.000152767
1738	173900	0.000152767
1739	174000	0.000152767
1740	174100	0.000152767
1741	174200	0.000152767
1742	174300	0.000152767
1743	174400	0.000152767
1744	174500	0.000152767
1745	174600	0.000152767
1746	174700	0.000152767
1747	174800	0.000152767
1748	174900	0.000152767
1749	175000	0.000152767
1750	175100	0.000152767
1751	175200	0.000152767
1752	175300	0.000152767
1753	175400	0.000152767
1754	175500	0.000152767
1755	175600	0.000152767
1756	175700	0.000152767
1757	175800	0.000152767
1758	175900	0.000152767
1759	176000	0.000152767
1760	176100	0.000152767
1761	176200	0.000152767
1762	176300	0.000152767
1763	176400	0.000152767
1764	176500	0.000152767
1765	176600	0.000152767
1766	176700	0.000152767
1767	176800	0.000152767
1768	176900	0.000152767
1769	177000	0.000152767
1770	177100	0.000152767
1771	177200	0.000152767
1772	177300	0.000152767
1773	177400	0.000152767
1774	177500	0.000152767
1775	177600	0.000152767
1776	177700	0.000152767
1777	177800	0.000152767
1778	177900	0.000152767
1779	178000	0.000152767
1780	178100	0.000152767
1781	178200	0.000152767
1782	178300	0.000152767
1783	178400	0.000152767
1784	178500	0.000152767
1785	178600	0.000152767
1786	178700	0.000152767
1787	178800	0.000152767
1788	178900	0.000152767
1789	179000	0.000152767
1790	179100	0.000152767
1791	179200	0.000152767
1792	179300	0.000152767
1793	179400	0.000152767
1794	179500	0.000152767
1795	179600	0.000152767
1796	179700	0.000152767
1797	179800	0.000152767
1798	179900	0.000152767
1799	180000	0.000152767
1800	180100	0.000152767
1801	180200	0.000152767
1802	180300	0.000152767
1803	180400	0.000152767
1804	180500	0.000152767
1805	180600	0.000152767
1806	180700	0.000152767
1807	180800	0.000152767
1808	180900	0.000152767
1809	181000	0.000152767
1810	181100	0.000152767
1811	181200	0.000152767
1812	181300	0.000152767
1813	181400	0.000152767
1814	181500	0.000152767
1815	181600	0.000152767
1816	181700	0.000152767
1817	181800	0.000152767
1818	181900	0.000152767
1819	182000	0.000152767
1820	182100	0.000152767
1821	182200	0.000152767
1822	182300	0.000152767
1823	182400	0.000152767
1824	182500	0.000152767
1825	182600	0.000152767
1826	182700	0.000152767
1827	182800	0.000152767
1828	182900	0.000152767
1829	183000	0.000152767
1830	183100	0.000152767
1831	183200	0.000152767
1832	183300	0.000152767
1833	183400	0.000152767
1834	183500	0.000152767
1835	183600	0.000152767
1836	183700	0.000152767
1837	183800	0.000152767
1838	183900	0.000152767
1839	184000	0.000152767
1840	184100	0.000152767
1841	184200	0.000152767
1842	184300	0.000152767
1843	184400	0.000152767
1844	184500	0.000152767
1845	184600	0.000152767
1846	184700	0.000152767
1847	184800	0.000152767
1848	184900	0.000152767
1849	185000	0.000152767
1850	185100	0.000152767
1851	185200	0.000152767
1852	185300	0.000152767
1853	185400	0.000152767
1854	185500	0.000152767
1855	185600	0.000152767
1856	185700	0.000152767
1857	185800	0.000152767
1858	185900	0.000152767
1859	186000	0.000152767
1860	186100	0.000152767
1861	186200	0.000152767
1862	186300	0.000152767
1863	186400	0.000152767
1864	186500	0.000152767
1865	186600	0.000152767
1866	186700	0.000152767
1867	186800	0.000152767
1868	186900	0.000152767
1869	187000	0.000152767
1870	187100	0.000152767
1871	187200	0.000152767
1872	187300	0.000152767
1873	187400	0.000152767
1874	187500	0.000152767
1875	187600	0.000152767
1876	187700	0.000152767
1877	187800	0.000152767
1878	187900	0.000152767
1879	188000	0.000152767
1880	188100	0.000152767
1881	188200	0.000152767
1882	188300	0.000152767
1883	188400	0.000152767
1884	188500	0.000152767
1885	188600	0.000152767
1886	188700	0.000152767
1887	188800	0.000152767
1888	188900	0.000152767
1889	189000	0.000152767
1890	189100	0.000152767
1891	189200	0.000152767
1892	189300	0.000152767
1893	189400	0.000152767
1894	189500	0.000152767
1895	189600	0.000152767
1896	189700	0.000152767
1897	189800	0.000152767
1898	189900	0.000152767
1899	190000	0.000152767
1900	190100	0.000152767
1901	190200	0.000152767
1902	190300	0.000152767
1903	190400	0.000152767
1904	190500	0.000152767
1905	190600	0.000152767
1906	190700	0.000152767
1907	190800	0.000152767
1908	190900	0.000152767
1909	191000	0.000152767
1910	191100	0.000152767
1911	191200	0.000152767
1912	191300	0.000152767
1913	191400	0.000152767
1914	191500	0.000121092
1915	191600	0.000121092
1916	191700	0.000121092
1917	191800	0.000121092
1918	191900	0.000121092
1919	192000	0.000121092
1920	192100	0.000121092
1921	192200	0.000121092
1922	192300	0.000121092
1923	192400	0.000121092
1924	192500	0.000121092
1925	192600	0.000121092
1926	192700	0.000121092
1927	192800	0.000121092
1928	192900	0.000121092
1929	193000	0.000121092
1930	193100	0.000121092
1931	193200	0.000121092
1932	193300	0.000121092
1933	193400	0.000121092
1934	193500	0.000121092
1935	193600	0.000121092
1936	193700	0.000121092
1937	193800	0.000121092
1938	193900	0.000121092
1939	194000	0.000121092
1940	194100	0.000121092
1941	194200	0.000121092
1942	194300	0.000121092
1943	194400	0.000121092
1944	194500	0.000121092
1945	194600	0.000121092
1946	194700	0.000121092
1947	194800	0.000121092
1948	194900	0.000121092
1949	195000	0.000121092
1950	195100	0.000121092
1951	195200	0.000121092
1952	195300	0.000121092
1953	195400	0.000121092
1954	195500	0.000121092
1955	195600	0.000121092
1956	195700	0.000121092
1957	195800	0.000121092
1958	195900	0.000121092
1959	196000	0.000121092
1960	196100	0.000121092
1961	196200	0.000121092
1962	196300	0.000121092
1963	196400	0.000121092
1964	196500	0.000121092
1965	196600	0.000121092
1966	196700	0.000121092
1967	196800	0.000121092
1968	196900	0.000121092
1969	197000	0.000121092
1970	197100	0.000121092
1971	197200	0.000121092
1972	197300	0.000121092
1973	197400	0.000121092
1974	197500	0.000121092
1975	197600	0.000121092
1976	197700	0.000121092
1977	197800	0.000121092
1978	197900	0.000121092
1979	198000	0.000121092
1980	198100	0.000121092
1981	198200	0.000121092
1982	198300	0.000121092
1983	198400	0.000121092
1984	198500	0.000121092
1985	198600	0.000121092
1986	198700	0.000121092
1987	198800	0.000121092
1988	198900	0.000121092
1989	199000	0.000121092
1990	199100	0.000121092
1991	199200	0.000121092
1992	199300	0.000121092
1993	199400	0.000121092
1994	199500	0.000121092
1995	199600	0.000121092
1996	199700	0.000121092
1997	199800	0.000121092
1998	199900	0.000121092
1999	200000	0.000121092
2000	200100	0.000121092
