1	200	333.193
2	300	94.7372
3	400	66.4333
4	500	63.9457
5	600	36.8096
6	700	31.8688
7	800	27.068
8	900	18.0926
9	1000	13.7807
10	1100	13.2694
11	1200	13.2694
12	1300	13.2694
13	1400	11.8707
14	1500	10.6172
15	1600	9.21848
16	1700	9.12898
17	1800	8.81831
18	1900	7.32108
19	2000	6.3043
20	2100	4.6809
21	2200	4.37024
22	2300	4.37024
23	2400	4.37024
24	2500	3.45985
25	2600	3.45985
26	2700	3.45985
27	2800	1.17144
28	2900	1.15546
29	3000	1.15546
30	3100	1.07948
31	3200	1.07948
32	3300	1.07948
33	3400	1.02752
34	3500	1.02752
35	3600	1.02752
36	3700	1.02752
37	3800	0.653848
38	3900	0.653848
39	4000	0.653848
40	4100	0.600923
41	4200	0.600923
42	4300	0.349524
43	4400	0.343493
44	4500	0.343493
45	4600	0.343493
46	4700	0.298805
47	4800	0.275747
48	4900	0.258258
49	5000	0.258258
50	5100	0.250592
51	5200	0.250592
52	5300	0.250592
53	5400	0.250592
54	5500	0.250592
55	5600	0.250592
56	5700	0.250592
57	5800	0.250592
58	5900	0.250592
59	6000	0.151462
60	6100	0.151462
61	6200	0.151462
62	6300	0.151462
63	6400	0.151462
64	6500	0.151462
65	6600	0.151462
66	6700	0.151462
67	6800	0.125016
68	6900	0.125016
69	7000	0.125016
70	7100	0.125016
71	7200	0.125016
72	7300	0.125016
73	7400	0.115675
74	7500	0.115675
75	7600	0.0928314
76	7700	0.0736491
77	7800	0.0736491
78	7900	0.0736491
79	8000	0.0736491
80	8100	0.0736491
81	8200	0.0736491
82	8300	0.0736491
83	8400	0.0694068
84	8500	0.0694068
85	8600	0.0694068
86	8700	0.0694068
87	8800	0.0694068
88	8900	0.0694068
89	9000	0.0694068
90	9100	0.0694068
91	9200	0.0694068
92	9300	0.0694068
93	9400	0.0694068
94	9500	0.0694068
95	9600	0.0694068
96	9700	0.0675679
97	9800	0.0675679
98	9900	0.0675679
99	10000	0.0675679
100	10100	0.0675679
101	10200	0.0675679
102	10300	0.0675679
103	10400	0.0675679
104	10500	0.0675679
105	10600	0.0675679
106	10700	0.0675679
107	10800	0.0675679
108	10900	0.0675679
109	11000	0.0675679
110	11100	0.0675679
111	11200	0.0675679
112	11300	0.0675679
113	11400	0.0675679
114	11500	0.0675679
115	11600	0.0675679
116	11700	0.0675679
117	11800	0.0675679
118	11900	0.0675679
119	12000	0.0675679
120	12100	0.0675679
121	12200	0.0675679
122	12300	0.0675679
123	12400	0.0675679
124	12500	0.0675679
125	12600	0.0623615
126	12700	0.0623615
127	12800	0.0623615
128	12900	0.0623615
129	13000	0.0623615
130	13100	0.0623615
131	13200	0.0623615
132	13300	0.0623615
133	13400	0.0623615
134	13500	0.0435437
135	13600	0.0435437
136	13700	0.0435437
137	13800	0.0435437
138	13900	0.0435437
139	14000	0.0435437
140	14100	0.0383535
141	14200	0.0383535
142	14300	0.0383535
143	14400	0.0383535
144	14500	0.0383535
145	14600	0.0383535
146	14700	0.0383535
147	14800	0.0383535
148	14900	0.0383535
149	15000	0.0383535
150	15100	0.0383535
151	15200	0.0383535
152	15300	0.0383535
153	15400	0.0325931
154	15500	0.0325931
155	15600	0.0325931
156	15700	0.0325931
157	15800	0.0325931
158	15900	0.0325931
159	16000	0.0325931
160	16100	0.0325931
161	16200	0.0325931
162	16300	0.0325931
163	16400	0.024498
164	16500	0.024498
165	16600	0.024498
166	16700	0.024498
167	16800	0.024498
168	16900	0.024498
169	17000	0.024498
170	17100	0.024498
171	17200	0.024498
172	17300	0.0224603
173	17400	0.0224603
174	17500	0.0179565
175	17600	0.0159188
176	17700	0.0159188
177	17800	0.0159188
178	17900	0.0159188
179	18000	0.0159188
180	18100	0.0159188
181	18200	0.0159188
182	18300	0.0149343
183	18400	0.0149343
184	18500	0.0149343
185	18600	0.0149343
186	18700	0.0149343
187	18800	0.0149343
188	18900	0.0149343
189	19000	0.0149343
190	19100	0.0147102
191	19200	0.0147102
192	19300	0.0147102
193	19400	0.0147102
194	19500	0.0147102
195	19600	0.0147102
196	19700	0.0147102
197	19800	0.0147102
198	19900	0.0147102
199	20000	0.0147102
200	20100	0.0147102
201	20200	0.0147102
202	20300	0.0147102
203	20400	0.0147102
204	20500	0.0147102
205	20600	0.0147102
206	20700	0.0147102
207	20800	0.0147102
208	20900	0.0147102
209	21000	0.0147102
210	21100	0.0147102
211	21200	0.0147102
212	21300	0.0147102
213	21400	0.0147102
214	21500	0.0147102
215	21600	0.0147102
216	21700	0.0147102
217	21800	0.0147102
218	21900	0.0147102
219	22000	0.0147102
220	22100	0.0147102
221	22200	0.0147102
222	22300	0.0147102
223	22400	0.0147102
224	22500	0.0147102
225	22600	0.0147102
226	22700	0.0147102
227	22800	0.0147102
228	22900	0.0147102
229	23000	0.0147102
230	23100	0.0140562
231	23200	0.0140562
232	23300	0.0140562
233	23400	0.0140562
234	23500	0.0140562
235	23600	0.0140562
236	23700	0.0140562
237	23800	0.0140562
238	23900	0.0140562
239	24000	0.0140562
240	24100	0.0140562
241	24200	0.0140562
242	24300	0.0140562
243	24400	0.0140562
244	24500	0.0140562
245	24600	0.0140562
246	24700	0.0140562
247	24800	0.0140562
248	24900	0.0140562
249	25000	0.0140562
250	25100	0.0140562
251	25200	0.0140562
252	25300	0.0140562
253	25400	0.0140562
254	25500	0.0140562
255	25600	0.0140562
256	25700	0.0140562
257	25800	0.0140562
258	25900	0.0140562
259	26000	0.0140562
260	26100	0.0140562
261	26200	0.0140562
262	26300	0.0138916
263	26400	0.0138916
264	26500	0.0138916
265	26600	0.0138916
266	26700	0.0138916
267	26800	0.0138916
268	26900	0.0138916
269	27000	0.0138916
270	27100	0.0138916
271	27200	0.0138916
272	27300	0.0138916
273	27400	0.0138916
274	27500	0.0138916
275	27600	0.0138916
276	27700	0.0138916
277	27800	0.0138916
278	27900	0.0138916
279	28000	0.0138916
280	28100	0.0138916
281	28200	0.0138916
282	28300	0.0138916
283	28400	0.0138916
284	28500	0.0138916
285	28600	0.0138916
286	28700	0.0138916
287	28800	0.0138916
288	28900	0.0138916
289	29000	0.0138916
290	29100	0.0138916
291	29200	0.0138916
292	29300	0.0138916
293	29400	0.0138916
294	29500	0.0138916
295	29600	0.0138916
296	29700	0.0138916
297	29800	0.0138916
298	29900	0.0138916
299	30000	0.0138916
300	30100	0.0138916
301	30200	0.0138916
302	30300	0.0138916
303	30400	0.0138916
304	30500	0.0138916
305	30600	0.0138916
306	30700	0.0138916
307	30800	0.0138916
308	30900	0.0138916
309	31000	0.0138916
310	31100	0.0138916
311	31200	0.0138916
312	31300	0.0138916
313	31400	0.0138916
314	31500	0.0138916
315	31600	0.0138916
316	31700	0.0138916
317	31800	0.0138916
318	31900	0.0138916
319	32000	0.0138916
320	32100	0.0138916
321	32200	0.0138916
322	32300	0.0138916
323	32400	0.0138916
324	32500	0.0138916
325	32600	0.0138916
326	32700	0.0138916
327	32800	0.0138916
328	32900	0.0138916
329	33000	0.0138916
330	33100	0.0138916
331	33200	0.0138916
332	33300	0.0138916
333	33400	0.0138916
334	33500	0.0138916
335	33600	0.0138916
336	33700	0.0138916
337	33800	0.0138916
338	33900	0.0138916
339	34000	0.0138916
340	34100	0.0138916
341	34200	0.0138916
342	34300	0.0138916
343	34400	0.0138916
344	34500	0.0138916
345	34600	0.0138916
346	34700	0.0138916
347	34800	0.0138916
348	34900	0.0138916
349	35000	0.0138916
350	35100	0.0138916
351	35200	0.0138916
352	35300	0.0138916
353	35400	0.0138916
354	35500	0.0138916
355	35600	0.0138916
356	35700	0.0138916
357	35800	0.0138916
358	35900	0.0138916
359	36000	0.0138916
360	36100	0.0138916
361	36200	0.0138916
362	36300	0.0138916
363	36400	0.0138916
364	36500	0.0138916
365	36600	0.0138916
366	36700	0.0138916
367	36800	0.0138916
368	36900	0.0138916
369	37000	0.0138916
370	37100	0.0138916
371	37200	0.0138916
372	37300	0.0138916
373	37400	0.0138916
374	37500	0.0138916
375	37600	0.0138916
376	37700	0.0138916
377	37800	0.0138916
378	37900	0.0138916
379	38000	0.0138916
380	38100	0.0138916
381	38200	0.0138916
382	38300	0.0138916
383	38400	0.0138916
384	38500	0.0127305
385	38600	0.0127305
386	38700	0.0127305
387	38800	0.0127305
388	38900	0.0127305
389	39000	0.0127305
390	39100	0.0127305
391	39200	0.0127305
392	39300	0.0127305
393	39400	0.0127305
394	39500	0.0127305
395	39600	0.0127305
396	39700	0.0127305
397	39800	0.0127305
398	39900	0.0127305
399	40000	0.0127305
400	40100	0.0127305
401	40200	0.0127305
402	40300	0.0127305
403	40400	0.0127305
404	40500	0.0127305
405	40600	0.0109161
406	40700	0.0109161
407	40800	0.0109161
408	40900	0.0109161
409	41000	0.0109161
410	41100	0.0109161
411	41200	0.0109161
412	41300	0.0109161
413	41400	0.0109161
414	41500	0.0109161
415	41600	0.0109161
416	41700	0.0109161
417	41800	0.0109161
418	41900	0.0109161
419	42000	0.0109161
420	42100	0.0109161
421	42200	0.0109161
422	42300	0.0109161
423	42400	0.0109161
424	42500	0.0109161
425	42600	0.0109161
426	42700	0.0109161
427	42800	0.0109161
428	42900	0.0109161
429	43000	0.0109161
430	43100	0.0109161
431	43200	0.00454938
432	43300	0.00454938
433	43400	0.00454938
434	43500	0.00454938
435	43600	0.00454938
436	43700	0.00454938
437	43800	0.00454938
438	43900	0.00454938
439	44000	0.00454938
440	44100	0.00454938
441	44200	0.00454938
442	44300	0.00454938
443	44400	0.00454474
444	44500	0.00454474
445	44600	0.00454474
446	44700	0.00454474
447	44800	0.00454474
448	44900	0.00454474
449	45000	0.00454474
450	45100	0.00454474
451	45200	0.00454474
452	45300	0.00454474
453	45400	0.00454474
454	45500	0.00454474
455	45600	0.00454474
456	45700	0.00454474
457	45800	0.00454474
458	45900	0.00454474
459	46000	0.00454474
460	46100	0.00454474
461	46200	0.00454474
462	46300	0.00454474
463	46400	0.00454474
464	46500	0.00454474
465	46600	0.00454474
466	46700	0.00454474
467	46800	0.00454474
468	46900	0.00454474
469	47000	0.00454474
470	47100	0.00454474
471	47200	0.00454474
472	47300	0.00454474
473	47400	0.00454474
474	47500	0.00454474
475	47600	0.00454474
476	47700	0.00454474
477	47800	0.00454474
478	47900	0.00454474
479	48000	0.00454474
480	48100	0.00454474
481	48200	0.00454474
482	48300	0.00454474
483	48400	0.00454474
484	48500	0.00454474
485	48600	0.00454474
486	48700	0.00454474
487	48800	0.00454474
488	48900	0.00454474
489	49000	0.00454474
490	49100	0.00454474
491	49200	0.00454474
492	49300	0.00454474
493	49400	0.00454474
494	49500	0.00454474
495	49600	0.00454474
496	49700	0.00454474
497	49800	0.00454474
498	49900	0.00454474
499	50000	0.00454474
500	50100	0.00454474
501	50200	0.00454474
502	50300	0.00454474
503	50400	0.00454474
504	50500	0.00454474
505	50600	0.00454474
506	50700	0.00454474
507	50800	0.00454474
508	50900	0.00452682
509	51000	0.00452682
510	51100	0.00452682
511	51200	0.00452682
512	51300	0.00452682
513	51400	0.00452682
514	51500	0.00452682
515	51600	0.00452682
516	51700	0.00452682
517	51800	0.00452682
518	51900	0.00452682
519	52000	0.00452682
520	52100	0.00452682
521	52200	0.00452682
522	52300	0.00452682
523	52400	0.00452682
524	52500	0.00452682
525	52600	0.00452682
526	52700	0.000966993
527	52800	0.000966993
528	52900	0.000966993
529	53000	0.000966993
530	53100	0.000966993
531	53200	0.000966993
532	53300	0.000966993
533	53400	0.000966993
534	53500	0.000966993
535	53600	0.000966993
536	53700	0.000966993
537	53800	0.000966993
538	53900	0.000966993
539	54000	0.000966993
540	54100	0.000966993
541	54200	0.000966993
542	54300	0.000966993
543	54400	0.000966993
544	54500	0.000966993
545	54600	0.000966993
546	54700	0.000966993
547	54800	0.000966993
548	54900	0.000966993
549	55000	0.000966993
550	55100	0.000966993
551	55200	0.000966993
552	55300	0.000966993
553	55400	0.000966993
554	55500	0.000966993
555	55600	0.000966993
556	55700	0.000966993
557	55800	0.000966993
558	55900	0.000966993
559	56000	0.000966993
560	56100	0.000966993
561	56200	0.000966993
562	56300	0.000966993
563	56400	0.000966993
564	56500	0.000966993
565	56600	0.000966993
566	56700	0.000966993
567	56800	0.000966993
568	56900	0.000966993
569	57000	0.000966993
570	57100	0.000966993
571	57200	0.000966993
572	57300	0.000966993
573	57400	0.000966993
574	57500	0.000966993
575	57600	0.000966993
576	57700	0.000966993
577	57800	0.000966993
578	57900	0.000966993
579	58000	0.000966993
580	58100	0.000966993
581	58200	0.000966993
582	58300	0.000966993
583	58400	0.000966993
584	58500	0.000966993
585	58600	0.000966993
586	58700	0.000966993
587	58800	0.000966993
588	58900	0.000966993
589	59000	0.000966993
590	59100	0.000966993
591	59200	0.000966993
592	59300	0.000966993
593	59400	0.000966993
594	59500	0.000966993
595	59600	0.000966993
596	59700	0.000966993
597	59800	0.000966993
598	59900	0.000966993
599	60000	0.000966993
600	60100	0.000966993
601	60200	0.000966993
602	60300	0.000966993
603	60400	0.000966993
604	60500	0.000966993
605	60600	0.000966993
606	60700	0.000966993
607	60800	0.000966993
608	60900	0.000966993
609	61000	0.000966993
610	61100	0.000966993
611	61200	0.000966993
612	61300	0.000966993
613	61400	0.000966993
614	61500	0.000966993
615	61600	0.000966993
616	61700	0.000966993
617	61800	0.000966993
618	61900	0.000966993
619	62000	0.000966993
620	62100	0.000966993
621	62200	0.000966993
622	62300	0.000966993
623	62400	0.000966993
624	62500	0.000966993
625	62600	0.000966993
626	62700	0.000966993
627	62800	0.000966993
628	62900	0.000966993
629	63000	0.000966993
630	63100	0.000966993
631	63200	0.000966993
632	63300	0.000966993
633	63400	0.000966993
634	63500	0.000966993
635	63600	0.000966993
636	63700	0.000966993
637	63800	0.000966993
638	63900	0.000966993
639	64000	0.000966993
640	64100	0.000966993
641	64200	0.000966993
642	64300	0.000966993
643	64400	0.000966993
644	64500	0.000966993
645	64600	0.000966993
646	64700	0.000966993
647	64800	0.000966993
648	64900	0.000966993
649	65000	0.000966993
650	65100	0.000966993
651	65200	0.000966993
652	65300	0.000966993
653	65400	0.000966993
654	65500	0.000966993
655	65600	0.000966993
656	65700	0.000966993
657	65800	0.000966993
658	65900	0.000966993
659	66000	0.000966993
660	66100	0.000966993
661	66200	0.000966993
662	66300	0.000966993
663	66400	0.000966993
664	66500	0.000966993
665	66600	0.000966993
666	66700	0.000966993
667	66800	0.000966993
668	66900	0.000966993
669	67000	0.000966993
670	67100	0.000966993
671	67200	0.000966993
672	67300	0.000966993
673	67400	0.000966993
674	67500	0.000966993
675	67600	0.000966993
676	67700	0.000966993
677	67800	0.000966993
678	67900	0.000966993
679	68000	0.000966993
680	68100	0.000966993
681	68200	0.000966993
682	68300	0.000966993
683	68400	0.000966993
684	68500	0.000966993
685	68600	0.000966993
686	68700	0.000966993
687	68800	0.000966993
688	68900	0.000966993
689	69000	0.000966993
690	69100	0.000966993
691	69200	0.000966993
692	69300	0.000966993
693	69400	0.000966993
694	69500	0.000966993
695	69600	0.000966993
696	69700	0.000966993
697	69800	0.000966993
698	69900	0.000966993
699	70000	0.000966993
700	70100	0.000966993
701	70200	0.000966993
702	70300	0.000966993
703	70400	0.000966993
704	70500	0.000966993
705	70600	0.000966993
706	70700	0.000966993
707	70800	0.000966993
708	70900	0.000966993
709	71000	0.000966993
710	71100	0.000966993
711	71200	0.000966993
712	71300	0.000966993
713	71400	0.000966993
714	71500	0.000966993
715	71600	0.000966993
716	71700	0.000966993
717	71800	0.000966993
718	71900	0.000966993
719	72000	0.000966993
720	72100	0.000966993
721	72200	0.000966993
722	72300	0.000966993
723	72400	0.000966993
724	72500	0.000966993
725	72600	0.000966993
726	72700	0.000966993
727	72800	0.000966993
728	72900	0.000966993
729	73000	0.000966993
730	73100	0.000966993
731	73200	0.000966993
732	73300	0.000966993
733	73400	0.000966993
734	73500	0.000806206
735	73600	0.000806206
736	73700	0.000806206
737	73800	0.000806206
738	73900	0.000806206
739	74000	0.000806206
740	74100	0.000806206
741	74200	0.000806206
742	74300	0.000806206
743	74400	0.000806206
744	74500	0.000806206
745	74600	0.000806206
746	74700	0.000806206
747	74800	0.000806206
748	74900	0.000806206
749	75000	0.000806206
750	75100	0.000806206
751	75200	0.000806206
752	75300	0.000806206
753	75400	0.000806206
754	75500	0.000806206
755	75600	0.000806206
756	75700	0.000806206
757	75800	0.000806206
758	75900	0.000806206
759	76000	0.000806206
760	76100	0.000806206
761	76200	0.000806206
762	76300	0.000806206
763	76400	0.000806206
764	76500	0.000806206
765	76600	0.000806206
766	76700	0.000806206
767	76800	0.000806206
768	76900	0.000806206
769	77000	0.000806206
770	77100	0.000806206
771	77200	0.000806206
772	77300	0.000806206
773	77400	0.000806206
774	77500	0.000806206
775	77600	0.000806206
776	77700	0.000806206
777	77800	0.000806206
778	77900	0.000806206
779	78000	0.000806206
780	78100	0.000806206
781	78200	0.000806206
782	78300	0.000806206
783	78400	0.000806206
784	78500	0.000806206
785	78600	0.000806206
786	78700	0.000806206
787	78800	0.000806206
788	78900	0.000806206
789	79000	0.000806206
790	79100	0.000806206
791	79200	0.000806206
792	79300	0.000806206
793	79400	0.000806206
794	79500	0.000806206
795	79600	0.000806206
796	79700	0.000806206
797	79800	0.000806206
798	79900	0.000806206
799	80000	0.000806206
800	80100	0.000806206
801	80200	0.000806206
802	80300	0.000806206
803	80400	0.000806206
804	80500	0.000806206
805	80600	0.000806206
806	80700	0.000806206
807	80800	0.000806206
808	80900	0.000806206
809	81000	0.000806206
810	81100	0.000806206
811	81200	0.000806206
812	81300	0.000806206
813	81400	0.000806206
814	81500	0.000806206
815	81600	0.000806206
816	81700	0.000806206
817	81800	0.000806206
818	81900	0.000806206
819	82000	0.000806206
820	82100	0.000806206
821	82200	0.000806206
822	82300	0.000806206
823	82400	0.000806206
824	82500	0.000806206
825	82600	0.000806206
826	82700	0.000806206
827	82800	0.000806206
828	82900	0.000806206
829	83000	0.000806206
830	83100	0.000806206
831	83200	0.000806206
832	83300	0.000806206
833	83400	0.000806206
834	83500	0.000806206
835	83600	0.000806206
836	83700	0.000806206
837	83800	0.000806206
838	83900	0.000806206
839	84000	0.000806206
840	84100	0.000806206
841	84200	0.000806206
842	84300	0.000806206
843	84400	0.000806206
844	84500	0.000806206
845	84600	0.000806206
846	84700	0.000806206
847	84800	0.000806206
848	84900	0.000806206
849	85000	0.000806206
850	85100	0.000806206
851	85200	0.000806206
852	85300	0.000806206
853	85400	0.000806206
854	85500	0.000806206
855	85600	0.000806206
856	85700	0.000806206
857	85800	0.000806206
858	85900	0.000806206
859	86000	0.000806206
860	86100	0.000806206
861	86200	0.000806206
862	86300	0.000806206
863	86400	0.000806206
864	86500	0.000806206
865	86600	0.000806206
866	86700	0.000806206
867	86800	0.000806206
868	86900	0.000806206
869	87000	0.000806206
870	87100	0.000806206
871	87200	0.000806206
872	87300	0.000806206
873	87400	0.000806206
874	87500	0.000806206
875	87600	0.000806206
876	87700	0.000806206
877	87800	0.000806206
878	87900	0.000806206
879	88000	0.000250715
880	88100	0.000250715
881	88200	0.000250715
882	88300	0.000250715
883	88400	0.000250715
884	88500	0.000250715
885	88600	0.000250715
886	88700	0.000250715
887	88800	0.000250715
888	88900	0.000250715
889	89000	0.000250715
890	89100	0.000250715
891	89200	0.000250715
892	89300	0.000250715
893	89400	0.000250715
894	89500	0.000250715
895	89600	0.000250715
896	89700	0.000250715
897	89800	0.000250715
898	89900	0.000250715
899	90000	0.000250715
900	90100	0.000250715
901	90200	0.000250715
902	90300	0.000250715
903	90400	0.000250715
904	90500	0.000250715
905	90600	0.000250715
906	90700	0.000250715
907	90800	0.000250715
908	90900	0.000250715
909	91000	0.000250715
910	91100	0.000250715
911	91200	0.000250715
912	91300	0.000250715
913	91400	0.000250715
914	91500	0.000250715
915	91600	0.000250715
916	91700	0.000250715
917	91800	0.000250715
918	91900	0.000250715
919	92000	0.000250715
920	92100	0.000250715
921	92200	0.000250715
922	92300	0.000250715
923	92400	0.000250715
924	92500	0.000250715
925	92600	0.000250715
926	92700	0.000250715
927	92800	0.000250715
928	92900	0.000250715
929	93000	0.000250715
930	93100	0.000250715
931	93200	0.000250715
932	93300	0.000250715
933	93400	0.000250715
934	93500	0.000250715
935	93600	0.000250715
936	93700	0.000250715
937	93800	0.000250715
938	93900	0.000250715
939	94000	0.000250715
940	94100	0.000250715
941	94200	0.000250715
942	94300	0.000250715
943	94400	0.000250715
944	94500	0.000250715
945	94600	0.000250715
946	94700	0.000250715
947	94800	0.000250715
948	94900	0.000250715
949	95000	0.000250715
950	95100	0.000250715
951	95200	0.000250715
952	95300	0.000250715
953	95400	0.000250715
954	95500	0.000250715
955	95600	0.000250715
956	95700	0.000250715
957	95800	0.000250715
958	95900	0.000250715
959	96000	0.000250715
960	96100	0.000250715
961	96200	0.000250715
962	96300	0.000250715
963	96400	0.000250715
964	96500	0.000250715
965	96600	0.000250715
966	96700	0.000250715
967	96800	0.000250715
968	96900	0.000250715
969	97000	0.000250715
970	97100	0.000250715
971	97200	0.000250715
972	97300	0.000250715
973	97400	0.000250715
974	97500	0.000250715
975	97600	0.000250715
976	97700	0.000250715
977	97800	0.000250715
978	97900	0.000250715
979	98000	0.000250715
980	98100	0.000250715
981	98200	0.000250715
982	98300	0.000250715
983	98400	0.000250715
984	98500	0.000250715
985	98600	0.000250715
986	98700	0.000250715
987	98800	0.000250715
988	98900	0.000250715
989	99000	0.000250715
990	99100	0.000250715
991	99200	0.000250715
992	99300	0.000250715
993	99400	0.000250715
994	99500	0.000250715
995	99600	0.000250715
996	99700	0.000250715
997	99800	0.000250715
998	99900	0.000250715
999	100000	0.000250715
1000	100100	0.000250715
1001	100200	0.000250715
1002	100300	0.000250715
1003	100400	0.000250715
1004	100500	0.000250715
1005	100600	0.000250715
1006	100700	0.000250715
1007	100800	0.000250715
1008	100900	0.000250715
1009	101000	0.000250715
1010	101100	0.000250715
1011	101200	0.000250715
1012	101300	0.000250715
1013	101400	0.000250715
1014	101500	0.000250715
1015	101600	0.000250715
1016	101700	0.000250715
1017	101800	0.000250715
1018	101900	0.000250715
1019	102000	0.000250715
1020	102100	0.000250715
1021	102200	0.000250715
1022	102300	0.000250715
1023	102400	0.000250715
1024	102500	0.000250715
1025	102600	0.000250715
1026	102700	0.000250715
1027	102800	0.000250715
1028	102900	0.000250715
1029	103000	0.000250715
1030	103100	0.000250715
1031	103200	0.000250715
1032	103300	0.000250715
1033	103400	0.000250715
1034	103500	0.000250715
1035	103600	0.000250715
1036	103700	0.000250715
1037	103800	0.000250715
1038	103900	0.000250715
1039	104000	0.000250715
1040	104100	0.000250715
1041	104200	0.000250715
1042	104300	0.000250715
1043	104400	0.000250715
1044	104500	0.000250715
1045	104600	0.000250715
1046	104700	0.000250715
1047	104800	0.000250715
1048	104900	0.000250715
1049	105000	0.000250715
1050	105100	0.000250715
1051	105200	0.000250715
1052	105300	0.000250715
1053	105400	0.000250715
1054	105500	0.000250715
1055	105600	0.000250715
1056	105700	0.000250715
1057	105800	0.000250715
1058	105900	0.000250715
1059	106000	0.000250715
1060	106100	0.000250715
1061	106200	0.000250715
1062	106300	0.000250715
1063	106400	0.000250715
1064	106500	0.000250715
1065	106600	0.000250715
1066	106700	0.000250715
1067	106800	0.000250715
1068	106900	0.000250715
1069	107000	0.000250715
1070	107100	0.000250715
1071	107200	0.000250715
1072	107300	0.000250715
1073	107400	0.000250715
1074	107500	0.000250715
1075	107600	0.000250715
1076	107700	0.000250715
1077	107800	0.000250715
1078	107900	0.000250715
1079	108000	0.000250715
1080	108100	0.000250715
1081	108200	0.000250715
1082	108300	0.000250715
1083	108400	0.000250715
1084	108500	0.000250715
1085	108600	0.000250715
1086	108700	0.000247136
1087	108800	0.000247136
1088	108900	0.000247136
1089	109000	0.000247136
1090	109100	0.000247136
1091	109200	0.000247136
1092	109300	0.000247136
1093	109400	0.000247136
1094	109500	0.000247136
1095	109600	0.000247136
1096	109700	0.000247136
1097	109800	0.00022157
1098	109900	0.00022157
1099	110000	0.00022157
1100	110100	0.00022157
1101	110200	0.00022157
1102	110300	0.00022157
1103	110400	0.00022157
1104	110500	0.00022157
1105	110600	0.00022157
1106	110700	0.00022157
1107	110800	0.00022157
1108	110900	0.00022157
1109	111000	0.00022157
1110	111100	0.00022157
1111	111200	0.00022157
1112	111300	0.00022157
1113	111400	0.00022157
1114	111500	0.00022157
1115	111600	0.00022157
1116	111700	0.00022157
1117	111800	0.00022157
1118	111900	0.00022157
1119	112000	0.00022157
1120	112100	0.00022157
1121	112200	0.00022157
1122	112300	0.00022157
1123	112400	0.00022157
1124	112500	0.00022157
1125	112600	0.00022157
1126	112700	0.00022157
1127	112800	0.00022157
1128	112900	0.00022157
1129	113000	0.00022157
1130	113100	0.00022157
1131	113200	0.00022157
1132	113300	0.00022157
1133	113400	0.00022157
1134	113500	0.00022157
1135	113600	0.00022157
1136	113700	0.00022157
1137	113800	0.00022157
1138	113900	0.00022157
1139	114000	0.00022157
1140	114100	0.00022157
1141	114200	0.00022157
1142	114300	0.00022157
1143	114400	0.00022157
1144	114500	0.00022157
1145	114600	0.00022157
1146	114700	0.00022157
1147	114800	0.00022157
1148	114900	0.00022157
1149	115000	0.00022157
1150	115100	0.00022157
1151	115200	0.00022157
1152	115300	0.00022157
1153	115400	0.00022157
1154	115500	0.00022157
1155	115600	0.00022157
1156	115700	0.00022157
1157	115800	0.00022157
1158	115900	0.00022157
1159	116000	0.00022157
1160	116100	0.00022157
1161	116200	0.00022157
1162	116300	0.00022157
1163	116400	0.00022157
1164	116500	0.00022157
1165	116600	0.00022157
1166	116700	0.00022157
1167	116800	0.00022157
1168	116900	0.00022157
1169	117000	0.00022157
1170	117100	0.00022157
1171	117200	0.00022157
1172	117300	0.00022157
1173	117400	0.00022157
1174	117500	0.00022157
1175	117600	0.00022157
1176	117700	0.00022157
1177	117800	0.00022157
1178	117900	0.00022157
1179	118000	0.00022157
1180	118100	0.00022157
1181	118200	0.00022157
1182	118300	0.00022157
1183	118400	0.00022157
1184	118500	0.00022157
1185	118600	0.00022157
1186	118700	0.00022157
1187	118800	0.00022157
1188	118900	0.00022157
1189	119000	0.00022157
1190	119100	0.00022157
1191	119200	0.00022157
1192	119300	0.00022157
1193	119400	0.00022157
1194	119500	0.00022157
1195	119600	0.00022157
1196	119700	0.00022157
1197	119800	0.00022157
1198	119900	0.00022157
1199	120000	0.00022157
1200	120100	0.00022157
1201	120200	0.00022157
1202	120300	0.00022157
1203	120400	0.00022157
1204	120500	0.00022157
1205	120600	0.00022157
1206	120700	0.00022157
1207	120800	0.00022157
1208	120900	0.00022157
1209	121000	0.00022157
1210	121100	0.00022157
1211	121200	0.00022157
1212	121300	0.00022157
1213	121400	0.00022157
1214	121500	0.00022157
1215	121600	0.00022157
1216	121700	0.00022157
1217	121800	0.00022157
1218	121900	0.00022157
1219	122000	0.00022157
1220	122100	0.00022157
1221	122200	0.00022157
1222	122300	0.00022157
1223	122400	0.00022157
1224	122500	0.00022157
1225	122600	0.00022157
1226	122700	0.00022157
1227	122800	0.00022157
1228	122900	0.00022157
1229	123000	0.00022157
1230	123100	0.00022157
1231	123200	0.00022157
1232	123300	0.00022157
1233	123400	0.00022157
1234	123500	0.00022157
1235	123600	0.00022157
1236	123700	0.00022157
1237	123800	0.00022157
1238	123900	0.00022157
1239	124000	0.00022157
1240	124100	0.00022157
1241	124200	0.00022157
1242	124300	0.00022157
1243	124400	0.00022157
1244	124500	0.00022157
1245	124600	0.00022157
1246	124700	0.00022157
1247	124800	0.00022157
1248	124900	0.00022157
1249	125000	0.00022157
1250	125100	0.00022157
1251	125200	0.00022157
1252	125300	0.00022157
1253	125400	0.00022157
1254	125500	0.00022157
1255	125600	0.00022157
1256	125700	0.00022157
1257	125800	0.00022157
1258	125900	0.00022157
1259	126000	0.00022157
1260	126100	0.00022157
1261	126200	0.00022157
1262	126300	0.00022157
1263	126400	0.00022157
1264	126500	0.00022157
1265	126600	0.00022157
1266	126700	0.00022157
1267	126800	0.00022157
1268	126900	0.00022157
1269	127000	0.00022157
1270	127100	0.00022157
1271	127200	0.00022157
1272	127300	0.00022157
1273	127400	0.00022157
1274	127500	0.00022157
1275	127600	0.00022157
1276	127700	0.00022157
1277	127800	0.00022157
1278	127900	0.00022157
1279	128000	0.00022157
1280	128100	0.00022157
1281	128200	0.00022157
1282	128300	0.00022157
1283	128400	0.00022157
1284	128500	0.00022157
1285	128600	0.00022157
1286	128700	0.00022157
1287	128800	0.00022157
1288	128900	0.00022157
1289	129000	0.00022157
1290	129100	0.000186816
1291	129200	0.000186816
1292	129300	0.000186816
1293	129400	0.000186816
1294	129500	0.000186816
1295	129600	0.000186816
1296	129700	0.000186816
1297	129800	0.000186816
1298	129900	0.000186816
1299	130000	0.000186816
1300	130100	0.000186816
1301	130200	0.000186816
1302	130300	0.000186816
1303	130400	0.000186816
1304	130500	0.000186816
1305	130600	0.000186816
1306	130700	0.000186816
1307	130800	0.000186816
1308	130900	0.000186816
1309	131000	0.000186816
1310	131100	0.000186816
1311	131200	0.000186816
1312	131300	0.000186816
1313	131400	0.000186816
1314	131500	0.000186816
1315	131600	0.000186816
1316	131700	0.000186816
1317	131800	0.000186816
1318	131900	0.000186816
1319	132000	0.000186816
1320	132100	0.000186816
1321	132200	0.000186816
1322	132300	0.000186816
1323	132400	0.000186816
1324	132500	0.000186816
1325	132600	0.000186816
1326	132700	0.000186816
1327	132800	0.000186816
1328	132900	0.000186816
1329	133000	0.000186816
1330	133100	0.000186816
1331	133200	0.000186816
1332	133300	0.000186816
1333	133400	0.000186816
1334	133500	0.000186816
1335	133600	0.000186816
1336	133700	0.000186816
1337	133800	0.000161408
1338	133900	0.000161408
1339	134000	0.000161408
1340	134100	0.000161408
1341	134200	0.000161408
1342	134300	0.000161408
1343	134400	0.000161408
1344	134500	0.000161408
1345	134600	0.000161408
1346	134700	0.000161408
1347	134800	0.000161408
1348	134900	0.000161408
1349	135000	0.000161408
1350	135100	0.000161408
1351	135200	0.000161408
1352	135300	0.000161408
1353	135400	0.000161408
1354	135500	0.000161408
1355	135600	0.000161408
1356	135700	0.000161408
1357	135800	0.000161408
1358	135900	0.000161408
1359	136000	0.000161408
1360	136100	0.000161408
1361	136200	0.000161408
1362	136300	0.000161408
1363	136400	0.000161408
1364	136500	0.000161408
1365	136600	0.000161408
1366	136700	0.000161408
1367	136800	0.000161408
1368	136900	0.000161408
1369	137000	0.000161408
1370	137100	0.000161408
1371	137200	0.000161408
1372	137300	0.000161408
1373	137400	0.000161408
1374	137500	0.000161408
1375	137600	0.000161408
1376	137700	0.000161408
1377	137800	0.000161408
1378	137900	0.000161408
1379	138000	0.000161408
1380	138100	0.000161408
1381	138200	0.000161408
1382	138300	0.000161408
1383	138400	0.000161408
1384	138500	0.000161408
1385	138600	0.000161408
1386	138700	0.000161408
1387	138800	0.000161408
1388	138900	0.000161408
1389	139000	0.000161408
1390	139100	0.000161408
1391	139200	0.000161408
1392	139300	0.000161408
1393	139400	0.000161408
1394	139500	0.000161408
1395	139600	0.000161408
1396	139700	0.000161408
1397	139800	0.000161408
1398	139900	0.000161408
1399	140000	0.000161408
1400	140100	0.000161408
1401	140200	0.000161408
1402	140300	0.000161408
1403	140400	0.000161408
1404	140500	0.000161408
1405	140600	0.000161408
1406	140700	0.000161408
1407	140800	0.000161408
1408	140900	0.000161408
1409	141000	0.000161408
1410	141100	0.000161408
1411	141200	0.000161408
1412	141300	0.000161408
1413	141400	0.000161408
1414	141500	0.000161408
1415	141600	0.000161408
1416	141700	0.000161408
1417	141800	0.000161408
1418	141900	0.000161408
1419	142000	0.000161408
1420	142100	0.000161408
1421	142200	0.000161408
1422	142300	0.000161408
1423	142400	0.000161408
1424	142500	0.000161408
1425	142600	0.000161408
1426	142700	0.000161408
1427	142800	0.000161408
1428	142900	0.000161408
1429	143000	0.000161408
1430	143100	0.000161408
1431	143200	0.000161408
1432	143300	0.000161408
1433	143400	0.000161408
1434	143500	0.000161408
1435	143600	0.000161408
1436	143700	0.000161408
1437	143800	0.000161408
1438	143900	0.000161408
1439	144000	0.000161408
1440	144100	0.000161408
1441	144200	0.000161408
1442	144300	0.000161408
1443	144400	0.000161408
1444	144500	0.000161408
1445	144600	0.000161408
1446	144700	0.000161408
1447	144800	0.000161408
1448	144900	0.000161408
1449	145000	0.000161408
1450	145100	0.000161408
1451	145200	0.000161408
1452	145300	0.000161408
1453	145400	0.000161408
1454	145500	0.000161408
1455	145600	0.000152391
1456	145700	0.000152391
1457	145800	0.000152391
1458	145900	0.000152391
1459	146000	0.000152391
1460	146100	0.000152391
1461	146200	0.000152391
1462	146300	0.000152391
1463	146400	0.000152391
1464	146500	0.000152391
1465	146600	0.000152391
1466	146700	0.000152391
1467	146800	0.000152391
1468	146900	0.000152391
1469	147000	0.000152391
1470	147100	0.000152391
1471	147200	0.000152391
1472	147300	0.000152391
1473	147400	0.000152391
1474	147500	0.000152391
1475	147600	0.000152391
1476	147700	0.000152391
1477	147800	0.000152391
1478	147900	0.000152391
1479	148000	0.000152391
1480	148100	0.000152391
1481	148200	0.000152391
1482	148300	0.000152391
1483	148400	0.000152391
1484	148500	0.000152391
1485	148600	0.000152391
1486	148700	0.000152391
1487	148800	0.000152391
1488	148900	0.000152391
1489	149000	0.000152391
1490	149100	0.000152391
1491	149200	0.000152391
1492	149300	0.000152391
1493	149400	0.000152391
1494	149500	0.000152391
1495	149600	0.000152391
1496	149700	0.000152391
1497	149800	0.000152391
1498	149900	0.000152391
1499	150000	0.000152391
1500	150100	0.000152391
1501	150200	0.000152391
1502	150300	0.000152391
1503	150400	0.000152391
1504	150500	0.000152391
1505	150600	0.000152391
1506	150700	0.000152391
1507	150800	0.000152391
1508	150900	0.000152391
1509	151000	0.000152391
1510	151100	0.000152391
1511	151200	0.000152391
1512	151300	0.000152391
1513	151400	0.000152391
1514	151500	0.000152391
1515	151600	0.000152391
1516	151700	0.000152391
1517	151800	0.000152391
1518	151900	0.000152391
1519	152000	0.000152391
1520	152100	0.000152391
1521	152200	0.000152391
1522	152300	0.000152391
1523	152400	0.000152391
1524	152500	0.000152391
1525	152600	0.000152391
1526	152700	0.000152391
1527	152800	0.000152391
1528	152900	0.000152391
1529	153000	0.000152391
1530	153100	0.000152391
1531	153200	0.000152391
1532	153300	0.000152391
1533	153400	0.000152391
1534	153500	0.000152391
1535	153600	0.000152391
1536	153700	0.000152391
1537	153800	0.000152391
1538	153900	0.000152391
1539	154000	0.000152391
1540	154100	0.000152391
1541	154200	0.000152391
1542	154300	0.000152391
1543	154400	0.000152391
1544	154500	0.000152391
1545	154600	0.000138957
1546	154700	0.000138957
1547	154800	0.000138957
1548	154900	0.000138957
1549	155000	0.000138957
1550	155100	0.000138957
1551	155200	0.000138957
1552	155300	0.000138957
1553	155400	0.000138957
1554	155500	0.000138957
1555	155600	0.000138957
1556	155700	0.000138957
1557	155800	0.000138957
1558	155900	0.000138957
1559	156000	0.000138957
1560	156100	0.000138957
1561	156200	0.000122344
1562	156300	0.000122344
1563	156400	0.000122344
1564	156500	0.000122344
1565	156600	0.000122344
1566	156700	0.000122344
1567	156800	0.000122344
1568	156900	0.000122344
1569	157000	0.000122344
1570	157100	0.000122344
1571	157200	0.000122344
1572	157300	0.000122344
1573	157400	0.000122344
1574	157500	0.000122344
1575	157600	0.000122344
1576	157700	0.000122344
1577	157800	0.000122344
1578	157900	0.000122344
1579	158000	0.000122344
1580	158100	0.000122344
1581	158200	0.000122344
1582	158300	0.000122344
1583	158400	0.000122344
1584	158500	0.000122344
1585	158600	0.000122344
1586	158700	0.000122344
1587	158800	0.000122344
1588	158900	0.000122344
1589	159000	0.000122344
1590	159100	0.000122344
1591	159200	0.000122344
1592	159300	0.000122344
1593	159400	0.000122344
1594	159500	0.000122344
1595	159600	0.000122344
1596	159700	0.000122344
1597	159800	0.000122344
1598	159900	0.000122344
1599	160000	0.000122344
1600	160100	0.000122344
1601	160200	0.000122344
1602	160300	0.000122344
1603	160400	0.000122344
1604	160500	0.000122344
1605	160600	0.000122344
1606	160700	0.000122344
1607	160800	0.000122344
1608	160900	0.000122344
1609	161000	0.000122344
1610	161100	0.000122344
1611	161200	0.000122344
1612	161300	0.000122344
1613	161400	0.000122344
1614	161500	0.000122344
1615	161600	0.000122344
1616	161700	0.000122344
1617	161800	0.000122344
1618	161900	0.000122344
1619	162000	0.000122344
1620	162100	0.000122344
1621	162200	0.000122344
1622	162300	0.000122344
1623	162400	0.000122344
1624	162500	0.000122344
1625	162600	0.000122344
1626	162700	0.000122344
1627	162800	0.000122344
1628	162900	0.000122344
1629	163000	0.000122344
1630	163100	0.000122344
1631	163200	0.000122344
1632	163300	0.000122344
1633	163400	0.000122344
1634	163500	0.000122344
1635	163600	0.000122344
1636	163700	0.000122344
1637	163800	0.000122344
1638	163900	0.000122344
1639	164000	0.000122344
1640	164100	0.000122344
1641	164200	0.000122344
1642	164300	0.000122344
1643	164400	0.000122344
1644	164500	0.000122344
1645	164600	0.000122344
1646	164700	0.000122344
1647	164800	0.000122344
1648	164900	0.000122344
1649	165000	0.000122344
1650	165100	0.000122344
1651	165200	0.000122344
1652	165300	0.000122344
1653	165400	0.000122344
1654	165500	0.000122344
1655	165600	0.000122344
1656	165700	0.000122344
1657	165800	0.000122344
1658	165900	0.000122344
1659	166000	0.000122344
1660	166100	0.000122344
1661	166200	0.000122344
1662	166300	0.000122344
1663	166400	0.000122344
1664	166500	0.000122344
1665	166600	0.000122344
1666	166700	0.000122344
1667	166800	0.000122344
1668	166900	0.000122344
1669	167000	0.000122344
1670	167100	0.000122344
1671	167200	0.000122344
1672	167300	0.000122344
1673	167400	0.000122344
1674	167500	0.000122344
1675	167600	0.000122344
1676	167700	0.000122344
1677	167800	0.000122344
1678	167900	0.000122344
1679	168000	0.000122344
1680	168100	0.000122344
1681	168200	0.000122344
1682	168300	0.000122344
1683	168400	0.000122344
1684	168500	0.000122344
1685	168600	0.000122344
1686	168700	0.000122344
1687	168800	0.000122344
1688	168900	0.000122344
1689	169000	0.000122344
1690	169100	0.000122344
1691	169200	0.000122344
1692	169300	0.000122344
1693	169400	0.000122344
1694	169500	0.000122344
1695	169600	0.000122344
1696	169700	0.000122344
1697	169800	0.000122344
1698	169900	0.000122344
1699	170000	0.000122344
1700	170100	0.000122344
1701	170200	0.000122344
1702	170300	0.000122344
1703	170400	0.000122344
1704	170500	0.000122344
1705	170600	0.000122344
1706	170700	0.000122344
1707	170800	0.000122344
1708	170900	0.000122344
1709	171000	0.000122344
1710	171100	0.000122344
1711	171200	0.000122344
1712	171300	0.000122344
1713	171400	0.000122344
1714	171500	0.000122344
1715	171600	0.000122344
1716	171700	0.000122344
1717	171800	0.000122344
1718	171900	0.000122344
1719	172000	0.000122344
1720	172100	0.000122344
1721	172200	0.000122344
1722	172300	0.000122344
1723	172400	0.000122344
1724	172500	0.000122344
1725	172600	0.000122344
1726	172700	0.000122344
1727	172800	0.000122344
1728	172900	0.000122344
1729	173000	0.000122344
1730	173100	0.000122344
1731	173200	0.000122344
1732	173300	0.000122344
1733	173400	0.000122344
1734	173500	0.000122344
1735	173600	0.000122344
1736	173700	0.000122344
1737	173800	0.000122344
1738	173900	0.000122344
1739	174000	0.000122344
1740	174100	0.000122344
1741	174200	0.000122344
1742	174300	0.000122344
1743	174400	0.000122344
1744	174500	0.000122344
1745	174600	0.000122344
1746	174700	0.000122344
1747	174800	0.000122344
1748	174900	0.000122344
1749	175000	0.000122344
1750	175100	0.000122344
1751	175200	0.000122344
1752	175300	0.000122344
1753	175400	0.000122344
1754	175500	0.000122344
1755	175600	0.000122344
1756	175700	0.000122344
1757	175800	0.000122344
1758	175900	0.000122344
1759	176000	0.000122344
1760	176100	0.000122344
1761	176200	0.000122344
1762	176300	0.000122344
1763	176400	0.000122344
1764	176500	0.000122344
1765	176600	0.000122344
1766	176700	0.000122344
1767	176800	0.000122344
1768	176900	0.000122344
1769	177000	0.000122344
1770	177100	0.000122344
1771	177200	0.000122344
1772	177300	0.000122344
1773	177400	0.000122344
1774	177500	0.000122344
1775	177600	0.000122344
1776	177700	0.000122344
1777	177800	0.000122344
1778	177900	0.000122344
1779	178000	0.000122344
1780	178100	0.000122344
1781	178200	0.000122344
1782	178300	0.000122344
1783	178400	0.000122344
1784	178500	0.000122344
1785	178600	0.000122344
1786	178700	0.000122344
1787	178800	0.000122344
1788	178900	0.000122344
1789	179000	0.000122344
1790	179100	0.000122344
1791	179200	0.000122344
1792	179300	0.000122344
1793	179400	0.000122344
1794	179500	0.000122344
1795	179600	0.000122344
1796	179700	0.000122344
1797	179800	0.000122344
1798	179900	0.000122344
1799	180000	0.000122344
1800	180100	0.000122344
1801	180200	0.000122344
1802	180300	0.000122344
1803	180400	0.000122344
1804	180500	0.000122344
1805	180600	0.000122344
1806	180700	0.000122344
1807	180800	0.000122344
1808	180900	0.000122344
1809	181000	0.000122344
1810	181100	0.000122344
1811	181200	0.000122344
1812	181300	0.000122344
1813	181400	0.000122344
1814	181500	0.000122344
1815	181600	0.000122344
1816	181700	0.000122344
1817	181800	0.000122344
1818	181900	0.000122344
1819	182000	0.000122344
1820	182100	0.000122344
1821	182200	0.000122344
1822	182300	0.000122344
1823	182400	0.000122344
1824	182500	0.000122344
1825	182600	0.000122344
1826	182700	0.000122344
1827	182800	0.000122344
1828	182900	0.000122344
1829	183000	0.000122344
1830	183100	0.000122344
1831	183200	0.000122344
1832	183300	0.000122344
1833	183400	0.000122344
1834	183500	0.000122344
1835	183600	0.000122344
1836	183700	0.000122344
1837	183800	0.000122344
1838	183900	0.000122344
1839	184000	0.000122344
1840	184100	0.000122344
1841	184200	0.000122344
1842	184300	0.000122344
1843	184400	0.000122344
1844	184500	0.000122344
1845	184600	0.000122344
1846	184700	0.000122344
1847	184800	0.000122344
1848	184900	0.000122344
1849	185000	0.000122344
1850	185100	0.000122344
1851	185200	0.000122344
1852	185300	0.000122344
1853	185400	0.000122344
1854	185500	0.000122344
1855	185600	0.000122344
1856	185700	0.000122344
1857	185800	0.000122344
1858	185900	0.000122344
1859	186000	0.000122344
1860	186100	0.000122344
1861	186200	0.000122344
1862	186300	0.000122344
1863	186400	0.000122344
1864	186500	0.000122344
1865	186600	0.000122344
1866	186700	0.000122344
1867	186800	0.000103548
1868	186900	0.000103548
1869	187000	0.000103548
1870	187100	0.000103548
1871	187200	0.000103548
1872	187300	0.000103548
1873	187400	0.000103548
1874	187500	0.000103548
1875	187600	0.000103548
1876	187700	0.000103548
1877	187800	0.000103548
1878	187900	0.000103548
1879	188000	0.000103548
1880	188100	0.000103548
1881	188200	0.000103548
1882	188300	0.000103548
1883	188400	0.000103548
1884	188500	0.000103548
1885	188600	0.000103548
1886	188700	0.000103548
1887	188800	0.000103548
1888	188900	0.000103548
1889	189000	0.000103548
1890	189100	0.000103548
1891	189200	0.000103548
1892	189300	0.000103548
1893	189400	0.000103548
1894	189500	0.000103548
1895	189600	0.000103548
1896	189700	0.000103548
1897	189800	0.000103548
1898	189900	0.000103548
1899	190000	0.000103548
1900	190100	0.000103548
1901	190200	0.000103548
1902	190300	0.000103548
1903	190400	0.000103548
1904	190500	0.000103548
1905	190600	0.000103548
1906	190700	0.000103548
1907	190800	0.000103548
1908	190900	0.000103548
1909	191000	0.000103548
1910	191100	0.000103548
1911	191200	0.000103548
1912	191300	0.000103548
1913	191400	0.000103548
1914	191500	0.000103548
1915	191600	0.000103548
1916	191700	0.000103548
1917	191800	0.000103548
1918	191900	0.000103548
1919	192000	0.000103548
1920	192100	0.000103548
1921	192200	0.000103548
1922	192300	0.000103548
1923	192400	0.000103548
1924	192500	0.000103548
1925	192600	0.000103548
1926	192700	0.000103548
1927	192800	0.000103548
1928	192900	0.000103548
1929	193000	0.000103548
1930	193100	0.000103548
1931	193200	0.000103548
1932	193300	0.000103548
1933	193400	0.000103548
1934	193500	0.000103548
1935	193600	0.000103548
1936	193700	0.000103548
1937	193800	0.000103548
1938	193900	0.000103548
1939	194000	0.000103548
1940	194100	0.000103548
1941	194200	0.000103548
1942	194300	0.000103548
1943	194400	0.000103548
1944	194500	0.000103548
1945	194600	0.000103548
1946	194700	0.000103548
1947	194800	0.000103548
1948	194900	0.000103548
1949	195000	0.000103548
1950	195100	0.000103548
1951	195200	0.000103548
1952	195300	0.000103548
1953	195400	0.000103548
1954	195500	0.000103548
1955	195600	0.000103548
1956	195700	0.000103548
1957	195800	0.000103548
1958	195900	0.000103548
1959	196000	0.000103548
1960	196100	0.000103548
1961	196200	0.000103548
1962	196300	0.000103548
1963	196400	0.000103548
1964	196500	0.000103548
1965	196600	0.000103548
1966	196700	0.000103548
1967	196800	0.000103548
1968	196900	0.000103548
1969	197000	0.000103548
1970	197100	0.000103548
1971	197200	0.000103548
1972	197300	0.000103548
1973	197400	0.000103548
1974	197500	0.000103548
1975	197600	0.000103548
1976	197700	0.000103548
1977	197800	0.000103548
1978	197900	0.000103548
1979	198000	0.000103548
1980	198100	0.000103548
1981	198200	0.000103548
1982	198300	0.000103548
1983	198400	0.000103548
1984	198500	0.000103548
1985	198600	0.000103548
1986	198700	0.000103548
1987	198800	0.000103548
1988	198900	0.000103548
1989	199000	0.000103548
1990	199100	0.000103548
1991	199200	0.000103548
1992	199300	0.000103548
1993	199400	0.000103548
1994	199500	0.000103548
1995	199600	0.000103548
1996	199700	0.000103548
1997	199800	0.000103548
1998	199900	0.000103548
1999	200000	0.000103548
2000	200100	0.000103548
