1	200	329.359
2	300	175.209
3	400	150.163
4	500	115.803
5	600	108.975
6	700	87.9035
7	800	53.9707
8	900	42.2738
9	1000	35.5173
10	1100	29.8284
11	1200	23.0701
12	1300	23.0701
13	1400	18.4503
14	1500	18.4503
15	1600	14.746
16	1700	14.3174
17	1800	10.6131
18	1900	10.3646
19	2000	9.18236
20	2100	7.01417
21	2200	5.83193
22	2300	5.58342
23	2400	4.74698
24	2500	4.74698
25	2600	4.74698
26	2700	4.74698
27	2800	4.56758
28	2900	3.73113
29	3000	3.73113
30	3100	3.1032
31	3200	3.1032
32	3300	3.007
33	3400	2.76566
34	3500	1.81212
35	3600	1.81212
36	3700	1.81212
37	3800	1.81212
38	3900	1.7657
39	4000	1.7657
40	4100	1.7657
41	4200	1.7657
42	4300	1.7657
43	4400	1.76076
44	4500	1.30695
45	4600	1.30201
46	4700	1.29112
47	4800	1.10769
48	4900	1.01958
49	5000	0.836155
50	5100	0.820328
51	5200	0.815392
52	5300	0.732739
53	5400	0.576626
54	5500	0.560799
55	5600	0.560799
56	5700	0.560799
57	5800	0.560799
58	5900	0.540054
59	6000	0.540054
60	6100	0.540054
61	6200	0.540054
62	6300	0.540054
63	6400	0.540054
64	6500	0.438656
65	6600	0.332234
66	6700	0.230836
67	6800	0.228822
68	6900	0.228822
69	7000	0.228822
70	7100	0.228822
71	7200	0.228822
72	7300	0.228822
73	7400	0.198449
74	7500	0.198449
75	7600	0.182251
76	7700	0.157626
77	7800	0.130785
78	7900	0.130785
79	8000	0.130785
80	8100	0.104514
81	8200	0.0883753
82	8300	0.0883753
83	8400	0.0841352
84	8500	0.0796149
85	8600	0.0796149
86	8700	0.0796149
87	8800	0.0796149
88	8900	0.0796149
89	9000	0.0796149
90	9100	0.0796149
91	9200	0.0796149
92	9300	0.0796149
93	9400	0.0796149
94	9500	0.0796149
95	9600	0.0796149
96	9700	0.0796149
97	9800	0.0796149
98	9900	0.0796149
99	10000	0.0796149
100	10100	0.0796149
101	10200	0.0796149
102	10300	0.0796149
103	10400	0.0796149
104	10500	0.0793339
105	10600	0.0793339
106	10700	0.0729868
107	10800	0.0727059
108	10900	0.0727059
109	11000	0.0727059
110	11100	0.0727059
111	11200	0.0727059
112	11300	0.0666791
113	11400	0.0666791
114	11500	0.0666791
115	11600	0.0666791
116	11700	0.0666791
117	11800	0.0666791
118	11900	0.0666791
119	12000	0.0666791
120	12100	0.0666791
121	12200	0.0666791
122	12300	0.0605384
123	12400	0.0605384
124	12500	0.0605384
125	12600	0.0605384
126	12700	0.0605384
127	12800	0.0605384
128	12900	0.0605384
129	13000	0.0605384
130	13100	0.0605384
131	13200	0.0605384
132	13300	0.0605384
133	13400	0.0524834
134	13500	0.0524834
135	13600	0.0522543
136	13700	0.0522543
137	13800	0.0522543
138	13900	0.0522543
139	14000	0.0459713
140	14100	0.0459713
141	14200	0.0459713
142	14300	0.0459713
143	14400	0.0459713
144	14500	0.0459713
145	14600	0.0459713
146	14700	0.0459713
147	14800	0.0459713
148	14900	0.0459713
149	15000	0.0459713
150	15100	0.0455671
151	15200	0.0450074
152	15300	0.0446032
153	15400	0.0446032
154	15500	0.0446032
155	15600	0.0352765
156	15700	0.0352765
157	15800	0.0352765
158	15900	0.0352765
159	16000	0.0352765
160	16100	0.0255428
161	16200	0.0255428
162	16300	0.0255428
163	16400	0.0255428
164	16500	0.0255428
165	16600	0.0255428
166	16700	0.0152806
167	16800	0.0152806
168	16900	0.0152806
169	17000	0.0152806
170	17100	0.0152806
171	17200	0.0152806
172	17300	0.0152806
173	17400	0.0152806
174	17500	0.0152806
175	17600	0.0152806
176	17700	0.0152806
177	17800	0.0152806
178	17900	0.0152806
179	18000	0.0152806
180	18100	0.0152806
181	18200	0.0152806
182	18300	0.0150275
183	18400	0.0150275
184	18500	0.0150275
185	18600	0.0150275
186	18700	0.0150275
187	18800	0.0150275
188	18900	0.0150275
189	19000	0.0150275
190	19100	0.00671024
191	19200	0.00671024
192	19300	0.00671024
193	19400	0.00671024
194	19500	0.00671024
195	19600	0.00488535
196	19700	0.00488535
197	19800	0.00488535
198	19900	0.00488535
199	20000	0.00488535
200	20100	0.00488535
201	20200	0.00488535
202	20300	0.00488535
203	20400	0.00488535
204	20500	0.00488535
205	20600	0.00488535
206	20700	0.00488535
207	20800	0.00488535
208	20900	0.00488535
209	21000	0.00488535
210	21100	0.00488535
211	21200	0.00488535
212	21300	0.00488535
213	21400	0.00488535
214	21500	0.00488535
215	21600	0.00488535
216	21700	0.00488535
217	21800	0.00488535
218	21900	0.00488535
219	22000	0.00488535
220	22100	0.00488535
221	22200	0.00488535
222	22300	0.00488535
223	22400	0.00488535
224	22500	0.00488535
225	22600	0.00488535
226	22700	0.00488535
227	22800	0.00488535
228	22900	0.00488535
229	23000	0.00488535
230	23100	0.00488535
231	23200	0.00488535
232	23300	0.00488535
233	23400	0.00488535
234	23500	0.00488535
235	23600	0.00488535
236	23700	0.00488535
237	23800	0.00488535
238	23900	0.00488535
239	24000	0.00488535
240	24100	0.00488535
241	24200	0.00488535
242	24300	0.00381216
243	24400	0.00381216
244	24500	0.00381216
245	24600	0.00381216
246	24700	0.00381216
247	24800	0.00381216
248	24900	0.00253237
249	25000	0.00253237
250	25100	0.00253237
251	25200	0.00253237
252	25300	0.00253237
253	25400	0.00253237
254	25500	0.00253237
255	25600	0.00253237
256	25700	0.00253237
257	25800	0.00253237
258	25900	0.00253237
259	26000	0.00253237
260	26100	0.00253237
261	26200	0.00253237
262	26300	0.00253237
263	26400	0.00253237
264	26500	0.00253237
265	26600	0.00253237
266	26700	0.00253237
267	26800	0.00253237
268	26900	0.00253237
269	27000	0.00253237
270	27100	0.00253237
271	27200	0.00253237
272	27300	0.00253237
273	27400	0.00253237
274	27500	0.00253237
275	27600	0.00253237
276	27700	0.00253237
277	27800	0.00253237
278	27900	0.00253237
279	28000	0.00253237
280	28100	0.00253237
281	28200	0.00253237
282	28300	0.00253237
283	28400	0.00253237
284	28500	0.00253237
285	28600	0.00253237
286	28700	0.00253237
287	28800	0.00253237
288	28900	0.00253237
289	29000	0.00253237
290	29100	0.00253237
291	29200	0.00253237
292	29300	0.00253237
293	29400	0.00253237
294	29500	0.00253237
295	29600	0.00253237
296	29700	0.00253237
297	29800	0.00253237
298	29900	0.00253237
299	30000	0.00253237
300	30100	0.00253237
301	30200	0.00253237
302	30300	0.00253237
303	30400	0.00253237
304	30500	0.00253237
305	30600	0.00253237
306	30700	0.00253237
307	30800	0.00253237
308	30900	0.00253237
309	31000	0.00253237
310	31100	0.00253237
311	31200	0.00253237
312	31300	0.00253237
313	31400	0.00253237
314	31500	0.00253237
315	31600	0.00253237
316	31700	0.00253237
317	31800	0.00253237
318	31900	0.00253237
319	32000	0.00253237
320	32100	0.00253237
321	32200	0.00253237
322	32300	0.00253237
323	32400	0.00253237
324	32500	0.00253237
325	32600	0.00253237
326	32700	0.00253237
327	32800	0.00253237
328	32900	0.00253237
329	33000	0.00253237
330	33100	0.00253237
331	33200	0.00253237
332	33300	0.00253237
333	33400	0.00253237
334	33500	0.00253237
335	33600	0.00253237
336	33700	0.00253237
337	33800	0.00253237
338	33900	0.00253237
339	34000	0.00253237
340	34100	0.00253237
341	34200	0.00253237
342	34300	0.00253237
343	34400	0.00253237
344	34500	0.00253237
345	34600	0.00253237
346	34700	0.00253237
347	34800	0.00253237
348	34900	0.00253237
349	35000	0.00253237
350	35100	0.00253237
351	35200	0.00253237
352	35300	0.00253237
353	35400	0.00253237
354	35500	0.00253237
355	35600	0.00253237
356	35700	0.00253237
357	35800	0.00253237
358	35900	0.00253237
359	36000	0.00253237
360	36100	0.00253237
361	36200	0.00253237
362	36300	0.00253237
363	36400	0.00253237
364	36500	0.00253237
365	36600	0.00253237
366	36700	0.00253237
367	36800	0.00253237
368	36900	0.00253237
369	37000	0.00253237
370	37100	0.00253237
371	37200	0.00253237
372	37300	0.00253237
373	37400	0.00253237
374	37500	0.00253237
375	37600	0.00253237
376	37700	0.00253237
377	37800	0.00253237
378	37900	0.00253237
379	38000	0.00253237
380	38100	0.00253237
381	38200	0.00253237
382	38300	0.00253237
383	38400	0.00253237
384	38500	0.00253237
385	38600	0.00253237
386	38700	0.00253237
387	38800	0.00253237
388	38900	0.00253237
389	39000	0.00253237
390	39100	0.00253237
391	39200	0.00253237
392	39300	0.00253237
393	39400	0.00253237
394	39500	0.00253237
395	39600	0.00253237
396	39700	0.00253237
397	39800	0.00253237
398	39900	0.00253237
399	40000	0.00253237
400	40100	0.00253237
401	40200	0.00253237
402	40300	0.00253237
403	40400	0.00253237
404	40500	0.00253237
405	40600	0.00253237
406	40700	0.00253237
407	40800	0.00253237
408	40900	0.00253237
409	41000	0.00253237
410	41100	0.00253237
411	41200	0.00253237
412	41300	0.00253237
413	41400	0.00253237
414	41500	0.00253237
415	41600	0.00253237
416	41700	0.00253237
417	41800	0.00253237
418	41900	0.00253237
419	42000	0.00253237
420	42100	0.00253237
421	42200	0.00253237
422	42300	0.00253237
423	42400	0.00253237
424	42500	0.00253237
425	42600	0.00253237
426	42700	0.00253237
427	42800	0.00253237
428	42900	0.00253237
429	43000	0.00253237
430	43100	0.00253237
431	43200	0.00253237
432	43300	0.00253237
433	43400	0.00253237
434	43500	0.00253237
435	43600	0.00253237
436	43700	0.00253237
437	43800	0.00253237
438	43900	0.00253237
439	44000	0.00253237
440	44100	0.00253237
441	44200	0.00253237
442	44300	0.00253237
443	44400	0.00253237
444	44500	0.00253237
445	44600	0.00253237
446	44700	0.00253237
447	44800	0.00253237
448	44900	0.00253237
449	45000	0.00253237
450	45100	0.00253237
451	45200	0.00253237
452	45300	0.00253237
453	45400	0.00253237
454	45500	0.00253237
455	45600	0.00253237
456	45700	0.00253237
457	45800	0.00253237
458	45900	0.00253237
459	46000	0.00253237
460	46100	0.00253237
461	46200	0.00253237
462	46300	0.00253237
463	46400	0.00253237
464	46500	0.00253237
465	46600	0.00253237
466	46700	0.00253237
467	46800	0.00253237
468	46900	0.00253237
469	47000	0.00253237
470	47100	0.00253237
471	47200	0.00253237
472	47300	0.00253237
473	47400	0.00253237
474	47500	0.00253237
475	47600	0.00253237
476	47700	0.00253237
477	47800	0.00253237
478	47900	0.00253237
479	48000	0.00253237
480	48100	0.00253237
481	48200	0.00253237
482	48300	0.00253237
483	48400	0.00253237
484	48500	0.00253237
485	48600	0.00253237
486	48700	0.00253237
487	48800	0.00253237
488	48900	0.00253237
489	49000	0.00232186
490	49100	0.00232186
491	49200	0.00232186
492	49300	0.00232186
493	49400	0.00232186
494	49500	0.00232186
495	49600	0.00232186
496	49700	0.00232186
497	49800	0.00232186
498	49900	0.00215163
499	50000	0.00215163
500	50100	0.00215163
501	50200	0.00215163
502	50300	0.00215163
503	50400	0.00215163
504	50500	0.00215163
505	50600	0.00215163
506	50700	0.00215163
507	50800	0.00215163
508	50900	0.00215163
509	51000	0.00215163
510	51100	0.00215163
511	51200	0.00215163
512	51300	0.00215163
513	51400	0.00215163
514	51500	0.00215163
515	51600	0.00215163
516	51700	0.00215163
517	51800	0.00215163
518	51900	0.00215163
519	52000	0.00215163
520	52100	0.00215163
521	52200	0.00215163
522	52300	0.00215163
523	52400	0.00215163
524	52500	0.00215163
525	52600	0.00215163
526	52700	0.00215163
527	52800	0.00215163
528	52900	0.00215163
529	53000	0.00215163
530	53100	0.00215163
531	53200	0.00215163
532	53300	0.00215163
533	53400	0.00215163
534	53500	0.00215163
535	53600	0.00215163
536	53700	0.00215163
537	53800	0.00215163
538	53900	0.00215163
539	54000	0.00215163
540	54100	0.00215163
541	54200	0.00215163
542	54300	0.00215163
543	54400	0.00215163
544	54500	0.00215163
545	54600	0.00215163
546	54700	0.00215163
547	54800	0.00215163
548	54900	0.00215163
549	55000	0.00215163
550	55100	0.00215163
551	55200	0.00215163
552	55300	0.00215163
553	55400	0.00215163
554	55500	0.00215163
555	55600	0.00215163
556	55700	0.00215163
557	55800	0.00215163
558	55900	0.00215163
559	56000	0.00215163
560	56100	0.00215163
561	56200	0.00215163
562	56300	0.00215163
563	56400	0.00215163
564	56500	0.00215163
565	56600	0.00215163
566	56700	0.00215163
567	56800	0.00215163
568	56900	0.00215163
569	57000	0.00215163
570	57100	0.00215163
571	57200	0.00215163
572	57300	0.00215163
573	57400	0.00215163
574	57500	0.00215163
575	57600	0.00215163
576	57700	0.00215163
577	57800	0.00215163
578	57900	0.00215163
579	58000	0.00215163
580	58100	0.00215163
581	58200	0.00215163
582	58300	0.00215163
583	58400	0.00215163
584	58500	0.00215163
585	58600	0.00215163
586	58700	0.00215163
587	58800	0.00184638
588	58900	0.00184638
589	59000	0.00184638
590	59100	0.00184638
591	59200	0.00184638
592	59300	0.00184638
593	59400	0.00184638
594	59500	0.00184638
595	59600	0.00184638
596	59700	0.00169642
597	59800	0.00169642
598	59900	0.00169642
599	60000	0.00169642
600	60100	0.00169642
601	60200	0.00169642
602	60300	0.00169642
603	60400	0.00169642
604	60500	0.00169642
605	60600	0.00169642
606	60700	0.00169642
607	60800	0.00169642
608	60900	0.00169642
609	61000	0.00169642
610	61100	0.00169642
611	61200	0.00169642
612	61300	0.00169642
613	61400	0.00169642
614	61500	0.00169642
615	61600	0.00169642
616	61700	0.00169642
617	61800	0.00169642
618	61900	0.00169642
619	62000	0.00169642
620	62100	0.00169642
621	62200	0.00169642
622	62300	0.00169642
623	62400	0.00169642
624	62500	0.00169642
625	62600	0.00169642
626	62700	0.00169642
627	62800	0.00169642
628	62900	0.00169642
629	63000	0.00169642
630	63100	0.00169642
631	63200	0.00169642
632	63300	0.00169642
633	63400	0.00169642
634	63500	0.00169642
635	63600	0.00169642
636	63700	0.00169642
637	63800	0.00169642
638	63900	0.00169642
639	64000	0.00169642
640	64100	0.00169642
641	64200	0.00169642
642	64300	0.00169642
643	64400	0.00169642
644	64500	0.00169642
645	64600	0.00169642
646	64700	0.00169642
647	64800	0.00159109
648	64900	0.00159109
649	65000	0.00159109
650	65100	0.00159109
651	65200	0.00159109
652	65300	0.00159109
653	65400	0.00159109
654	65500	0.00159109
655	65600	0.0015603
656	65700	0.00139525
657	65800	0.00139525
658	65900	0.00139525
659	66000	0.00139525
660	66100	0.00139525
661	66200	0.00139525
662	66300	0.00139525
663	66400	0.00139525
664	66500	0.00139525
665	66600	0.00139525
666	66700	0.00139525
667	66800	0.00139525
668	66900	0.00139525
669	67000	0.00139525
670	67100	0.00139525
671	67200	0.00139525
672	67300	0.00139525
673	67400	0.00139525
674	67500	0.00139525
675	67600	0.00139525
676	67700	0.00139525
677	67800	0.00139525
678	67900	0.00139525
679	68000	0.00139525
680	68100	0.00139525
681	68200	0.00139525
682	68300	0.00139525
683	68400	0.00139525
684	68500	0.00139525
685	68600	0.00139525
686	68700	0.00139525
687	68800	0.00139525
688	68900	0.00139525
689	69000	0.00139525
690	69100	0.00139525
691	69200	0.00139525
692	69300	0.00139525
693	69400	0.00139525
694	69500	0.00139525
695	69600	0.00139525
696	69700	0.00139525
697	69800	0.00139525
698	69900	0.00139525
699	70000	0.00139525
700	70100	0.00139525
701	70200	0.00139525
702	70300	0.00139525
703	70400	0.00139525
704	70500	0.00139525
705	70600	0.00139525
706	70700	0.00139525
707	70800	0.00139525
708	70900	0.00139525
709	71000	0.00139525
710	71100	0.00139525
711	71200	0.00139525
712	71300	0.00139525
713	71400	0.00139525
714	71500	0.00139525
715	71600	0.00139525
716	71700	0.00139525
717	71800	0.00139525
718	71900	0.00139525
719	72000	0.00139525
720	72100	0.00128086
721	72200	0.00128086
722	72300	0.00128086
723	72400	0.00128086
724	72500	0.00128086
725	72600	0.00128086
726	72700	0.00128086
727	72800	0.00128086
728	72900	0.00128086
729	73000	0.00128086
730	73100	0.00128086
731	73200	0.00128086
732	73300	0.00128086
733	73400	0.00128086
734	73500	0.00128086
735	73600	0.00128086
736	73700	0.00128086
737	73800	0.00128086
738	73900	0.00128086
739	74000	0.00128086
740	74100	0.00128086
741	74200	0.00128086
742	74300	0.00128086
743	74400	0.00128086
744	74500	0.00128086
745	74600	0.00128086
746	74700	0.00128086
747	74800	0.00128086
748	74900	0.00128086
749	75000	0.00128086
750	75100	0.00128086
751	75200	0.00128086
752	75300	0.00128086
753	75400	0.00128086
754	75500	0.00128086
755	75600	0.00128086
756	75700	0.00128086
757	75800	0.00128086
758	75900	0.00128086
759	76000	0.00128086
760	76100	0.00128086
761	76200	0.00128086
762	76300	0.00128086
763	76400	0.00128086
764	76500	0.00128086
765	76600	0.00128086
766	76700	0.00128086
767	76800	0.00128086
768	76900	0.00128086
769	77000	0.00128086
770	77100	0.00128086
771	77200	0.00128086
772	77300	0.00128086
773	77400	0.00128086
774	77500	0.00128086
775	77600	0.00128086
776	77700	0.00128086
777	77800	0.00128086
778	77900	0.00128086
779	78000	0.00128086
780	78100	0.00128086
781	78200	0.00128086
782	78300	0.00128086
783	78400	0.00128086
784	78500	0.00128086
785	78600	0.00128086
786	78700	0.00128086
787	78800	0.00128086
788	78900	0.00128086
789	79000	0.00128086
790	79100	0.00128086
791	79200	0.00128086
792	79300	0.00128086
793	79400	0.00128086
794	79500	0.00128086
795	79600	0.00128086
796	79700	0.00128086
797	79800	0.00128086
798	79900	0.00128086
799	80000	0.00128086
800	80100	0.00128086
801	80200	0.00128086
802	80300	0.00128086
803	80400	0.00128086
804	80500	0.00128086
805	80600	0.00128086
806	80700	0.00128086
807	80800	0.00128086
808	80900	0.00128086
809	81000	0.00128086
810	81100	0.00128086
811	81200	0.00127685
812	81300	0.00127685
813	81400	0.00127685
814	81500	0.00127685
815	81600	0.00127685
816	81700	0.00102906
817	81800	0.00102906
818	81900	0.00102906
819	82000	0.00102906
820	82100	0.00102906
821	82200	0.00102906
822	82300	0.00102906
823	82400	0.00102906
824	82500	0.00102906
825	82600	0.00102906
826	82700	0.00102906
827	82800	0.00102906
828	82900	0.00102906
829	83000	0.00102906
830	83100	0.00102906
831	83200	0.00102906
832	83300	0.00102906
833	83400	0.00102906
834	83500	0.00102906
835	83600	0.00102906
836	83700	0.00102906
837	83800	0.00102906
838	83900	0.00102906
839	84000	0.00102906
840	84100	0.00102906
841	84200	0.00102906
842	84300	0.00102906
843	84400	0.00102906
844	84500	0.00102906
845	84600	0.00102906
846	84700	0.00102906
847	84800	0.00102906
848	84900	0.00102906
849	85000	0.00102906
850	85100	0.00102906
851	85200	0.00102906
852	85300	0.00102906
853	85400	0.00102906
854	85500	0.00102906
855	85600	0.00102906
856	85700	0.00102906
857	85800	0.00102906
858	85900	0.00102906
859	86000	0.00102906
860	86100	0.00102906
861	86200	0.00102906
862	86300	0.00102906
863	86400	0.00102906
864	86500	0.00102906
865	86600	0.00102906
866	86700	0.00102906
867	86800	0.00102906
868	86900	0.00102906
869	87000	0.00102906
870	87100	0.00102906
871	87200	0.00102906
872	87300	0.00102906
873	87400	0.00102906
874	87500	0.00101106
875	87600	0.00101106
876	87700	0.00101106
877	87800	0.00101106
878	87900	0.00101106
879	88000	0.00101106
880	88100	0.00101106
881	88200	0.00101106
882	88300	0.00101106
883	88400	0.00101106
884	88500	0.00101106
885	88600	0.00101106
886	88700	0.00101106
887	88800	0.00101106
888	88900	0.00101106
889	89000	0.00101106
890	89100	0.00101106
891	89200	0.00101106
892	89300	0.00101106
893	89400	0.00101106
894	89500	0.00101106
895	89600	0.00101106
896	89700	0.00101106
897	89800	0.00101106
898	89900	0.00101106
899	90000	0.00101106
900	90100	0.00101106
901	90200	0.00101106
902	90300	0.00101106
903	90400	0.00101106
904	90500	0.00101106
905	90600	0.00101106
906	90700	0.00101106
907	90800	0.00101106
908	90900	0.00101106
909	91000	0.00101106
910	91100	0.00101106
911	91200	0.00101106
912	91300	0.00101106
913	91400	0.00101106
914	91500	0.00101106
915	91600	0.00101106
916	91700	0.00101106
917	91800	0.00101106
918	91900	0.00101106
919	92000	0.00101106
920	92100	0.00101106
921	92200	0.00101106
922	92300	0.00101106
923	92400	0.00101106
924	92500	0.00101106
925	92600	0.00101106
926	92700	0.00101106
927	92800	0.00100512
928	92900	0.00100512
929	93000	0.00100512
930	93100	0.00100512
931	93200	0.00100512
932	93300	0.00100512
933	93400	0.00100512
934	93500	0.00100512
935	93600	0.00100512
936	93700	0.00100512
937	93800	0.00100512
938	93900	0.00100512
939	94000	0.00100512
940	94100	0.00100512
941	94200	0.00100512
942	94300	0.00100512
943	94400	0.00100512
944	94500	0.00100512
945	94600	0.00100512
946	94700	0.00100512
947	94800	0.00100512
948	94900	0.00100512
949	95000	0.00100512
950	95100	0.00100512
951	95200	0.00100512
952	95300	0.00100512
953	95400	0.00100512
954	95500	0.00100512
955	95600	0.00100512
956	95700	0.00100512
957	95800	0.00100512
958	95900	0.00100512
959	96000	0.00100512
960	96100	0.00100512
961	96200	0.00100512
962	96300	0.00100512
963	96400	0.00100512
964	96500	0.00100512
965	96600	0.00100512
966	96700	0.00100512
967	96800	0.00100512
968	96900	0.00100512
969	97000	0.00100512
970	97100	0.00100512
971	97200	0.00100512
972	97300	0.00100512
973	97400	0.00100512
974	97500	0.00100512
975	97600	0.00100512
976	97700	0.00100512
977	97800	0.00100512
978	97900	0.00100512
979	98000	0.00100512
980	98100	0.00100512
981	98200	0.00100512
982	98300	0.00100512
983	98400	0.00100512
984	98500	0.00100512
985	98600	0.00100512
986	98700	0.00100512
987	98800	0.00100512
988	98900	0.00100512
989	99000	0.00100512
990	99100	0.00100512
991	99200	0.00100512
992	99300	0.00100512
993	99400	0.00100512
994	99500	0.00100512
995	99600	0.00100512
996	99700	0.00100512
997	99800	0.00100512
998	99900	0.00100512
999	100000	0.00100512
1000	100100	0.00100512
1001	100200	0.00100512
1002	100300	0.00100512
1003	100400	0.00100512
1004	100500	0.00100512
1005	100600	0.00100512
1006	100700	0.00100512
1007	100800	0.00100512
1008	100900	0.00100512
1009	101000	0.00100512
1010	101100	0.00100512
1011	101200	0.00100512
1012	101300	0.00100512
1013	101400	0.00100512
1014	101500	0.00100512
1015	101600	0.00100512
1016	101700	0.00100512
1017	101800	0.00100512
1018	101900	0.00100512
1019	102000	0.00100512
1020	102100	0.00100512
1021	102200	0.00100512
1022	102300	0.00100512
1023	102400	0.00100512
1024	102500	0.00100512
1025	102600	0.00100512
1026	102700	0.00100512
1027	102800	0.00100512
1028	102900	0.00100512
1029	103000	0.00100512
1030	103100	0.00100512
1031	103200	0.00100512
1032	103300	0.00100512
1033	103400	0.00100512
1034	103500	0.00100512
1035	103600	0.00100512
1036	103700	0.00100512
1037	103800	0.00100512
1038	103900	0.00100512
1039	104000	0.00100512
1040	104100	0.00100512
1041	104200	0.00100512
1042	104300	0.00100512
1043	104400	0.00100512
1044	104500	0.00100512
1045	104600	0.00100512
1046	104700	0.00100512
1047	104800	0.00100512
1048	104900	0.00100512
1049	105000	0.00100512
1050	105100	0.00100512
1051	105200	0.00100512
1052	105300	0.00100512
1053	105400	0.00100512
1054	105500	0.00100512
1055	105600	0.00100512
1056	105700	0.000805181
1057	105800	0.000805181
1058	105900	0.000805181
1059	106000	0.000805181
1060	106100	0.000805181
1061	106200	0.000805181
1062	106300	0.000805181
1063	106400	0.000805181
1064	106500	0.000805181
1065	106600	0.000805181
1066	106700	0.000805181
1067	106800	0.000805181
1068	106900	0.000805181
1069	107000	0.000805181
1070	107100	0.000805181
1071	107200	0.000805181
1072	107300	0.000805181
1073	107400	0.000805181
1074	107500	0.000805181
1075	107600	0.000805181
1076	107700	0.000805181
1077	107800	0.000805181
1078	107900	0.000805181
1079	108000	0.000805181
1080	108100	0.000805181
1081	108200	0.000805181
1082	108300	0.000805181
1083	108400	0.000805181
1084	108500	0.000805181
1085	108600	0.000805181
1086	108700	0.000805181
1087	108800	0.000805181
1088	108900	0.000805181
1089	109000	0.000805181
1090	109100	0.000805181
1091	109200	0.000805181
1092	109300	0.000805181
1093	109400	0.000805181
1094	109500	0.000805181
1095	109600	0.000805181
1096	109700	0.000805181
1097	109800	0.000805181
1098	109900	0.000805181
1099	110000	0.000805181
1100	110100	0.000805181
1101	110200	0.000805181
1102	110300	0.000805181
1103	110400	0.000805181
1104	110500	0.000805181
1105	110600	0.000805181
1106	110700	0.000805181
1107	110800	0.000805181
1108	110900	0.000805181
1109	111000	0.000805181
1110	111100	0.000805181
1111	111200	0.000805181
1112	111300	0.000805181
1113	111400	0.000805181
1114	111500	0.000805181
1115	111600	0.000805181
1116	111700	0.000805181
1117	111800	0.000805181
1118	111900	0.000805181
1119	112000	0.000805181
1120	112100	0.000805181
1121	112200	0.000805181
1122	112300	0.000805181
1123	112400	0.000805181
1124	112500	0.000805181
1125	112600	0.000805181
1126	112700	0.000805181
1127	112800	0.000805181
1128	112900	0.000805181
1129	113000	0.000805181
1130	113100	0.000805181
1131	113200	0.000805181
1132	113300	0.000805181
1133	113400	0.000805181
1134	113500	0.000805181
1135	113600	0.000805181
1136	113700	0.000805181
1137	113800	0.000736919
1138	113900	0.000736919
1139	114000	0.000736919
1140	114100	0.000736919
1141	114200	0.000736919
1142	114300	0.000736919
1143	114400	0.000736919
1144	114500	0.000736919
1145	114600	0.000736919
1146	114700	0.000736919
1147	114800	0.000736919
1148	114900	0.000736919
1149	115000	0.000736919
1150	115100	0.000736919
1151	115200	0.000736919
1152	115300	0.000736919
1153	115400	0.000736919
1154	115500	0.000736919
1155	115600	0.000736919
1156	115700	0.000736919
1157	115800	0.000736919
1158	115900	0.000736919
1159	116000	0.000736919
1160	116100	0.000736919
1161	116200	0.000736919
1162	116300	0.000736919
1163	116400	0.000736919
1164	116500	0.000736919
1165	116600	0.000736919
1166	116700	0.000736919
1167	116800	0.000736919
1168	116900	0.000245627
1169	117000	0.000245627
1170	117100	0.000245627
1171	117200	0.000245627
1172	117300	0.000245627
1173	117400	0.000245627
1174	117500	0.000245627
1175	117600	0.000245627
1176	117700	0.000245627
1177	117800	0.000245627
1178	117900	0.000245627
1179	118000	0.000245627
1180	118100	0.000239588
1181	118200	0.000239588
1182	118300	0.000239588
1183	118400	0.000239588
1184	118500	0.000239588
1185	118600	0.000239588
1186	118700	0.000239588
1187	118800	0.000239588
1188	118900	0.000239588
1189	119000	0.000239588
1190	119100	0.000239588
1191	119200	0.000239588
1192	119300	0.000239588
1193	119400	0.000239588
1194	119500	0.000239588
1195	119600	0.000239588
1196	119700	0.000239588
1197	119800	0.000239588
1198	119900	0.000239588
1199	120000	0.000239588
1200	120100	0.000239588
1201	120200	0.000239588
1202	120300	0.000239588
1203	120400	0.000239588
1204	120500	0.000239588
1205	120600	0.000239588
1206	120700	0.000239588
1207	120800	0.000239588
1208	120900	0.000239588
1209	121000	0.000239588
1210	121100	0.000239588
1211	121200	0.000239588
1212	121300	0.000239588
1213	121400	0.000239588
1214	121500	0.000239588
1215	121600	0.000239588
1216	121700	0.000239588
1217	121800	0.000239588
1218	121900	0.000239588
1219	122000	0.000239588
1220	122100	0.000239588
1221	122200	0.000239588
1222	122300	0.000239588
1223	122400	0.000239588
1224	122500	0.000239588
1225	122600	0.000239588
1226	122700	0.000239588
1227	122800	0.000239588
1228	122900	0.000239588
1229	123000	0.000239588
1230	123100	0.000239588
1231	123200	0.000239588
1232	123300	0.000239588
1233	123400	0.000239588
1234	123500	0.000239588
1235	123600	0.000239588
1236	123700	0.000239588
1237	123800	0.000239588
1238	123900	0.000239588
1239	124000	0.000239588
1240	124100	0.000239588
1241	124200	0.000239588
1242	124300	0.000239588
1243	124400	0.000239588
1244	124500	0.000239588
1245	124600	0.000239588
1246	124700	0.000239588
1247	124800	0.000239588
1248	124900	0.000239588
1249	125000	0.000239588
1250	125100	0.000239588
1251	125200	0.000239588
1252	125300	0.000239588
1253	125400	0.000239588
1254	125500	0.000239588
1255	125600	0.000239588
1256	125700	0.000239588
1257	125800	0.000239588
1258	125900	0.000239588
1259	126000	0.000239588
1260	126100	0.000239588
1261	126200	0.000239588
1262	126300	0.000239588
1263	126400	0.000239588
1264	126500	0.000239588
1265	126600	0.000239588
1266	126700	0.000239588
1267	126800	0.000239588
1268	126900	0.000239588
1269	127000	0.000239588
1270	127100	0.000239588
1271	127200	0.000239588
1272	127300	0.000239588
1273	127400	0.000239588
1274	127500	0.000239588
1275	127600	0.000239588
1276	127700	0.000239588
1277	127800	0.000239588
1278	127900	0.000239588
1279	128000	0.000239588
1280	128100	0.000239588
1281	128200	0.000239588
1282	128300	0.000239588
1283	128400	0.000239588
1284	128500	0.000239588
1285	128600	0.000239588
1286	128700	0.000239588
1287	128800	0.000239588
1288	128900	0.000239588
1289	129000	0.000239588
1290	129100	0.000239588
1291	129200	0.000239588
1292	129300	0.000239588
1293	129400	0.000239588
1294	129500	0.000239588
1295	129600	0.000239588
1296	129700	0.000239588
1297	129800	0.000239588
1298	129900	0.000239588
1299	130000	0.000239588
1300	130100	0.000239588
1301	130200	0.000239588
1302	130300	0.000239588
1303	130400	0.000239588
1304	130500	0.000239588
1305	130600	0.000239588
1306	130700	0.000239588
1307	130800	0.000239588
1308	130900	0.00019561
1309	131000	0.00019561
1310	131100	0.00019561
1311	131200	0.00019561
1312	131300	0.00019561
1313	131400	0.00019561
1314	131500	0.00019561
1315	131600	0.00019561
1316	131700	0.00019561
1317	131800	0.00019561
1318	131900	0.00019561
1319	132000	0.00019561
1320	132100	0.00019561
1321	132200	0.00019561
1322	132300	0.00019561
1323	132400	0.00019561
1324	132500	0.00019561
1325	132600	0.00019561
1326	132700	0.00019561
1327	132800	0.00019561
1328	132900	0.00019561
1329	133000	0.00019561
1330	133100	0.00019561
1331	133200	0.00019561
1332	133300	0.00019561
1333	133400	0.00019561
1334	133500	0.0001956
1335	133600	0.0001956
1336	133700	0.0001956
1337	133800	0.0001956
1338	133900	0.0001956
1339	134000	0.0001956
1340	134100	0.0001956
1341	134200	0.0001956
1342	134300	0.0001956
1343	134400	0.0001956
1344	134500	0.0001956
1345	134600	0.0001956
1346	134700	0.0001956
1347	134800	0.0001956
1348	134900	0.0001956
1349	135000	0.0001956
1350	135100	0.0001956
1351	135200	0.0001956
1352	135300	0.0001956
1353	135400	0.0001956
1354	135500	0.0001956
1355	135600	0.0001956
1356	135700	0.0001956
1357	135800	0.0001956
1358	135900	0.0001956
1359	136000	0.0001956
1360	136100	0.0001956
1361	136200	0.0001956
1362	136300	0.0001956
1363	136400	0.0001956
1364	136500	0.0001956
1365	136600	0.0001956
1366	136700	0.0001956
1367	136800	0.0001956
1368	136900	0.0001956
1369	137000	0.0001956
1370	137100	0.0001956
1371	137200	0.0001956
1372	137300	0.0001956
1373	137400	0.0001956
1374	137500	0.0001956
1375	137600	0.0001956
1376	137700	0.0001956
1377	137800	0.0001956
1378	137900	0.0001956
1379	138000	0.0001956
1380	138100	0.0001956
1381	138200	0.0001956
1382	138300	0.0001956
1383	138400	0.0001956
1384	138500	0.0001956
1385	138600	0.0001956
1386	138700	0.0001956
1387	138800	0.0001956
1388	138900	0.0001956
1389	139000	0.0001956
1390	139100	0.0001956
1391	139200	0.0001956
1392	139300	0.0001956
1393	139400	0.0001956
1394	139500	0.0001956
1395	139600	0.0001956
1396	139700	0.0001956
1397	139800	0.0001956
1398	139900	0.0001956
1399	140000	0.0001956
1400	140100	0.0001956
1401	140200	0.0001956
1402	140300	0.0001956
1403	140400	0.0001956
1404	140500	0.0001956
1405	140600	0.0001956
1406	140700	0.0001956
1407	140800	0.0001956
1408	140900	0.0001956
1409	141000	0.0001956
1410	141100	0.0001956
1411	141200	0.0001956
1412	141300	0.0001956
1413	141400	0.0001956
1414	141500	0.0001956
1415	141600	0.0001956
1416	141700	0.0001956
1417	141800	0.0001956
1418	141900	0.0001956
1419	142000	0.0001956
1420	142100	0.0001956
1421	142200	0.0001956
1422	142300	0.0001956
1423	142400	0.0001956
1424	142500	0.0001956
1425	142600	0.0001956
1426	142700	0.0001956
1427	142800	0.0001956
1428	142900	0.0001956
1429	143000	0.0001956
1430	143100	0.0001956
1431	143200	0.0001956
1432	143300	0.0001956
1433	143400	0.0001956
1434	143500	0.0001956
1435	143600	0.0001956
1436	143700	0.0001956
1437	143800	0.000193204
1438	143900	0.000193204
1439	144000	0.000193204
1440	144100	0.000193204
1441	144200	0.000193204
1442	144300	0.000193204
1443	144400	0.000193204
1444	144500	0.000193204
1445	144600	0.000193204
1446	144700	0.000193204
1447	144800	0.000193204
1448	144900	0.000193204
1449	145000	0.000193204
1450	145100	0.000193204
1451	145200	0.000193204
1452	145300	0.000193204
1453	145400	0.000193204
1454	145500	0.000193204
1455	145600	0.000193204
1456	145700	0.000193204
1457	145800	0.000193204
1458	145900	0.000193204
1459	146000	0.000193204
1460	146100	0.000193204
1461	146200	0.000193204
1462	146300	0.000193204
1463	146400	0.000193204
1464	146500	0.000193204
1465	146600	0.000193204
1466	146700	0.000193204
1467	146800	0.000193204
1468	146900	0.000193204
1469	147000	0.000193204
1470	147100	0.000193204
1471	147200	0.000193204
1472	147300	0.000193204
1473	147400	0.000193204
1474	147500	0.000193204
1475	147600	0.000193204
1476	147700	0.000193204
1477	147800	0.000193204
1478	147900	0.000193204
1479	148000	0.000193204
1480	148100	0.000193204
1481	148200	0.000193204
1482	148300	0.000193204
1483	148400	0.000193204
1484	148500	0.000193204
1485	148600	0.000193204
1486	148700	0.000193204
1487	148800	0.000193204
1488	148900	0.000193204
1489	149000	0.000193204
1490	149100	0.000193204
1491	149200	0.000193204
1492	149300	0.000193204
1493	149400	0.000193204
1494	149500	0.000193204
1495	149600	0.000193204
1496	149700	0.000193204
1497	149800	0.000193204
1498	149900	0.000193204
1499	150000	0.000193204
1500	150100	0.000193204
1501	150200	0.000193204
1502	150300	0.000193204
1503	150400	0.000193204
1504	150500	0.000193204
1505	150600	0.000193204
1506	150700	0.000193204
1507	150800	0.000193204
1508	150900	0.000193204
1509	151000	0.000193204
1510	151100	0.000193204
1511	151200	0.000193204
1512	151300	0.000193204
1513	151400	0.000193204
1514	151500	0.000193204
1515	151600	0.000193204
1516	151700	0.000193204
1517	151800	0.000193204
1518	151900	0.000193204
1519	152000	0.000193204
1520	152100	0.000193204
1521	152200	0.000193204
1522	152300	0.000193204
1523	152400	0.000193204
1524	152500	0.000193204
1525	152600	0.000193204
1526	152700	0.000193204
1527	152800	0.000193204
1528	152900	0.000193204
1529	153000	0.000193204
1530	153100	0.000193204
1531	153200	0.000193204
1532	153300	0.000193204
1533	153400	0.000193204
1534	153500	0.000193204
1535	153600	0.000193204
1536	153700	0.000193204
1537	153800	0.000193204
1538	153900	0.000193204
1539	154000	0.000193204
1540	154100	0.000193204
1541	154200	0.000193204
1542	154300	0.000193204
1543	154400	0.000169562
1544	154500	0.000169562
1545	154600	0.000169562
1546	154700	0.000169562
1547	154800	0.000169562
1548	154900	0.000169562
1549	155000	0.000169562
1550	155100	0.000169562
1551	155200	0.000169562
1552	155300	0.000169562
1553	155400	0.000169562
1554	155500	0.000169562
1555	155600	0.000169562
1556	155700	0.000169562
1557	155800	0.000169562
1558	155900	0.000169562
1559	156000	0.000169562
1560	156100	0.000169562
1561	156200	0.000169562
1562	156300	0.000169562
1563	156400	0.000169562
1564	156500	0.000169562
1565	156600	0.000169562
1566	156700	0.000169562
1567	156800	0.000169562
1568	156900	0.000169562
1569	157000	0.000169562
1570	157100	0.000169562
1571	157200	0.000169562
1572	157300	0.000169562
1573	157400	0.000169562
1574	157500	0.000169562
1575	157600	0.000169562
1576	157700	0.000169562
1577	157800	0.000169562
1578	157900	0.000169562
1579	158000	0.000169562
1580	158100	0.000169562
1581	158200	0.000169562
1582	158300	0.000169562
1583	158400	0.000169562
1584	158500	0.000169562
1585	158600	0.000169562
1586	158700	0.000169562
1587	158800	0.000169562
1588	158900	0.000169562
1589	159000	0.000169562
1590	159100	0.000169562
1591	159200	0.000169562
1592	159300	0.000169562
1593	159400	0.000169562
1594	159500	0.000169562
1595	159600	0.000169562
1596	159700	0.000169562
1597	159800	0.000169562
1598	159900	0.000169562
1599	160000	0.000169562
1600	160100	0.000169562
1601	160200	0.000169562
1602	160300	0.000169562
1603	160400	0.000169562
1604	160500	0.000169562
1605	160600	0.000169562
1606	160700	0.000169562
1607	160800	0.000169562
1608	160900	0.000169562
1609	161000	0.000169562
1610	161100	0.000169562
1611	161200	0.000169562
1612	161300	0.000169562
1613	161400	0.000169562
1614	161500	0.000169562
1615	161600	0.000169562
1616	161700	0.000169562
1617	161800	0.000169562
1618	161900	0.000169562
1619	162000	0.000169562
1620	162100	0.000169562
1621	162200	0.000169562
1622	162300	0.000169562
1623	162400	0.000169562
1624	162500	0.000169562
1625	162600	0.000169562
1626	162700	0.000169562
1627	162800	0.000169562
1628	162900	0.000169562
1629	163000	0.000169562
1630	163100	0.000169562
1631	163200	0.000169562
1632	163300	0.000169562
1633	163400	0.000169562
1634	163500	0.000169562
1635	163600	0.000169562
1636	163700	0.000169562
1637	163800	0.000169562
1638	163900	0.000169562
1639	164000	0.000169562
1640	164100	0.000169562
1641	164200	0.000169562
1642	164300	0.000169562
1643	164400	0.000169562
1644	164500	0.000169562
1645	164600	0.000169562
1646	164700	0.000169562
1647	164800	0.000169562
1648	164900	0.000169562
1649	165000	0.000169562
1650	165100	0.000169562
1651	165200	0.000169562
1652	165300	0.000169562
1653	165400	0.000169562
1654	165500	0.000169562
1655	165600	0.000169562
1656	165700	0.000169562
1657	165800	0.000169562
1658	165900	0.000169562
1659	166000	0.000169562
1660	166100	0.000169562
1661	166200	0.000169562
1662	166300	0.000169562
1663	166400	0.000169562
1664	166500	0.000169562
1665	166600	0.000169562
1666	166700	0.000169562
1667	166800	0.000169562
1668	166900	0.000169562
1669	167000	0.000169562
1670	167100	0.000169562
1671	167200	0.000169562
1672	167300	0.000169562
1673	167400	0.000169562
1674	167500	0.000169562
1675	167600	0.000169562
1676	167700	0.000169562
1677	167800	0.000169562
1678	167900	0.000169562
1679	168000	0.000169562
1680	168100	0.000169562
1681	168200	0.000169562
1682	168300	0.000169562
1683	168400	0.000169562
1684	168500	0.000169562
1685	168600	0.000169562
1686	168700	0.000169562
1687	168800	0.000169562
1688	168900	0.000169562
1689	169000	0.000169562
1690	169100	0.000169562
1691	169200	0.000169562
1692	169300	0.000169562
1693	169400	0.000169562
1694	169500	0.000169562
1695	169600	0.000169562
1696	169700	0.000169562
1697	169800	0.000169562
1698	169900	0.000169562
1699	170000	0.000169562
1700	170100	0.000169562
1701	170200	0.000169562
1702	170300	0.000169562
1703	170400	0.000169562
1704	170500	0.000169562
1705	170600	0.000169562
1706	170700	0.000169562
1707	170800	0.000169562
1708	170900	0.000169562
1709	171000	0.000169562
1710	171100	0.000169562
1711	171200	0.000169562
1712	171300	0.000169562
1713	171400	0.000169562
1714	171500	0.000169562
1715	171600	0.000169562
1716	171700	0.000169562
1717	171800	0.000169562
1718	171900	0.000169562
1719	172000	0.000169562
1720	172100	0.000169562
1721	172200	0.000169562
1722	172300	0.000169562
1723	172400	0.000169562
1724	172500	0.000169562
1725	172600	0.000169562
1726	172700	0.000169562
1727	172800	0.000169562
1728	172900	0.000169562
1729	173000	0.000169562
1730	173100	0.000169562
1731	173200	0.000169562
1732	173300	0.000169562
1733	173400	0.000169562
1734	173500	0.000169562
1735	173600	0.000169562
1736	173700	0.000169562
1737	173800	0.000169562
1738	173900	0.000169562
1739	174000	0.000169562
1740	174100	0.000169562
1741	174200	0.000169562
1742	174300	0.000169562
1743	174400	0.000169562
1744	174500	0.000169562
1745	174600	0.000169562
1746	174700	0.000155884
1747	174800	0.000155884
1748	174900	0.000155884
1749	175000	0.000155884
1750	175100	0.000155884
1751	175200	0.000155884
1752	175300	0.000155884
1753	175400	0.000155884
1754	175500	0.000155884
1755	175600	0.000155884
1756	175700	0.000155884
1757	175800	0.000155884
1758	175900	0.000155884
1759	176000	0.000155884
1760	176100	0.000155884
1761	176200	0.000155884
1762	176300	0.000155884
1763	176400	0.000155884
1764	176500	0.000155884
1765	176600	0.000155884
1766	176700	0.000155884
1767	176800	0.000155884
1768	176900	0.000155884
1769	177000	0.000155884
1770	177100	0.000155884
1771	177200	0.000155884
1772	177300	0.000155884
1773	177400	0.000155884
1774	177500	0.000155884
1775	177600	0.000155884
1776	177700	0.000155884
1777	177800	0.000155884
1778	177900	0.000154774
1779	178000	0.000154774
1780	178100	0.000154774
1781	178200	0.000154774
1782	178300	0.000154774
1783	178400	0.000154774
1784	178500	0.000154774
1785	178600	0.000154774
1786	178700	0.000154774
1787	178800	0.000154774
1788	178900	0.000154774
1789	179000	0.000154774
1790	179100	0.000154774
1791	179200	0.000154774
1792	179300	0.000154774
1793	179400	0.000154774
1794	179500	0.000154774
1795	179600	0.000154774
1796	179700	0.000154774
1797	179800	0.000154774
1798	179900	0.000154774
1799	180000	0.000154774
1800	180100	0.000154774
1801	180200	0.000154774
1802	180300	0.000154774
1803	180400	0.000154774
1804	180500	0.000154774
1805	180600	0.000154774
1806	180700	0.000154774
1807	180800	0.000154774
1808	180900	0.000154774
1809	181000	0.000154774
1810	181100	0.000154774
1811	181200	0.000154774
1812	181300	0.000154774
1813	181400	0.000154774
1814	181500	0.000154774
1815	181600	0.000154774
1816	181700	0.000154774
1817	181800	0.000154774
1818	181900	0.000154774
1819	182000	0.000154774
1820	182100	0.000154774
1821	182200	0.000154774
1822	182300	0.000154774
1823	182400	0.000154774
1824	182500	0.000154774
1825	182600	0.000154774
1826	182700	0.000154774
1827	182800	0.000154774
1828	182900	0.000154774
1829	183000	0.000154774
1830	183100	0.000154774
1831	183200	0.000154774
1832	183300	0.000154774
1833	183400	0.000154774
1834	183500	0.000154774
1835	183600	0.000154774
1836	183700	0.000154774
1837	183800	0.000154774
1838	183900	0.000154774
1839	184000	0.000154774
1840	184100	0.000154774
1841	184200	0.000154774
1842	184300	0.000154774
1843	184400	0.000154774
1844	184500	0.000154774
1845	184600	0.000154774
1846	184700	0.000154774
1847	184800	0.000154774
1848	184900	0.000154774
1849	185000	0.000154774
1850	185100	0.000154774
1851	185200	0.000154774
1852	185300	0.000154774
1853	185400	0.000154774
1854	185500	0.000154774
1855	185600	0.000154774
1856	185700	0.000154774
1857	185800	0.000154774
1858	185900	0.000154774
1859	186000	0.000154774
1860	186100	0.000154774
1861	186200	0.000154774
1862	186300	0.000154774
1863	186400	0.000154774
1864	186500	0.000154774
1865	186600	0.000154774
1866	186700	0.000154774
1867	186800	0.000154774
1868	186900	0.000154774
1869	187000	0.000154774
1870	187100	0.000154774
1871	187200	0.000154774
1872	187300	0.000154774
1873	187400	0.000154774
1874	187500	0.000154774
1875	187600	0.000154774
1876	187700	0.000154774
1877	187800	0.000154774
1878	187900	0.000154774
1879	188000	0.000154774
1880	188100	0.000154774
1881	188200	0.000154774
1882	188300	0.000154774
1883	188400	0.000154774
1884	188500	0.000154774
1885	188600	0.000154774
1886	188700	0.000154774
1887	188800	0.000154774
1888	188900	0.000154774
1889	189000	0.000154774
1890	189100	0.000154774
1891	189200	0.000154774
1892	189300	0.000154774
1893	189400	0.000154774
1894	189500	0.000154774
1895	189600	0.000154774
1896	189700	0.000154774
1897	189800	0.000154774
1898	189900	0.000154774
1899	190000	0.000154774
1900	190100	0.000154774
1901	190200	0.000154774
1902	190300	0.000154774
1903	190400	0.000154774
1904	190500	0.000154774
1905	190600	0.000154774
1906	190700	0.000154774
1907	190800	0.000154774
1908	190900	0.000154774
1909	191000	0.000154774
1910	191100	0.000154774
1911	191200	0.000154774
1912	191300	0.000154774
1913	191400	0.000154774
1914	191500	0.000154774
1915	191600	0.000154774
1916	191700	0.000154774
1917	191800	0.000154774
1918	191900	0.000154774
1919	192000	0.000154774
1920	192100	0.000154774
1921	192200	0.000154774
1922	192300	0.000154774
1923	192400	0.000154774
1924	192500	0.000154774
1925	192600	0.000154774
1926	192700	0.000154774
1927	192800	0.000154774
1928	192900	0.000154774
1929	193000	0.000154774
1930	193100	0.000154774
1931	193200	0.000154774
1932	193300	0.000154774
1933	193400	0.000154774
1934	193500	0.000154774
1935	193600	0.000154774
1936	193700	0.000154774
1937	193800	0.000154774
1938	193900	0.000154774
1939	194000	0.000154774
1940	194100	0.000154774
1941	194200	0.000154774
1942	194300	0.000154774
1943	194400	0.000154774
1944	194500	0.000154774
1945	194600	0.000154774
1946	194700	0.000154774
1947	194800	0.000154774
1948	194900	0.000154774
1949	195000	0.000154774
1950	195100	0.000154774
1951	195200	0.000154774
1952	195300	0.000154774
1953	195400	0.000154774
1954	195500	0.000154774
1955	195600	0.000154774
1956	195700	0.000154774
1957	195800	0.000154774
1958	195900	0.000154774
1959	196000	0.000154774
1960	196100	0.000154774
1961	196200	0.000154774
1962	196300	0.000154774
1963	196400	0.000154774
1964	196500	0.000154774
1965	196600	0.000154774
1966	196700	0.000154774
1967	196800	0.000154774
1968	196900	0.000154774
1969	197000	0.000154774
1970	197100	0.000154774
1971	197200	0.000154774
1972	197300	0.000154774
1973	197400	0.000154774
1974	197500	0.000154774
1975	197600	0.000154774
1976	197700	0.000154774
1977	197800	0.000154774
1978	197900	0.000154774
1979	198000	0.000154774
1980	198100	0.000154774
1981	198200	0.000154774
1982	198300	0.000154774
1983	198400	0.000154774
1984	198500	0.000154774
1985	198600	0.000154774
1986	198700	0.000154774
1987	198800	0.000154774
1988	198900	0.000154774
1989	199000	0.000154774
1990	199100	0.000154774
1991	199200	0.000154774
1992	199300	0.000154774
1993	199400	0.000154774
1994	199500	0.000113047
1995	199600	0.000113047
1996	199700	0.000113047
1997	199800	0.000113047
1998	199900	0.000113047
1999	200000	0.000113047
2000	200100	0.000113047
