1	200	398.488
2	300	201.69
3	400	138.54
4	500	102.967
5	600	99.0192
6	700	51.9186
7	800	32.8729
8	900	30.2524
9	1000	28.2259
10	1100	25.6054
11	1200	20.4693
12	1300	15.718
13	1400	14.851
14	1500	11.7828
15	1600	11.5223
16	1700	11.3729
17	1800	3.34465
18	1900	2.47771
19	2000	2.47771
20	2100	2.47771
21	2200	2.28704
22	2300	2.28704
23	2400	2.13055
24	2500	1.63582
25	2600	1.44515
26	2700	1.39365
27	2800	1.39365
28	2900	1.39365
29	3000	1.23882
30	3100	0.867901
31	3200	0.867901
32	3300	0.867901
33	3400	0.867901
34	3500	0.867901
35	3600	0.867901
36	3700	0.867901
37	3800	0.867901
38	3900	0.867901
39	4000	0.867901
40	4100	0.844664
41	4200	0.844664
42	4300	0.372649
43	4400	0.372649
44	4500	0.372649
45	4600	0.30029
46	4700	0.30029
47	4800	0.30029
48	4900	0.30029
49	5000	0.30029
50	5100	0.30029
51	5200	0.30029
52	5300	0.30029
53	5400	0.30029
54	5500	0.30029
55	5600	0.30029
56	5700	0.30029
57	5800	0.251166
58	5900	0.251166
59	6000	0.245094
60	6100	0.245094
61	6200	0.245094
62	6300	0.245094
63	6400	0.245094
64	6500	0.245094
65	6600	0.245094
66	6700	0.245094
67	6800	0.245094
68	6900	0.245094
69	7000	0.245094
70	7100	0.245094
71	7200	0.245094
72	7300	0.245094
73	7400	0.212748
74	7500	0.212748
75	7600	0.212748
76	7700	0.212748
77	7800	0.212748
78	7900	0.212748
79	8000	0.196481
80	8100	0.196481
81	8200	0.196481
82	8300	0.196481
83	8400	0.196481
84	8500	0.196481
85	8600	0.114027
86	8700	0.114027
87	8800	0.114027
88	8900	0.114027
89	9000	0.102462
90	9100	0.0941966
91	9200	0.0941966
92	9300	0.0941966
93	9400	0.0941966
94	9500	0.0863273
95	9600	0.0863273
96	9700	0.0592216
97	9800	0.0592216
98	9900	0.0592216
99	10000	0.0452992
100	10100	0.0452992
101	10200	0.0452992
102	10300	0.0452992
103	10400	0.0452992
104	10500	0.0452992
105	10600	0.0452992
106	10700	0.0452992
107	10800	0.0452992
108	10900	0.0452992
109	11000	0.0452992
110	11100	0.0452992
111	11200	0.0452992
112	11300	0.0452992
113	11400	0.0452992
114	11500	0.0452992
115	11600	0.0452992
116	11700	0.0451413
117	11800	0.0451413
118	11900	0.0451413
119	12000	0.0451413
120	12100	0.0451413
121	12200	0.0451413
122	12300	0.0451413
123	12400	0.0451413
124	12500	0.0451413
125	12600	0.0451413
126	12700	0.0451413
127	12800	0.0451413
128	12900	0.0451413
129	13000	0.0451413
130	13100	0.0451413
131	13200	0.0451413
132	13300	0.0451413
133	13400	0.0451413
134	13500	0.0451413
135	13600	0.0451413
136	13700	0.0451413
137	13800	0.0451413
138	13900	0.0451413
139	14000	0.0451413
140	14100	0.0451413
141	14200	0.0451413
142	14300	0.0395183
143	14400	0.0395183
144	14500	0.0395183
145	14600	0.0395183
146	14700	0.0395183
147	14800	0.0395183
148	14900	0.0395183
149	15000	0.0395183
150	15100	0.0395183
151	15200	0.0395183
152	15300	0.0395183
153	15400	0.0338084
154	15500	0.0338084
155	15600	0.0338084
156	15700	0.0314081
157	15800	0.0314081
158	15900	0.0314081
159	16000	0.0314081
160	16100	0.0314081
161	16200	0.0314081
162	16300	0.0314081
163	16400	0.0314081
164	16500	0.0314081
165	16600	0.0314081
166	16700	0.0312107
167	16800	0.0312107
168	16900	0.0312107
169	17000	0.0312107
170	17100	0.0302272
171	17200	0.0302272
172	17300	0.0302272
173	17400	0.0302272
174	17500	0.0302272
175	17600	0.0302272
176	17700	0.0302272
177	17800	0.0302272
178	17900	0.0302272
179	18000	0.0302272
180	18100	0.0302272
181	18200	0.0302272
182	18300	0.0302272
183	18400	0.0302272
184	18500	0.0302272
185	18600	0.0302272
186	18700	0.0302272
187	18800	0.0302272
188	18900	0.0302272
189	19000	0.0302272
190	19100	0.0302272
191	19200	0.0302272
192	19300	0.0302272
193	19400	0.0302272
194	19500	0.0302272
195	19600	0.0302272
196	19700	0.0302272
197	19800	0.0302272
198	19900	0.0227729
199	20000	0.0227729
200	20100	0.0227729
201	20200	0.0227729
202	20300	0.0227729
203	20400	0.0227729
204	20500	0.0227729
205	20600	0.0227729
206	20700	0.0227729
207	20800	0.0227729
208	20900	0.0227729
209	21000	0.0227729
210	21100	0.0227729
211	21200	0.0215668
212	21300	0.0215668
213	21400	0.0215668
214	21500	0.0215668
215	21600	0.0215668
216	21700	0.0215668
217	21800	0.0215668
218	21900	0.0215668
219	22000	0.0215668
220	22100	0.0215668
221	22200	0.0215668
222	22300	0.0215668
223	22400	0.0128382
224	22500	0.0128382
225	22600	0.0128382
226	22700	0.0128382
227	22800	0.0128382
228	22900	0.0128382
229	23000	0.0128382
230	23100	0.0128382
231	23200	0.0128382
232	23300	0.0128382
233	23400	0.0128382
234	23500	0.0128382
235	23600	0.0128382
236	23700	0.0128382
237	23800	0.0128382
238	23900	0.0128382
239	24000	0.0126268
240	24100	0.0126268
241	24200	0.0126268
242	24300	0.0126268
243	24400	0.0126268
244	24500	0.0126268
245	24600	0.0126268
246	24700	0.0126268
247	24800	0.0126268
248	24900	0.0126268
249	25000	0.0126268
250	25100	0.0126268
251	25200	0.0126268
252	25300	0.0126268
253	25400	0.0126268
254	25500	0.0126268
255	25600	0.0126268
256	25700	0.0126268
257	25800	0.0126268
258	25900	0.0126268
259	26000	0.0126268
260	26100	0.0126268
261	26200	0.0126268
262	26300	0.0126268
263	26400	0.0126268
264	26500	0.0126268
265	26600	0.0126268
266	26700	0.0126268
267	26800	0.0126268
268	26900	0.0126268
269	27000	0.0126268
270	27100	0.0126268
271	27200	0.0126268
272	27300	0.0126268
273	27400	0.0126268
274	27500	0.0126268
275	27600	0.0126268
276	27700	0.0126268
277	27800	0.0126268
278	27900	0.0126268
279	28000	0.0126268
280	28100	0.0126268
281	28200	0.0126268
282	28300	0.0126268
283	28400	0.0126268
284	28500	0.0126268
285	28600	0.0126268
286	28700	0.0126268
287	28800	0.0126268
288	28900	0.0126268
289	29000	0.0126268
290	29100	0.0126268
291	29200	0.0126268
292	29300	0.0126268
293	29400	0.0126268
294	29500	0.0126268
295	29600	0.0126268
296	29700	0.0126268
297	29800	0.0126268
298	29900	0.0126268
299	30000	0.0126268
300	30100	0.0126268
301	30200	0.0126268
302	30300	0.0126268
303	30400	0.0126268
304	30500	0.0126268
305	30600	0.0126268
306	30700	0.0126268
307	30800	0.0126268
308	30900	0.0126268
309	31000	0.0126268
310	31100	0.0126268
311	31200	0.0121238
312	31300	0.0121238
313	31400	0.0121238
314	31500	0.0121238
315	31600	0.0121238
316	31700	0.0121238
317	31800	0.0121238
318	31900	0.0121238
319	32000	0.0121238
320	32100	0.0121238
321	32200	0.0121238
322	32300	0.0121238
323	32400	0.0121238
324	32500	0.0121238
325	32600	0.0121238
326	32700	0.0121238
327	32800	0.0121238
328	32900	0.0121238
329	33000	0.0121238
330	33100	0.0121238
331	33200	0.0110614
332	33300	0.0110614
333	33400	0.0110614
334	33500	0.0110614
335	33600	0.0110614
336	33700	0.0110614
337	33800	0.0110614
338	33900	0.0110614
339	34000	0.0110614
340	34100	0.0110614
341	34200	0.0110614
342	34300	0.0110614
343	34400	0.0110614
344	34500	0.0110614
345	34600	0.0110614
346	34700	0.0110614
347	34800	0.0110614
348	34900	0.0110614
349	35000	0.0110614
350	35100	0.0110614
351	35200	0.0110614
352	35300	0.0110614
353	35400	0.0110614
354	35500	0.0110614
355	35600	0.0110614
356	35700	0.0110614
357	35800	0.0110614
358	35900	0.0110614
359	36000	0.0110614
360	36100	0.0110614
361	36200	0.0110614
362	36300	0.0110614
363	36400	0.0110614
364	36500	0.0110614
365	36600	0.0110614
366	36700	0.0110614
367	36800	0.0110614
368	36900	0.0110614
369	37000	0.0110614
370	37100	0.0110614
371	37200	0.0110614
372	37300	0.0110614
373	37400	0.0110614
374	37500	0.0110614
375	37600	0.0110614
376	37700	0.0110614
377	37800	0.0110614
378	37900	0.00913014
379	38000	0.00913014
380	38100	0.00913014
381	38200	0.00913014
382	38300	0.00913014
383	38400	0.00913014
384	38500	0.00913014
385	38600	0.00913014
386	38700	0.00913014
387	38800	0.00913014
388	38900	0.00913014
389	39000	0.00913014
390	39100	0.00913014
391	39200	0.00913014
392	39300	0.00913014
393	39400	0.00913014
394	39500	0.00913014
395	39600	0.00913014
396	39700	0.00913014
397	39800	0.00913014
398	39900	0.00913014
399	40000	0.00913014
400	40100	0.00913014
401	40200	0.00913014
402	40300	0.00913014
403	40400	0.007963
404	40500	0.007963
405	40600	0.00778386
406	40700	0.00778386
407	40800	0.00778386
408	40900	0.00778386
409	41000	0.00778386
410	41100	0.00778386
411	41200	0.00778386
412	41300	0.00778386
413	41400	0.00778386
414	41500	0.00778386
415	41600	0.00778386
416	41700	0.00778386
417	41800	0.00778386
418	41900	0.00778386
419	42000	0.00778386
420	42100	0.00778386
421	42200	0.00778386
422	42300	0.00778386
423	42400	0.00778386
424	42500	0.00778386
425	42600	0.00778386
426	42700	0.00778386
427	42800	0.00778386
428	42900	0.00778386
429	43000	0.00778386
430	43100	0.00778386
431	43200	0.00778386
432	43300	0.00778386
433	43400	0.00778386
434	43500	0.00778386
435	43600	0.00778386
436	43700	0.00778386
437	43800	0.00778386
438	43900	0.00778386
439	44000	0.00778386
440	44100	0.00778386
441	44200	0.00778386
442	44300	0.00778386
443	44400	0.00778386
444	44500	0.00778386
445	44600	0.00778386
446	44700	0.00778386
447	44800	0.00778386
448	44900	0.00778386
449	45000	0.00778386
450	45100	0.00778386
451	45200	0.00778386
452	45300	0.00778386
453	45400	0.00778386
454	45500	0.00778386
455	45600	0.00778386
456	45700	0.00778386
457	45800	0.00778386
458	45900	0.00778386
459	46000	0.00778386
460	46100	0.00778386
461	46200	0.00778386
462	46300	0.00778386
463	46400	0.00778386
464	46500	0.00778386
465	46600	0.00778386
466	46700	0.00778386
467	46800	0.00778386
468	46900	0.00778386
469	47000	0.00778386
470	47100	0.00778386
471	47200	0.00664848
472	47300	0.00664848
473	47400	0.00664848
474	47500	0.00664848
475	47600	0.00664848
476	47700	0.00664848
477	47800	0.00664848
478	47900	0.00664848
479	48000	0.00664848
480	48100	0.00664848
481	48200	0.00664848
482	48300	0.00664848
483	48400	0.00664848
484	48500	0.00664848
485	48600	0.00664848
486	48700	0.00664848
487	48800	0.00664848
488	48900	0.00664848
489	49000	0.00664848
490	49100	0.00664848
491	49200	0.0021506
492	49300	0.0021506
493	49400	0.0021506
494	49500	0.0021506
495	49600	0.0021506
496	49700	0.0021506
497	49800	0.0021506
498	49900	0.0021506
499	50000	0.0021506
500	50100	0.0021506
501	50200	0.0021506
502	50300	0.0021506
503	50400	0.0021506
504	50500	0.0021506
505	50600	0.0021506
506	50700	0.0021506
507	50800	0.0021506
508	50900	0.0021506
509	51000	0.0021506
510	51100	0.0021506
511	51200	0.0021506
512	51300	0.0021506
513	51400	0.0021506
514	51500	0.0021506
515	51600	0.0021506
516	51700	0.0021506
517	51800	0.0021506
518	51900	0.0021506
519	52000	0.0021506
520	52100	0.0021506
521	52200	0.0021506
522	52300	0.0021506
523	52400	0.0021506
524	52500	0.0021506
525	52600	0.0021506
526	52700	0.0021506
527	52800	0.0021506
528	52900	0.0021506
529	53000	0.0021506
530	53100	0.0021506
531	53200	0.0021506
532	53300	0.0021506
533	53400	0.0021506
534	53500	0.0021506
535	53600	0.0021506
536	53700	0.0021506
537	53800	0.0021506
538	53900	0.0021506
539	54000	0.0021506
540	54100	0.0021506
541	54200	0.0021506
542	54300	0.0021506
543	54400	0.0021506
544	54500	0.0021506
545	54600	0.0021506
546	54700	0.0021506
547	54800	0.0021506
548	54900	0.0021506
549	55000	0.0021506
550	55100	0.0021506
551	55200	0.0021506
552	55300	0.0021506
553	55400	0.0021506
554	55500	0.0021506
555	55600	0.0021506
556	55700	0.0021506
557	55800	0.0021506
558	55900	0.0021506
559	56000	0.0021506
560	56100	0.0021506
561	56200	0.0021506
562	56300	0.0021506
563	56400	0.0021506
564	56500	0.0021506
565	56600	0.0021506
566	56700	0.0021506
567	56800	0.0021506
568	56900	0.0021506
569	57000	0.0021506
570	57100	0.0021506
571	57200	0.0021506
572	57300	0.0021506
573	57400	0.0021506
574	57500	0.0021506
575	57600	0.0021506
576	57700	0.0021506
577	57800	0.0021506
578	57900	0.0021506
579	58000	0.0021506
580	58100	0.0021506
581	58200	0.0021506
582	58300	0.0021506
583	58400	0.0021506
584	58500	0.0021506
585	58600	0.0021506
586	58700	0.0021506
587	58800	0.0021506
588	58900	0.0021506
589	59000	0.0021506
590	59100	0.0021506
591	59200	0.0021506
592	59300	0.0021506
593	59400	0.0021506
594	59500	0.0021506
595	59600	0.0021506
596	59700	0.0021506
597	59800	0.0021506
598	59900	0.0021506
599	60000	0.0021506
600	60100	0.0021506
601	60200	0.0021506
602	60300	0.0021506
603	60400	0.0021506
604	60500	0.0021506
605	60600	0.0021506
606	60700	0.0021506
607	60800	0.0021506
608	60900	0.0021506
609	61000	0.0021506
610	61100	0.0021506
611	61200	0.0021506
612	61300	0.0021506
613	61400	0.0021506
614	61500	0.0021506
615	61600	0.00213027
616	61700	0.00213027
617	61800	0.00213027
618	61900	0.00213027
619	62000	0.00213027
620	62100	0.00213027
621	62200	0.00213027
622	62300	0.00213027
623	62400	0.00213027
624	62500	0.00213027
625	62600	0.00213027
626	62700	0.00213027
627	62800	0.00213027
628	62900	0.00213027
629	63000	0.00213027
630	63100	0.00213027
631	63200	0.00213027
632	63300	0.00213027
633	63400	0.00213027
634	63500	0.00213027
635	63600	0.00213027
636	63700	0.00213027
637	63800	0.00213027
638	63900	0.00213027
639	64000	0.00213027
640	64100	0.00213027
641	64200	0.00213027
642	64300	0.00213027
643	64400	0.00213027
644	64500	0.00213027
645	64600	0.00213027
646	64700	0.00213027
647	64800	0.00213027
648	64900	0.00213027
649	65000	0.00213027
650	65100	0.00213027
651	65200	0.00213027
652	65300	0.00213027
653	65400	0.00213027
654	65500	0.00213027
655	65600	0.00213027
656	65700	0.00213027
657	65800	0.00213027
658	65900	0.00213027
659	66000	0.00213027
660	66100	0.00213027
661	66200	0.00213027
662	66300	0.00213027
663	66400	0.00213027
664	66500	0.00213027
665	66600	0.00213027
666	66700	0.00213027
667	66800	0.00213027
668	66900	0.00213027
669	67000	0.00213027
670	67100	0.00213027
671	67200	0.00213027
672	67300	0.00213027
673	67400	0.00213027
674	67500	0.00213027
675	67600	0.00213027
676	67700	0.00213027
677	67800	0.00213027
678	67900	0.00213027
679	68000	0.00213027
680	68100	0.00213027
681	68200	0.00213027
682	68300	0.00213027
683	68400	0.00213027
684	68500	0.00213027
685	68600	0.00213027
686	68700	0.00213027
687	68800	0.00213027
688	68900	0.00213027
689	69000	0.00213027
690	69100	0.00213027
691	69200	0.00213027
692	69300	0.00213027
693	69400	0.00213027
694	69500	0.00213027
695	69600	0.00213027
696	69700	0.00213027
697	69800	0.00213027
698	69900	0.00213027
699	70000	0.00213027
700	70100	0.00213027
701	70200	0.00213027
702	70300	0.00213027
703	70400	0.00213027
704	70500	0.00213027
705	70600	0.00213027
706	70700	0.00213027
707	70800	0.00213027
708	70900	0.00213027
709	71000	0.00213027
710	71100	0.00213027
711	71200	0.00213027
712	71300	0.00213027
713	71400	0.00213027
714	71500	0.00213027
715	71600	0.00213027
716	71700	0.00213027
717	71800	0.00213027
718	71900	0.00213027
719	72000	0.00213027
720	72100	0.00213027
721	72200	0.00213027
722	72300	0.00213027
723	72400	0.00213027
724	72500	0.00213027
725	72600	0.00213027
726	72700	0.00213027
727	72800	0.00213027
728	72900	0.00213027
729	73000	0.00213027
730	73100	0.00213027
731	73200	0.00213027
732	73300	0.00213027
733	73400	0.00213027
734	73500	0.00213027
735	73600	0.00213027
736	73700	0.00213027
737	73800	0.00213027
738	73900	0.00213027
739	74000	0.00213027
740	74100	0.00213027
741	74200	0.00213027
742	74300	0.00213027
743	74400	0.00213027
744	74500	0.00213027
745	74600	0.00213027
746	74700	0.00213027
747	74800	0.00213027
748	74900	0.00213027
749	75000	0.00213027
750	75100	0.00213027
751	75200	0.00213027
752	75300	0.00213027
753	75400	0.00213027
754	75500	0.00213027
755	75600	0.00213027
756	75700	0.00213027
757	75800	0.00213027
758	75900	0.00213027
759	76000	0.00213027
760	76100	0.00213027
761	76200	0.00213027
762	76300	0.00213027
763	76400	0.00213027
764	76500	0.00213027
765	76600	0.00213027
766	76700	0.00213027
767	76800	0.00213027
768	76900	0.00213027
769	77000	0.00213027
770	77100	0.00213027
771	77200	0.00213027
772	77300	0.00213027
773	77400	0.00211771
774	77500	0.00211771
775	77600	0.00211771
776	77700	0.00211771
777	77800	0.00211771
778	77900	0.00211771
779	78000	0.00211771
780	78100	0.00211771
781	78200	0.00211771
782	78300	0.00211771
783	78400	0.00211771
784	78500	0.00211771
785	78600	0.00211771
786	78700	0.00211771
787	78800	0.00211771
788	78900	0.00211771
789	79000	0.00211771
790	79100	0.00211771
791	79200	0.00211771
792	79300	0.00211771
793	79400	0.00211771
794	79500	0.00211771
795	79600	0.00211771
796	79700	0.00211771
797	79800	0.00211771
798	79900	0.00211771
799	80000	0.00211771
800	80100	0.00211771
801	80200	0.00211771
802	80300	0.00211771
803	80400	0.00211771
804	80500	0.00211771
805	80600	0.0019953
806	80700	0.0019953
807	80800	0.0019953
808	80900	0.0019953
809	81000	0.0019953
810	81100	0.0019953
811	81200	0.0019953
812	81300	0.0019953
813	81400	0.0019953
814	81500	0.0019953
815	81600	0.0019953
816	81700	0.0019953
817	81800	0.0019953
818	81900	0.0019953
819	82000	0.0019953
820	82100	0.00188241
821	82200	0.00188241
822	82300	0.00188241
823	82400	0.00188241
824	82500	0.00188241
825	82600	0.00188241
826	82700	0.000396365
827	82800	0.000396365
828	82900	0.000396365
829	83000	0.000396365
830	83100	0.000396365
831	83200	0.000396365
832	83300	0.000396365
833	83400	0.000396365
834	83500	0.000396365
835	83600	0.000396365
836	83700	0.000396365
837	83800	0.000396365
838	83900	0.000396365
839	84000	0.000396365
840	84100	0.000396365
841	84200	0.000396365
842	84300	0.000396365
843	84400	0.000396365
844	84500	0.000396365
845	84600	0.000396365
846	84700	0.000396365
847	84800	0.000396365
848	84900	0.000396365
849	85000	0.000396365
850	85100	0.000396365
851	85200	0.000396365
852	85300	0.000396365
853	85400	0.000396365
854	85500	0.000396365
855	85600	0.000396365
856	85700	0.000396365
857	85800	0.000396365
858	85900	0.000396365
859	86000	0.000396365
860	86100	0.000396365
861	86200	0.000396365
862	86300	0.000396365
863	86400	0.000396365
864	86500	0.000396365
865	86600	0.000396365
866	86700	0.000396365
867	86800	0.000396365
868	86900	0.000396365
869	87000	0.000396365
870	87100	0.000396365
871	87200	0.000396365
872	87300	0.000396365
873	87400	0.000396365
874	87500	0.000396365
875	87600	0.000396365
876	87700	0.000396365
877	87800	0.000396365
878	87900	0.000396365
879	88000	0.000396365
880	88100	0.000396365
881	88200	0.000396365
882	88300	0.000396365
883	88400	0.000396365
884	88500	0.000396365
885	88600	0.000396365
886	88700	0.000396365
887	88800	0.000396365
888	88900	0.000396365
889	89000	0.000396365
890	89100	0.000396365
891	89200	0.000396365
892	89300	0.000396365
893	89400	0.000396365
894	89500	0.000396365
895	89600	0.000396365
896	89700	0.000396365
897	89800	0.000396365
898	89900	0.000396365
899	90000	0.000396365
900	90100	0.000396365
901	90200	0.000396365
902	90300	0.000396365
903	90400	0.000396365
904	90500	0.000396365
905	90600	0.000396365
906	90700	0.000396365
907	90800	0.000396365
908	90900	0.000396365
909	91000	0.000396365
910	91100	0.000396365
911	91200	0.000396365
912	91300	0.000396365
913	91400	0.000396365
914	91500	0.000396365
915	91600	0.000396365
916	91700	0.000396365
917	91800	0.000396365
918	91900	0.000396365
919	92000	0.000396365
920	92100	0.000396365
921	92200	0.000396365
922	92300	0.000396365
923	92400	0.000396365
924	92500	0.000396365
925	92600	0.000396365
926	92700	0.000396365
927	92800	0.000396365
928	92900	0.000396365
929	93000	0.000396365
930	93100	0.000396365
931	93200	0.000396365
932	93300	0.000396365
933	93400	0.000396365
934	93500	0.000396365
935	93600	0.000396365
936	93700	0.000396365
937	93800	0.000396365
938	93900	0.000396365
939	94000	0.000396365
940	94100	0.000396365
941	94200	0.000396365
942	94300	0.000396365
943	94400	0.000396365
944	94500	0.000396365
945	94600	0.000396365
946	94700	0.000396365
947	94800	0.000396365
948	94900	0.000396365
949	95000	0.000396365
950	95100	0.000396365
951	95200	0.000396365
952	95300	0.000396365
953	95400	0.000396365
954	95500	0.000396365
955	95600	0.000396365
956	95700	0.000396365
957	95800	0.000396365
958	95900	0.000396365
959	96000	0.000396365
960	96100	0.000396365
961	96200	0.000396365
962	96300	0.000396365
963	96400	0.000396365
964	96500	0.000396365
965	96600	0.000396365
966	96700	0.000396365
967	96800	0.000396365
968	96900	0.000396365
969	97000	0.000396365
970	97100	0.000396365
971	97200	0.000396365
972	97300	0.000396365
973	97400	0.000396365
974	97500	0.000396365
975	97600	0.000396365
976	97700	0.000396365
977	97800	0.000396365
978	97900	0.000396365
979	98000	0.000396365
980	98100	0.000396365
981	98200	0.000396365
982	98300	0.000396365
983	98400	0.000396365
984	98500	0.000396365
985	98600	0.000396365
986	98700	0.000396365
987	98800	0.000396365
988	98900	0.000396365
989	99000	0.000396365
990	99100	0.000396365
991	99200	0.000396365
992	99300	0.000396365
993	99400	0.000396365
994	99500	0.000396365
995	99600	0.000396365
996	99700	0.000396365
997	99800	0.000396365
998	99900	0.000393707
999	100000	0.000393707
1000	100100	0.000393707
1001	100200	0.000393707
1002	100300	0.000393707
1003	100400	0.000393707
1004	100500	0.000393707
1005	100600	0.000393707
1006	100700	0.000393707
1007	100800	0.000393707
1008	100900	0.000393707
1009	101000	0.000393707
1010	101100	0.000393707
1011	101200	0.000393707
1012	101300	0.000393707
1013	101400	0.000393707
1014	101500	0.000393707
1015	101600	0.000393707
1016	101700	0.000393707
1017	101800	0.000393707
1018	101900	0.000393707
1019	102000	0.000393707
1020	102100	0.000393707
1021	102200	0.000393707
1022	102300	0.000393707
1023	102400	0.000393707
1024	102500	0.000393707
1025	102600	0.000393707
1026	102700	0.000393707
1027	102800	0.000393707
1028	102900	0.000393707
1029	103000	0.000393707
1030	103100	0.000393707
1031	103200	0.000393707
1032	103300	0.000393707
1033	103400	0.000393707
1034	103500	0.000393707
1035	103600	0.000393707
1036	103700	0.000393707
1037	103800	0.000393707
1038	103900	0.000393707
1039	104000	0.000393707
1040	104100	0.000393707
1041	104200	0.000393707
1042	104300	0.000393707
1043	104400	0.000393707
1044	104500	0.000393707
1045	104600	0.000393707
1046	104700	0.000393707
1047	104800	0.000393707
1048	104900	0.000393707
1049	105000	0.000393707
1050	105100	0.000393707
1051	105200	0.000393707
1052	105300	0.000393707
1053	105400	0.000393707
1054	105500	0.000393707
1055	105600	0.000393707
1056	105700	0.000393707
1057	105800	0.000393707
1058	105900	0.000393707
1059	106000	0.000393707
1060	106100	0.000393707
1061	106200	0.000393707
1062	106300	0.000393707
1063	106400	0.000393707
1064	106500	0.000393707
1065	106600	0.000393707
1066	106700	0.000393707
1067	106800	0.000393707
1068	106900	0.000393707
1069	107000	0.000393707
1070	107100	0.000393707
1071	107200	0.000393707
1072	107300	0.000393707
1073	107400	0.000393707
1074	107500	0.000393707
1075	107600	0.000393707
1076	107700	0.000393707
1077	107800	0.000393707
1078	107900	0.000393707
1079	108000	0.000393707
1080	108100	0.000393707
1081	108200	0.000393707
1082	108300	0.000393707
1083	108400	0.000393707
1084	108500	0.000393707
1085	108600	0.000393707
1086	108700	0.000393707
1087	108800	0.000393707
1088	108900	0.000393707
1089	109000	0.000393707
1090	109100	0.000393707
1091	109200	0.000393707
1092	109300	0.000393707
1093	109400	0.000393707
1094	109500	0.000393707
1095	109600	0.000393707
1096	109700	0.000393707
1097	109800	0.000393707
1098	109900	0.000393707
1099	110000	0.000393707
1100	110100	0.000393707
1101	110200	0.000393707
1102	110300	0.000393707
1103	110400	0.000393707
1104	110500	0.000393707
1105	110600	0.000393707
1106	110700	0.000393707
1107	110800	0.000393707
1108	110900	0.000393707
1109	111000	0.000393707
1110	111100	0.000393707
1111	111200	0.000393707
1112	111300	0.000393707
1113	111400	0.000393707
1114	111500	0.000393707
1115	111600	0.000387119
1116	111700	0.000387119
1117	111800	0.000144264
1118	111900	0.000137676
1119	112000	0.000137676
1120	112100	0.000137676
1121	112200	0.000137676
1122	112300	0.000137676
1123	112400	0.000137676
1124	112500	0.000137676
1125	112600	0.000137676
1126	112700	0.000137676
1127	112800	0.000137676
1128	112900	0.000137676
1129	113000	0.000137676
1130	113100	0.000137676
1131	113200	0.000137676
1132	113300	0.000137676
1133	113400	0.000137676
1134	113500	0.000137676
1135	113600	0.000137676
1136	113700	0.000137676
1137	113800	0.000137676
1138	113900	0.000137676
1139	114000	0.000137676
1140	114100	0.000137676
1141	114200	0.000137676
1142	114300	0.000137676
1143	114400	0.000137676
1144	114500	0.000137676
1145	114600	0.000137676
1146	114700	0.000137676
1147	114800	0.000137676
1148	114900	0.000137676
1149	115000	0.000137676
1150	115100	0.000137676
1151	115200	0.000137676
1152	115300	0.000137676
1153	115400	0.000137676
1154	115500	0.000137676
1155	115600	0.000137676
1156	115700	0.000137676
1157	115800	0.000137676
1158	115900	0.000137676
1159	116000	0.000137676
1160	116100	0.000137676
1161	116200	0.000137676
1162	116300	0.000137676
1163	116400	0.000137676
1164	116500	0.000137676
1165	116600	0.000137676
1166	116700	0.000137676
1167	116800	0.000137676
1168	116900	0.000137676
1169	117000	0.000137676
1170	117100	0.000137676
1171	117200	0.000137676
1172	117300	0.000137676
1173	117400	0.000137676
1174	117500	0.000137676
1175	117600	0.000137676
1176	117700	0.000137676
1177	117800	0.000137676
1178	117900	0.000137676
1179	118000	0.000137676
1180	118100	0.000137676
1181	118200	0.000137676
1182	118300	0.000137676
1183	118400	0.000137676
1184	118500	0.000137676
1185	118600	0.000137676
1186	118700	0.000137676
1187	118800	0.000137676
1188	118900	0.000137676
1189	119000	0.000137676
1190	119100	0.000137676
1191	119200	0.000137676
1192	119300	0.000137676
1193	119400	0.000137676
1194	119500	0.000137676
1195	119600	0.000137676
1196	119700	0.000137676
1197	119800	0.000137676
1198	119900	0.000137676
1199	120000	0.000137676
1200	120100	0.000137676
1201	120200	0.000137676
1202	120300	0.000137676
1203	120400	0.000137676
1204	120500	0.000137676
1205	120600	0.000137676
1206	120700	0.000137676
1207	120800	0.000137676
1208	120900	0.000137676
1209	121000	0.000137676
1210	121100	0.000137676
1211	121200	0.000137676
1212	121300	0.000137676
1213	121400	0.000137676
1214	121500	0.000137676
1215	121600	0.000137676
1216	121700	0.000137676
1217	121800	0.000137676
1218	121900	0.000137676
1219	122000	0.000137676
1220	122100	0.000137676
1221	122200	0.000137676
1222	122300	0.000137676
1223	122400	0.000137676
1224	122500	0.000137676
1225	122600	0.000137676
1226	122700	0.000137676
1227	122800	0.000137676
1228	122900	0.000137676
1229	123000	0.000137676
1230	123100	0.000137676
1231	123200	0.000137676
1232	123300	0.000137676
1233	123400	0.000137676
1234	123500	0.000137676
1235	123600	0.000137676
1236	123700	0.000137676
1237	123800	0.000137676
1238	123900	0.000137676
1239	124000	0.000137676
1240	124100	0.000137676
1241	124200	0.000137676
1242	124300	0.000137676
1243	124400	0.000137676
1244	124500	0.000137676
1245	124600	0.000137676
1246	124700	0.000137676
1247	124800	0.000137676
1248	124900	0.000137676
1249	125000	0.000137676
1250	125100	0.000137676
1251	125200	0.000137676
1252	125300	0.000137676
1253	125400	0.000137676
1254	125500	0.000137676
1255	125600	0.000137676
1256	125700	0.000137676
1257	125800	0.000137676
1258	125900	0.000137676
1259	126000	0.000137676
1260	126100	0.000137676
1261	126200	0.000137676
1262	126300	0.000137676
1263	126400	0.000137676
1264	126500	0.000137676
1265	126600	0.000137676
1266	126700	0.000137676
1267	126800	0.000137676
1268	126900	0.000137676
1269	127000	0.000137676
1270	127100	0.000137676
1271	127200	0.000137676
1272	127300	0.000137676
1273	127400	0.000137676
1274	127500	0.000137676
1275	127600	0.000137676
1276	127700	0.000137676
1277	127800	0.000137676
1278	127900	0.000137676
1279	128000	0.000137676
1280	128100	0.000137676
1281	128200	0.000137676
1282	128300	0.000137676
1283	128400	0.000137676
1284	128500	0.000137676
1285	128600	0.000137676
1286	128700	0.000137676
1287	128800	0.000137676
1288	128900	0.000137676
1289	129000	0.000137676
1290	129100	0.000137676
1291	129200	0.000137676
1292	129300	0.000137676
1293	129400	0.000137676
1294	129500	0.000137676
1295	129600	0.000137676
1296	129700	0.000137676
1297	129800	0.000137676
1298	129900	0.000137676
1299	130000	0.000137676
1300	130100	0.000137676
1301	130200	0.000137676
1302	130300	0.000137676
1303	130400	0.000137676
1304	130500	0.000137676
1305	130600	0.000137676
1306	130700	0.000137676
1307	130800	0.000137676
1308	130900	0.000137676
1309	131000	0.000137676
1310	131100	0.000137676
1311	131200	0.000137676
1312	131300	0.000137676
1313	131400	0.000137676
1314	131500	0.000137676
1315	131600	0.000137676
1316	131700	0.000137676
1317	131800	0.000137676
1318	131900	0.000137676
1319	132000	0.000137676
1320	132100	0.000137676
1321	132200	0.000137676
1322	132300	0.000137676
1323	132400	0.000137676
1324	132500	0.000137676
1325	132600	0.000137676
1326	132700	0.000137676
1327	132800	0.000137676
1328	132900	0.000137676
1329	133000	0.000137676
1330	133100	0.000137676
1331	133200	0.000137676
1332	133300	0.000137676
1333	133400	0.000137676
1334	133500	0.000137676
1335	133600	0.000137676
1336	133700	0.000137676
1337	133800	0.000137676
1338	133900	0.000137676
1339	134000	0.000137676
1340	134100	0.000137676
1341	134200	0.000137676
1342	134300	0.000137676
1343	134400	0.000137676
1344	134500	0.000137676
1345	134600	0.000137676
1346	134700	0.000137676
1347	134800	0.000137676
1348	134900	0.000137676
1349	135000	0.000137676
1350	135100	0.000137676
1351	135200	0.000137676
1352	135300	0.000137676
1353	135400	0.000137676
1354	135500	0.000137676
1355	135600	0.000137676
1356	135700	0.000137676
1357	135800	0.000137676
1358	135900	0.000137676
1359	136000	0.000137676
1360	136100	0.000137676
1361	136200	0.000137676
1362	136300	0.000137676
1363	136400	0.000137676
1364	136500	0.000137676
1365	136600	0.000137676
1366	136700	0.000137676
1367	136800	0.000137676
1368	136900	0.000137676
1369	137000	0.000137676
1370	137100	0.000137676
1371	137200	0.000137676
1372	137300	0.000137676
1373	137400	0.000137676
1374	137500	0.000137676
1375	137600	0.000137676
1376	137700	0.000137676
1377	137800	0.000137676
1378	137900	0.000137676
1379	138000	0.000137676
1380	138100	0.000137676
1381	138200	0.000137676
1382	138300	0.000137676
1383	138400	0.000137676
1384	138500	0.000137676
1385	138600	0.000137676
1386	138700	0.000137676
1387	138800	0.000137676
1388	138900	0.000137676
1389	139000	0.000137676
1390	139100	0.000137676
1391	139200	0.000137676
1392	139300	0.000137676
1393	139400	0.000137676
1394	139500	0.000137676
1395	139600	0.000137676
1396	139700	0.000137676
1397	139800	0.000137676
1398	139900	0.000137676
1399	140000	0.000137676
1400	140100	0.000137676
1401	140200	0.000137676
1402	140300	0.000137676
1403	140400	0.000137676
1404	140500	0.000137676
1405	140600	0.000137676
1406	140700	0.000137676
1407	140800	0.000137676
1408	140900	0.000137676
1409	141000	0.000137676
1410	141100	0.000135134
1411	141200	0.000135134
1412	141300	0.000135134
1413	141400	0.000135134
1414	141500	0.000135134
1415	141600	0.000135134
1416	141700	0.000135134
1417	141800	0.000135134
1418	141900	0.000135134
1419	142000	0.000135134
1420	142100	0.000135134
1421	142200	0.000135134
1422	142300	0.000135134
1423	142400	0.000135134
1424	142500	0.000135134
1425	142600	0.000135134
1426	142700	0.000135134
1427	142800	0.000135134
1428	142900	0.000135134
1429	143000	0.000135134
1430	143100	0.000135134
1431	143200	0.000135134
1432	143300	0.000135134
1433	143400	0.000135134
1434	143500	0.000135134
1435	143600	0.000135134
1436	143700	0.000135134
1437	143800	0.000135134
1438	143900	0.000135134
1439	144000	0.000135134
1440	144100	0.000135134
1441	144200	0.000135134
1442	144300	0.000135134
1443	144400	0.000135134
1444	144500	0.000135134
1445	144600	0.000135134
1446	144700	0.000135134
1447	144800	0.000135134
1448	144900	0.000135134
1449	145000	0.000135134
1450	145100	0.000135134
1451	145200	0.000135134
1452	145300	0.000135134
1453	145400	0.000135134
1454	145500	0.000135134
1455	145600	0.000135134
1456	145700	0.000135134
1457	145800	0.000135134
1458	145900	0.000135134
1459	146000	0.000135134
1460	146100	0.000135134
1461	146200	0.000135134
1462	146300	0.000135134
1463	146400	0.000135134
1464	146500	0.000135134
1465	146600	0.000135134
1466	146700	0.000135134
1467	146800	0.000135134
1468	146900	0.000135134
1469	147000	0.000135134
1470	147100	0.000135134
1471	147200	0.000135134
1472	147300	0.000135134
1473	147400	0.000135134
1474	147500	0.000135134
1475	147600	0.000135134
1476	147700	0.000135134
1477	147800	0.000135134
1478	147900	0.000135134
1479	148000	0.000135134
1480	148100	0.000135134
1481	148200	0.000135134
1482	148300	0.000135134
1483	148400	0.000135134
1484	148500	0.000135134
1485	148600	0.000135134
1486	148700	0.000135134
1487	148800	0.000135134
1488	148900	0.000135134
1489	149000	0.000135134
1490	149100	0.000135134
1491	149200	0.000135134
1492	149300	0.000135134
1493	149400	0.000135134
1494	149500	0.000135134
1495	149600	0.000135134
1496	149700	0.000135134
1497	149800	0.000133449
1498	149900	0.000133449
1499	150000	0.000133449
1500	150100	0.000133449
1501	150200	0.000133449
1502	150300	0.000133449
1503	150400	0.000133449
1504	150500	0.000133449
1505	150600	0.000133449
1506	150700	0.000133449
1507	150800	0.000133449
1508	150900	0.000133449
1509	151000	0.000133449
1510	151100	0.000133449
1511	151200	0.000133449
1512	151300	0.000133449
1513	151400	0.000133449
1514	151500	0.000133449
1515	151600	0.000133449
1516	151700	0.000133449
1517	151800	0.000133449
1518	151900	0.000133449
1519	152000	0.000133449
1520	152100	0.000133449
1521	152200	0.000133449
1522	152300	0.000133449
1523	152400	0.000133449
1524	152500	0.000133449
1525	152600	0.000133449
1526	152700	0.000133449
1527	152800	0.000133449
1528	152900	0.000133449
1529	153000	0.000133449
1530	153100	0.000133449
1531	153200	0.000133449
1532	153300	0.000133449
1533	153400	0.000133449
1534	153500	0.000133449
1535	153600	0.000133449
1536	153700	0.000133449
1537	153800	0.000133449
1538	153900	0.000133449
1539	154000	0.000133449
1540	154100	0.000133449
1541	154200	0.000133449
1542	154300	0.000133449
1543	154400	0.000133449
1544	154500	0.000133449
1545	154600	0.000133449
1546	154700	0.000133449
1547	154800	0.000133449
1548	154900	0.000133449
1549	155000	0.000133449
1550	155100	0.000133449
1551	155200	0.000133449
1552	155300	0.000133449
1553	155400	0.000133449
1554	155500	0.000133449
1555	155600	0.000133449
1556	155700	0.000133449
1557	155800	0.000133449
1558	155900	0.000133449
1559	156000	0.000133449
1560	156100	0.000133449
1561	156200	0.000133449
1562	156300	0.000133449
1563	156400	0.000133449
1564	156500	0.000133449
1565	156600	0.000133449
1566	156700	0.000133449
1567	156800	0.000133449
1568	156900	0.000133449
1569	157000	0.000133449
1570	157100	0.000133449
1571	157200	0.000133449
1572	157300	0.000133449
1573	157400	0.000133449
1574	157500	0.000133449
1575	157600	0.000133449
1576	157700	0.000133449
1577	157800	0.000133449
1578	157900	0.000133449
1579	158000	0.000133449
1580	158100	0.000133449
1581	158200	0.000133449
1582	158300	0.000133449
1583	158400	0.000133449
1584	158500	0.000133449
1585	158600	0.000133449
1586	158700	0.000133449
1587	158800	0.000133449
1588	158900	0.000133449
1589	159000	0.000133449
1590	159100	0.000133449
1591	159200	0.000133449
1592	159300	0.000133449
1593	159400	0.000133449
1594	159500	0.000133449
1595	159600	0.000133449
1596	159700	0.000133449
1597	159800	0.000133449
1598	159900	0.000133449
1599	160000	0.000133449
1600	160100	0.000133449
1601	160200	0.000133449
1602	160300	0.000133449
1603	160400	0.000133449
1604	160500	0.000133449
1605	160600	0.000133449
1606	160700	0.000133449
1607	160800	0.000133449
1608	160900	0.000133449
1609	161000	0.000133449
1610	161100	0.000133449
1611	161200	0.000133449
1612	161300	0.000133449
1613	161400	0.000133449
1614	161500	0.000133449
1615	161600	0.000133449
1616	161700	0.000133449
1617	161800	0.000133449
1618	161900	0.000133449
1619	162000	0.000133449
1620	162100	0.000133449
1621	162200	0.000133449
1622	162300	0.000133449
1623	162400	0.000133449
1624	162500	8.68929e-005
1625	162600	8.68929e-005
1626	162700	8.68929e-005
1627	162800	8.68929e-005
1628	162900	8.68929e-005
1629	163000	8.68929e-005
1630	163100	8.68929e-005
1631	163200	8.68929e-005
1632	163300	8.68929e-005
1633	163400	8.68929e-005
1634	163500	8.68929e-005
1635	163600	8.68929e-005
1636	163700	8.68929e-005
1637	163800	8.68929e-005
1638	163900	8.68929e-005
1639	164000	8.68929e-005
1640	164100	8.68929e-005
1641	164200	8.68929e-005
1642	164300	8.68929e-005
1643	164400	8.68929e-005
1644	164500	8.68929e-005
1645	164600	8.68929e-005
1646	164700	8.68929e-005
1647	164800	8.68929e-005
1648	164900	8.68929e-005
1649	165000	8.68929e-005
1650	165100	8.68929e-005
1651	165200	8.68929e-005
1652	165300	8.68929e-005
1653	165400	8.68929e-005
1654	165500	8.68929e-005
1655	165600	8.68929e-005
1656	165700	8.68929e-005
1657	165800	8.68929e-005
1658	165900	8.68929e-005
1659	166000	8.68929e-005
1660	166100	8.68929e-005
1661	166200	8.68929e-005
1662	166300	8.68929e-005
1663	166400	8.68929e-005
1664	166500	8.68929e-005
1665	166600	8.68929e-005
1666	166700	8.68929e-005
1667	166800	8.68929e-005
1668	166900	8.68929e-005
1669	167000	8.68929e-005
1670	167100	8.68929e-005
1671	167200	8.68929e-005
1672	167300	8.68929e-005
1673	167400	8.68929e-005
1674	167500	8.68929e-005
1675	167600	8.68929e-005
1676	167700	8.68929e-005
1677	167800	8.68929e-005
1678	167900	8.68929e-005
1679	168000	8.68929e-005
1680	168100	8.68929e-005
1681	168200	8.68929e-005
1682	168300	8.68929e-005
1683	168400	8.68929e-005
1684	168500	8.68929e-005
1685	168600	8.68929e-005
1686	168700	8.68929e-005
1687	168800	8.68929e-005
1688	168900	8.68929e-005
1689	169000	8.68929e-005
1690	169100	8.68929e-005
1691	169200	8.68929e-005
1692	169300	8.68929e-005
1693	169400	8.68929e-005
1694	169500	8.68929e-005
1695	169600	8.68929e-005
1696	169700	8.68929e-005
1697	169800	8.68929e-005
1698	169900	8.68929e-005
1699	170000	8.68929e-005
1700	170100	8.68929e-005
1701	170200	8.68929e-005
1702	170300	8.68929e-005
1703	170400	8.68929e-005
1704	170500	8.68929e-005
1705	170600	8.68929e-005
1706	170700	8.68929e-005
1707	170800	8.68929e-005
1708	170900	8.68929e-005
1709	171000	8.68929e-005
1710	171100	8.68929e-005
1711	171200	8.68929e-005
1712	171300	8.68929e-005
1713	171400	8.68929e-005
1714	171500	8.68929e-005
1715	171600	8.68929e-005
1716	171700	8.68929e-005
1717	171800	8.68929e-005
1718	171900	8.68929e-005
1719	172000	8.68929e-005
1720	172100	8.68929e-005
1721	172200	8.68929e-005
1722	172300	8.68929e-005
1723	172400	8.68929e-005
1724	172500	8.68929e-005
1725	172600	8.68929e-005
1726	172700	8.68929e-005
1727	172800	8.68929e-005
1728	172900	8.68929e-005
1729	173000	8.68929e-005
1730	173100	8.68929e-005
1731	173200	8.68929e-005
1732	173300	8.68929e-005
1733	173400	8.68929e-005
1734	173500	8.68929e-005
1735	173600	8.68929e-005
1736	173700	8.68929e-005
1737	173800	8.68929e-005
1738	173900	8.68929e-005
1739	174000	8.68929e-005
1740	174100	8.68929e-005
1741	174200	8.68929e-005
1742	174300	8.68929e-005
1743	174400	8.68929e-005
1744	174500	8.68929e-005
1745	174600	8.68929e-005
1746	174700	8.68929e-005
1747	174800	8.68929e-005
1748	174900	8.68929e-005
1749	175000	8.68929e-005
1750	175100	8.68929e-005
1751	175200	8.68929e-005
1752	175300	8.68929e-005
1753	175400	8.68929e-005
1754	175500	8.68929e-005
1755	175600	8.68929e-005
1756	175700	8.68929e-005
1757	175800	8.68929e-005
1758	175900	8.68929e-005
1759	176000	8.68929e-005
1760	176100	8.68929e-005
1761	176200	8.68929e-005
1762	176300	8.68929e-005
1763	176400	8.68929e-005
1764	176500	8.68929e-005
1765	176600	8.68929e-005
1766	176700	8.68929e-005
1767	176800	8.68929e-005
1768	176900	8.68929e-005
1769	177000	8.68929e-005
1770	177100	8.68929e-005
1771	177200	8.68929e-005
1772	177300	8.68929e-005
1773	177400	8.68929e-005
1774	177500	8.68929e-005
1775	177600	8.68929e-005
1776	177700	8.68929e-005
1777	177800	8.68929e-005
1778	177900	8.68929e-005
1779	178000	8.68929e-005
1780	178100	8.68929e-005
1781	178200	8.68929e-005
1782	178300	8.68929e-005
1783	178400	8.68929e-005
1784	178500	8.68929e-005
1785	178600	8.68929e-005
1786	178700	8.68929e-005
1787	178800	8.68929e-005
1788	178900	8.68929e-005
1789	179000	8.68929e-005
1790	179100	8.68929e-005
1791	179200	8.68929e-005
1792	179300	8.68929e-005
1793	179400	8.68929e-005
1794	179500	8.68929e-005
1795	179600	8.68929e-005
1796	179700	8.68929e-005
1797	179800	8.68929e-005
1798	179900	8.68929e-005
1799	180000	8.68929e-005
1800	180100	8.68929e-005
1801	180200	8.68929e-005
1802	180300	8.68929e-005
1803	180400	8.68929e-005
1804	180500	8.68929e-005
1805	180600	8.68929e-005
1806	180700	8.68929e-005
1807	180800	8.68929e-005
1808	180900	8.68929e-005
1809	181000	8.68929e-005
1810	181100	8.68929e-005
1811	181200	8.68929e-005
1812	181300	8.68929e-005
1813	181400	8.68929e-005
1814	181500	8.68929e-005
1815	181600	8.68929e-005
1816	181700	8.68929e-005
1817	181800	8.68929e-005
1818	181900	8.68929e-005
1819	182000	8.68929e-005
1820	182100	8.68929e-005
1821	182200	8.68929e-005
1822	182300	8.68929e-005
1823	182400	8.68929e-005
1824	182500	8.68929e-005
1825	182600	8.68929e-005
1826	182700	8.68929e-005
1827	182800	8.68929e-005
1828	182900	8.68929e-005
1829	183000	8.68929e-005
1830	183100	8.68929e-005
1831	183200	8.68929e-005
1832	183300	8.68929e-005
1833	183400	8.68929e-005
1834	183500	8.68929e-005
1835	183600	8.68929e-005
1836	183700	8.68929e-005
1837	183800	8.68929e-005
1838	183900	8.68929e-005
1839	184000	8.68929e-005
1840	184100	8.68929e-005
1841	184200	8.68929e-005
1842	184300	8.68929e-005
1843	184400	8.68929e-005
1844	184500	8.68929e-005
1845	184600	8.68929e-005
1846	184700	8.68929e-005
1847	184800	8.68929e-005
1848	184900	8.68929e-005
1849	185000	8.68929e-005
1850	185100	8.68929e-005
1851	185200	8.68929e-005
1852	185300	8.68929e-005
1853	185400	8.68929e-005
1854	185500	8.68929e-005
1855	185600	8.68929e-005
1856	185700	8.68929e-005
1857	185800	8.68929e-005
1858	185900	8.68929e-005
1859	186000	8.68929e-005
1860	186100	8.68929e-005
1861	186200	8.68929e-005
1862	186300	8.68929e-005
1863	186400	8.68929e-005
1864	186500	8.68929e-005
1865	186600	8.68929e-005
1866	186700	8.68929e-005
1867	186800	8.68929e-005
1868	186900	8.68929e-005
1869	187000	8.68929e-005
1870	187100	8.68929e-005
1871	187200	8.68929e-005
1872	187300	8.68929e-005
1873	187400	8.68929e-005
1874	187500	8.68929e-005
1875	187600	8.68929e-005
1876	187700	8.68929e-005
1877	187800	8.68929e-005
1878	187900	8.68929e-005
1879	188000	8.68929e-005
1880	188100	8.68929e-005
1881	188200	8.68929e-005
1882	188300	8.68929e-005
1883	188400	8.68929e-005
1884	188500	8.68929e-005
1885	188600	8.68929e-005
1886	188700	8.68929e-005
1887	188800	8.68929e-005
1888	188900	8.68929e-005
1889	189000	8.68929e-005
1890	189100	8.68929e-005
1891	189200	8.68929e-005
1892	189300	8.68929e-005
1893	189400	8.68929e-005
1894	189500	8.68929e-005
1895	189600	8.68929e-005
1896	189700	8.68929e-005
1897	189800	8.68929e-005
1898	189900	8.68929e-005
1899	190000	8.68929e-005
1900	190100	8.68929e-005
1901	190200	8.68929e-005
1902	190300	8.68929e-005
1903	190400	8.68929e-005
1904	190500	8.68929e-005
1905	190600	8.68929e-005
1906	190700	8.68929e-005
1907	190800	8.68929e-005
1908	190900	8.68929e-005
1909	191000	8.68929e-005
1910	191100	8.68929e-005
1911	191200	8.68929e-005
1912	191300	8.68929e-005
1913	191400	8.68929e-005
1914	191500	8.68929e-005
1915	191600	8.68929e-005
1916	191700	8.68929e-005
1917	191800	8.68929e-005
1918	191900	8.68929e-005
1919	192000	8.68929e-005
1920	192100	8.68929e-005
1921	192200	8.68929e-005
1922	192300	8.68929e-005
1923	192400	8.68929e-005
1924	192500	8.68929e-005
1925	192600	8.68929e-005
1926	192700	8.68929e-005
1927	192800	8.68929e-005
1928	192900	8.68929e-005
1929	193000	8.68929e-005
1930	193100	8.68929e-005
1931	193200	8.68929e-005
1932	193300	8.68929e-005
1933	193400	8.68929e-005
1934	193500	8.68929e-005
1935	193600	8.68929e-005
1936	193700	8.68929e-005
1937	193800	8.68929e-005
1938	193900	8.68929e-005
1939	194000	8.68929e-005
1940	194100	8.68929e-005
1941	194200	8.68929e-005
1942	194300	8.68929e-005
1943	194400	8.68929e-005
1944	194500	8.68929e-005
1945	194600	8.68929e-005
1946	194700	8.68929e-005
1947	194800	8.68929e-005
1948	194900	8.68929e-005
1949	195000	8.68929e-005
1950	195100	8.68929e-005
1951	195200	8.68929e-005
1952	195300	8.68929e-005
1953	195400	8.68929e-005
1954	195500	8.68929e-005
1955	195600	8.68929e-005
1956	195700	8.68929e-005
1957	195800	8.68929e-005
1958	195900	8.68929e-005
1959	196000	8.68929e-005
1960	196100	8.68929e-005
1961	196200	8.68929e-005
1962	196300	8.68929e-005
1963	196400	8.68929e-005
1964	196500	8.68929e-005
1965	196600	8.68929e-005
1966	196700	8.68929e-005
1967	196800	8.68929e-005
1968	196900	8.68929e-005
1969	197000	8.68929e-005
1970	197100	8.68929e-005
1971	197200	8.68929e-005
1972	197300	8.68929e-005
1973	197400	8.68929e-005
1974	197500	8.68929e-005
1975	197600	8.68929e-005
1976	197700	8.3553e-005
1977	197800	8.3553e-005
1978	197900	8.3553e-005
1979	198000	8.3553e-005
1980	198100	8.3553e-005
1981	198200	8.3553e-005
1982	198300	8.3553e-005
1983	198400	8.3553e-005
1984	198500	8.3553e-005
1985	198600	8.3553e-005
1986	198700	8.3553e-005
1987	198800	8.3553e-005
1988	198900	8.3553e-005
1989	199000	8.3553e-005
1990	199100	8.3553e-005
1991	199200	8.3553e-005
1992	199300	8.3553e-005
1993	199400	8.3553e-005
1994	199500	8.3553e-005
1995	199600	8.3553e-005
1996	199700	8.3553e-005
1997	199800	8.3553e-005
1998	199900	8.3553e-005
1999	200000	8.3553e-005
2000	200100	8.3553e-005
