1	200	281.182
2	300	100.204
3	400	81.6541
4	500	57.7048
5	600	44.0638
6	700	31.2035
7	800	14.8671
8	900	12.1076
9	1000	12.1076
10	1100	10.8131
11	1200	10.8131
12	1300	9.15778
13	1400	9.15778
14	1500	8.46673
15	1600	7.61795
16	1700	6.9269
17	1800	4.83326
18	1900	4.00761
19	2000	3.05857
20	2100	2.69103
21	2200	2.26066
22	2300	1.67297
23	2400	1.27796
24	2500	1.27796
25	2600	1.27796
26	2700	1.22438
27	2800	1.22438
28	2900	0.886935
29	3000	0.737379
30	3100	0.683795
31	3200	0.683795
32	3300	0.683795
33	3400	0.456069
34	3500	0.423582
35	3600	0.423582
36	3700	0.421675
37	3800	0.421675
38	3900	0.360573
39	4000	0.326179
40	4100	0.326179
41	4200	0.326179
42	4300	0.315529
43	4400	0.315529
44	4500	0.307927
45	4600	0.307927
46	4700	0.307927
47	4800	0.307927
48	4900	0.307927
49	5000	0.307927
50	5100	0.307927
51	5200	0.307927
52	5300	0.305913
53	5400	0.305913
54	5500	0.278058
55	5600	0.278058
56	5700	0.278058
57	5800	0.278058
58	5900	0.278058
59	6000	0.278058
60	6100	0.278058
61	6200	0.278058
62	6300	0.278058
63	6400	0.278058
64	6500	0.278058
65	6600	0.278058
66	6700	0.219754
67	6800	0.219754
68	6900	0.219754
69	7000	0.219754
70	7100	0.186848
71	7200	0.128544
72	7300	0.128544
73	7400	0.128544
74	7500	0.128544
75	7600	0.128544
76	7700	0.106253
77	7800	0.106253
78	7900	0.106253
79	8000	0.106253
80	8100	0.106253
81	8200	0.106253
82	8300	0.102879
83	8400	0.102879
84	8500	0.0923158
85	8600	0.0889422
86	8700	0.0860733
87	8800	0.0860733
88	8900	0.0860733
89	9000	0.0860733
90	9100	0.078666
91	9200	0.078666
92	9300	0.078666
93	9400	0.0786645
94	9500	0.0786645
95	9600	0.0786645
96	9700	0.0786645
97	9800	0.0786645
98	9900	0.0786645
99	10000	0.0786645
100	10100	0.0786645
101	10200	0.0786645
102	10300	0.0786645
103	10400	0.0786645
104	10500	0.0786645
105	10600	0.0786645
106	10700	0.078235
107	10800	0.078235
108	10900	0.078235
109	11000	0.0761961
110	11100	0.0761961
111	11200	0.0761961
112	11300	0.0761961
113	11400	0.0761961
114	11500	0.0761961
115	11600	0.0761961
116	11700	0.0761961
117	11800	0.0761961
118	11900	0.0761961
119	12000	0.0761961
120	12100	0.0761961
121	12200	0.0761961
122	12300	0.0244581
123	12400	0.0244581
124	12500	0.0244581
125	12600	0.0244581
126	12700	0.0244581
127	12800	0.0244581
128	12900	0.0238829
129	13000	0.0238829
130	13100	0.0238829
131	13200	0.0238829
132	13300	0.0238829
133	13400	0.0238829
134	13500	0.0238829
135	13600	0.0238829
136	13700	0.0238829
137	13800	0.0238829
138	13900	0.0238829
139	14000	0.0238829
140	14100	0.0238829
141	14200	0.0238829
142	14300	0.0238829
143	14400	0.0238829
144	14500	0.0238829
145	14600	0.0238829
146	14700	0.0238829
147	14800	0.0238829
148	14900	0.0238829
149	15000	0.0238829
150	15100	0.0238829
151	15200	0.0238829
152	15300	0.0238829
153	15400	0.0121041
154	15500	0.0121041
155	15600	0.0121041
156	15700	0.0121041
157	15800	0.0121041
158	15900	0.0121041
159	16000	0.0121041
160	16100	0.0121041
161	16200	0.0121041
162	16300	0.0121041
163	16400	0.0121041
164	16500	0.0121041
165	16600	0.0121041
166	16700	0.0121041
167	16800	0.0121041
168	16900	0.0121041
169	17000	0.0121041
170	17100	0.0121041
171	17200	0.0121041
172	17300	0.0120975
173	17400	0.0120975
174	17500	0.0120975
175	17600	0.0120975
176	17700	0.0120975
177	17800	0.0120975
178	17900	0.0120975
179	18000	0.0120975
180	18100	0.0120975
181	18200	0.0120975
182	18300	0.0120975
183	18400	0.0120975
184	18500	0.0120975
185	18600	0.0120975
186	18700	0.0120975
187	18800	0.0120975
188	18900	0.0120975
189	19000	0.0120975
190	19100	0.0120975
191	19200	0.0120975
192	19300	0.0120975
193	19400	0.0120975
194	19500	0.0120975
195	19600	0.0113015
196	19700	0.0113015
197	19800	0.0113015
198	19900	0.0113015
199	20000	0.0113015
200	20100	0.0113015
201	20200	0.0113015
202	20300	0.0113015
203	20400	0.0113015
204	20500	0.0113015
205	20600	0.0113015
206	20700	0.0113015
207	20800	0.0113015
208	20900	0.0113015
209	21000	0.0113015
210	21100	0.0113015
211	21200	0.0113015
212	21300	0.0113015
213	21400	0.0113015
214	21500	0.0113015
215	21600	0.00941469
216	21700	0.00941469
217	21800	0.00941469
218	21900	0.00941469
219	22000	0.00938127
220	22100	0.0074762
221	22200	0.0074762
222	22300	0.0074762
223	22400	0.0074762
224	22500	0.0074762
225	22600	0.0074762
226	22700	0.0074762
227	22800	0.0074762
228	22900	0.0074762
229	23000	0.0074762
230	23100	0.0074762
231	23200	0.0074762
232	23300	0.0074762
233	23400	0.0074762
234	23500	0.0074762
235	23600	0.0074762
236	23700	0.0074762
237	23800	0.0074762
238	23900	0.0074762
239	24000	0.0074762
240	24100	0.0074762
241	24200	0.0074762
242	24300	0.0074762
243	24400	0.0074762
244	24500	0.0074762
245	24600	0.0074762
246	24700	0.0074762
247	24800	0.0074762
248	24900	0.0074762
249	25000	0.0074762
250	25100	0.0074762
251	25200	0.0074762
252	25300	0.0074762
253	25400	0.0074762
254	25500	0.0074762
255	25600	0.0074762
256	25700	0.0074762
257	25800	0.0074762
258	25900	0.0074762
259	26000	0.0074762
260	26100	0.0074762
261	26200	0.0074762
262	26300	0.0074762
263	26400	0.0074762
264	26500	0.0074762
265	26600	0.0074762
266	26700	0.0074762
267	26800	0.0074762
268	26900	0.0074762
269	27000	0.0074762
270	27100	0.0074762
271	27200	0.0074762
272	27300	0.0074762
273	27400	0.0074762
274	27500	0.0074762
275	27600	0.0074762
276	27700	0.0074762
277	27800	0.0074762
278	27900	0.0074762
279	28000	0.0074762
280	28100	0.0074762
281	28200	0.0074762
282	28300	0.0074762
283	28400	0.0074762
284	28500	0.0074762
285	28600	0.0074762
286	28700	0.0074762
287	28800	0.0074762
288	28900	0.0074762
289	29000	0.0074762
290	29100	0.0074762
291	29200	0.0074762
292	29300	0.0074762
293	29400	0.00678234
294	29500	0.00678234
295	29600	0.00678234
296	29700	0.00678234
297	29800	0.00678234
298	29900	0.0067328
299	30000	0.0067328
300	30100	0.0067328
301	30200	0.0067328
302	30300	0.0067328
303	30400	0.0067328
304	30500	0.0067328
305	30600	0.0067328
306	30700	0.0067328
307	30800	0.0067328
308	30900	0.0067328
309	31000	0.0067328
310	31100	0.0067328
311	31200	0.0067328
312	31300	0.0067328
313	31400	0.0067328
314	31500	0.0067328
315	31600	0.0067328
316	31700	0.0067328
317	31800	0.0067328
318	31900	0.0067328
319	32000	0.0067328
320	32100	0.0067328
321	32200	0.0067328
322	32300	0.0067328
323	32400	0.0067328
324	32500	0.0067328
325	32600	0.0067328
326	32700	0.0067328
327	32800	0.0067328
328	32900	0.0067328
329	33000	0.0067328
330	33100	0.0067328
331	33200	0.00491135
332	33300	0.00491135
333	33400	0.00491135
334	33500	0.00491135
335	33600	0.00491135
336	33700	0.00491135
337	33800	0.00491135
338	33900	0.00491135
339	34000	0.00491135
340	34100	0.00491135
341	34200	0.00491135
342	34300	0.00491135
343	34400	0.00491135
344	34500	0.00491135
345	34600	0.00491135
346	34700	0.00491135
347	34800	0.00491135
348	34900	0.00491135
349	35000	0.00491135
350	35100	0.00491135
351	35200	0.00481759
352	35300	0.00481759
353	35400	0.00481759
354	35500	0.00481759
355	35600	0.00481759
356	35700	0.00481759
357	35800	0.00481759
358	35900	0.00481759
359	36000	0.00481759
360	36100	0.00481759
361	36200	0.00481759
362	36300	0.00481759
363	36400	0.00481759
364	36500	0.00481759
365	36600	0.00481759
366	36700	0.00481759
367	36800	0.00481759
368	36900	0.00481759
369	37000	0.00481759
370	37100	0.00481759
371	37200	0.00481759
372	37300	0.00481759
373	37400	0.00481759
374	37500	0.00481759
375	37600	0.00481759
376	37700	0.00481759
377	37800	0.00481759
378	37900	0.00481759
379	38000	0.00481759
380	38100	0.00481759
381	38200	0.00481759
382	38300	0.00481759
383	38400	0.00481759
384	38500	0.00481759
385	38600	0.00481759
386	38700	0.00481759
387	38800	0.00481759
388	38900	0.00481759
389	39000	0.00481759
390	39100	0.00481759
391	39200	0.00481759
392	39300	0.00481759
393	39400	0.00481759
394	39500	0.00481759
395	39600	0.00481759
396	39700	0.00481759
397	39800	0.00481759
398	39900	0.00481759
399	40000	0.00481759
400	40100	0.00481759
401	40200	0.00481759
402	40300	0.00481759
403	40400	0.00481759
404	40500	0.00481759
405	40600	0.00481759
406	40700	0.00481759
407	40800	0.00481759
408	40900	0.00481759
409	41000	0.00481759
410	41100	0.00481759
411	41200	0.00481759
412	41300	0.00481759
413	41400	0.00481759
414	41500	0.00481759
415	41600	0.00481759
416	41700	0.00481759
417	41800	0.00481759
418	41900	0.00481759
419	42000	0.00481759
420	42100	0.00481759
421	42200	0.00481759
422	42300	0.00481759
423	42400	0.00481759
424	42500	0.00481759
425	42600	0.00481759
426	42700	0.00481759
427	42800	0.00481759
428	42900	0.00481759
429	43000	0.00481759
430	43100	0.00481759
431	43200	0.00481759
432	43300	0.00481759
433	43400	0.00481759
434	43500	0.00481759
435	43600	0.00481759
436	43700	0.00481759
437	43800	0.00481759
438	43900	0.00339493
439	44000	0.00339493
440	44100	0.00339493
441	44200	0.00339493
442	44300	0.00339493
443	44400	0.00339493
444	44500	0.00339493
445	44600	0.00339493
446	44700	0.00339493
447	44800	0.00339493
448	44900	0.00339493
449	45000	0.00339493
450	45100	0.00339493
451	45200	0.00339493
452	45300	0.00339493
453	45400	0.00339493
454	45500	0.00339493
455	45600	0.00339493
456	45700	0.00339493
457	45800	0.00339493
458	45900	0.00339493
459	46000	0.00339493
460	46100	0.00339493
461	46200	0.00339493
462	46300	0.00339493
463	46400	0.00339493
464	46500	0.00339493
465	46600	0.00339493
466	46700	0.00339493
467	46800	0.00339493
468	46900	0.00339493
469	47000	0.00339493
470	47100	0.00339493
471	47200	0.00339493
472	47300	0.00339493
473	47400	0.00339493
474	47500	0.00339493
475	47600	0.00339493
476	47700	0.00339493
477	47800	0.00339493
478	47900	0.00339493
479	48000	0.00339493
480	48100	0.00339493
481	48200	0.00339493
482	48300	0.00339493
483	48400	0.00339493
484	48500	0.00339493
485	48600	0.00339493
486	48700	0.00339493
487	48800	0.00339493
488	48900	0.00339493
489	49000	0.00339493
490	49100	0.00339493
491	49200	0.00339493
492	49300	0.00339493
493	49400	0.00339493
494	49500	0.00339493
495	49600	0.00339493
496	49700	0.00339493
497	49800	0.00339493
498	49900	0.00339493
499	50000	0.00287891
500	50100	0.00287891
501	50200	0.00287891
502	50300	0.00287891
503	50400	0.00246813
504	50500	0.00246813
505	50600	0.00246813
506	50700	0.00246813
507	50800	0.00246813
508	50900	0.00246813
509	51000	0.00246813
510	51100	0.00246813
511	51200	0.00246813
512	51300	0.00246813
513	51400	0.00246813
514	51500	0.00246813
515	51600	0.00246813
516	51700	0.00246813
517	51800	0.00246813
518	51900	0.00246813
519	52000	0.00246813
520	52100	0.00246813
521	52200	0.00246813
522	52300	0.00246813
523	52400	0.00246813
524	52500	0.00246813
525	52600	0.00246813
526	52700	0.00246813
527	52800	0.00246813
528	52900	0.00246813
529	53000	0.00246813
530	53100	0.00246813
531	53200	0.00246813
532	53300	0.00246813
533	53400	0.00246813
534	53500	0.00246813
535	53600	0.00246813
536	53700	0.00246813
537	53800	0.00246813
538	53900	0.00246813
539	54000	0.00246813
540	54100	0.00246813
541	54200	0.00246813
542	54300	0.00246813
543	54400	0.00246813
544	54500	0.00246813
545	54600	0.00246813
546	54700	0.00246813
547	54800	0.00246813
548	54900	0.00246813
549	55000	0.00246813
550	55100	0.00246813
551	55200	0.00246813
552	55300	0.00246813
553	55400	0.00246813
554	55500	0.00246813
555	55600	0.00246813
556	55700	0.00246813
557	55800	0.00246813
558	55900	0.00246813
559	56000	0.00246813
560	56100	0.00246813
561	56200	0.00246813
562	56300	0.00246813
563	56400	0.00246813
564	56500	0.00246813
565	56600	0.00246813
566	56700	0.00246813
567	56800	0.00246813
568	56900	0.00246813
569	57000	0.00246813
570	57100	0.00246813
571	57200	0.00246813
572	57300	0.00246813
573	57400	0.00246813
574	57500	0.00246813
575	57600	0.00246813
576	57700	0.00246813
577	57800	0.00246813
578	57900	0.00246813
579	58000	0.00246813
580	58100	0.00246813
581	58200	0.00246813
582	58300	0.00246813
583	58400	0.00246813
584	58500	0.00246813
585	58600	0.00246813
586	58700	0.00246813
587	58800	0.00246813
588	58900	0.00246813
589	59000	0.00246813
590	59100	0.00246813
591	59200	0.00246813
592	59300	0.00246813
593	59400	0.00246813
594	59500	0.00246813
595	59600	0.00246813
596	59700	0.00246813
597	59800	0.00246813
598	59900	0.00246813
599	60000	0.00246813
600	60100	0.00246813
601	60200	0.00246813
602	60300	0.00246813
603	60400	0.00246813
604	60500	0.00246813
605	60600	0.00246813
606	60700	0.00234405
607	60800	0.00234405
608	60900	0.00234405
609	61000	0.00234405
610	61100	0.00234405
611	61200	0.00234405
612	61300	0.00234405
613	61400	0.00234405
614	61500	0.00234405
615	61600	0.00234405
616	61700	0.00220219
617	61800	0.00220219
618	61900	0.00220219
619	62000	0.00220219
620	62100	0.00220219
621	62200	0.00220219
622	62300	0.00220219
623	62400	0.00220219
624	62500	0.00220219
625	62600	0.00220219
626	62700	0.00220219
627	62800	0.00220219
628	62900	0.00220219
629	63000	0.00220219
630	63100	0.00220219
631	63200	0.00220219
632	63300	0.00220219
633	63400	0.00188045
634	63500	0.00188045
635	63600	0.00188045
636	63700	0.00188045
637	63800	0.00188045
638	63900	0.00188045
639	64000	0.00188045
640	64100	0.00188045
641	64200	0.00188045
642	64300	0.00188045
643	64400	0.00188045
644	64500	0.00188045
645	64600	0.00188045
646	64700	0.00188045
647	64800	0.00188045
648	64900	0.00188045
649	65000	0.00188045
650	65100	0.00188045
651	65200	0.00188045
652	65300	0.00188045
653	65400	0.00188045
654	65500	0.00188045
655	65600	0.00188045
656	65700	0.00188045
657	65800	0.00188045
658	65900	0.00188045
659	66000	0.00188045
660	66100	0.00188045
661	66200	0.00188045
662	66300	0.00188045
663	66400	0.00188045
664	66500	0.00188045
665	66600	0.00188045
666	66700	0.00188045
667	66800	0.00188045
668	66900	0.00188045
669	67000	0.00188045
670	67100	0.00188045
671	67200	0.00188045
672	67300	0.00188045
673	67400	0.00188045
674	67500	0.00188045
675	67600	0.00188045
676	67700	0.00188045
677	67800	0.00188045
678	67900	0.00188045
679	68000	0.00188045
680	68100	0.00188045
681	68200	0.00188045
682	68300	0.00188045
683	68400	0.00188045
684	68500	0.00188045
685	68600	0.00188045
686	68700	0.00188045
687	68800	0.00188045
688	68900	0.00188045
689	69000	0.00188045
690	69100	0.00188045
691	69200	0.00188045
692	69300	0.00188045
693	69400	0.00188045
694	69500	0.00188045
695	69600	0.00188045
696	69700	0.00188045
697	69800	0.00188045
698	69900	0.00188045
699	70000	0.00188045
700	70100	0.00188045
701	70200	0.00188045
702	70300	0.00188045
703	70400	0.00188045
704	70500	0.00188045
705	70600	0.00188045
706	70700	0.00188045
707	70800	0.00188045
708	70900	0.00188045
709	71000	0.00188045
710	71100	0.00188045
711	71200	0.00188045
712	71300	0.00188045
713	71400	0.00188045
714	71500	0.00188045
715	71600	0.00188045
716	71700	0.00188045
717	71800	0.00188045
718	71900	0.00188045
719	72000	0.00188045
720	72100	0.00188045
721	72200	0.00188045
722	72300	0.00188045
723	72400	0.00188045
724	72500	0.00188045
725	72600	0.00188045
726	72700	0.00188045
727	72800	0.00188045
728	72900	0.00188045
729	73000	0.00188045
730	73100	0.00188045
731	73200	0.00188045
732	73300	0.00188045
733	73400	0.00188045
734	73500	0.00188045
735	73600	0.00188045
736	73700	0.00188045
737	73800	0.00188045
738	73900	0.00188045
739	74000	0.00188045
740	74100	0.00188045
741	74200	0.00188045
742	74300	0.00188045
743	74400	0.00188045
744	74500	0.00188045
745	74600	0.00188045
746	74700	0.00188045
747	74800	0.00188045
748	74900	0.00188045
749	75000	0.00188045
750	75100	0.00188045
751	75200	0.00188045
752	75300	0.00188045
753	75400	0.00188045
754	75500	0.00188045
755	75600	0.00188045
756	75700	0.00188045
757	75800	0.00188045
758	75900	0.00188045
759	76000	0.00188045
760	76100	0.00188045
761	76200	0.00188045
762	76300	0.00188045
763	76400	0.00188045
764	76500	0.00188045
765	76600	0.00188045
766	76700	0.00188045
767	76800	0.00188045
768	76900	0.00188045
769	77000	0.00188045
770	77100	0.00188045
771	77200	0.00188045
772	77300	0.00188045
773	77400	0.00188045
774	77500	0.00188045
775	77600	0.00188045
776	77700	0.00188045
777	77800	0.00188045
778	77900	0.00158633
779	78000	0.00158633
780	78100	0.00158633
781	78200	0.00158633
782	78300	0.00158633
783	78400	0.00158633
784	78500	0.00158633
785	78600	0.00158633
786	78700	0.00158633
787	78800	0.00158633
788	78900	0.00158633
789	79000	0.00158633
790	79100	0.00158633
791	79200	0.00158633
792	79300	0.00158633
793	79400	0.00158633
794	79500	0.00158633
795	79600	0.00158633
796	79700	0.00158633
797	79800	0.00158633
798	79900	0.00158633
799	80000	0.00158633
800	80100	0.00158633
801	80200	0.00158633
802	80300	0.00158633
803	80400	0.00158633
804	80500	0.00158633
805	80600	0.00158633
806	80700	0.00158633
807	80800	0.00158633
808	80900	0.00158633
809	81000	0.00158633
810	81100	0.00158633
811	81200	0.00158633
812	81300	0.00158633
813	81400	0.00158633
814	81500	0.00158633
815	81600	0.00158633
816	81700	0.00158633
817	81800	0.00158633
818	81900	0.00158633
819	82000	0.00158633
820	82100	0.00158633
821	82200	0.00158633
822	82300	0.00158633
823	82400	0.00158633
824	82500	0.00158633
825	82600	0.00158633
826	82700	0.00158633
827	82800	0.00158633
828	82900	0.00158633
829	83000	0.00158633
830	83100	0.00158633
831	83200	0.00158633
832	83300	0.00158633
833	83400	0.00158633
834	83500	0.00158633
835	83600	0.00154851
836	83700	0.00154851
837	83800	0.00154851
838	83900	0.00154851
839	84000	0.00154851
840	84100	0.00154851
841	84200	0.00154851
842	84300	0.00154851
843	84400	0.00154851
844	84500	0.00154851
845	84600	0.00154851
846	84700	0.00154851
847	84800	0.00154851
848	84900	0.00154851
849	85000	0.00154851
850	85100	0.00154851
851	85200	0.00154851
852	85300	0.00154851
853	85400	0.00154851
854	85500	0.00154851
855	85600	0.00154851
856	85700	0.00154851
857	85800	0.00154851
858	85900	0.00154851
859	86000	0.00154851
860	86100	0.00154851
861	86200	0.00154851
862	86300	0.00150451
863	86400	0.00150451
864	86500	0.00150451
865	86600	0.00150451
866	86700	0.00150451
867	86800	0.00150451
868	86900	0.00150451
869	87000	0.00150451
870	87100	0.00150451
871	87200	0.00150451
872	87300	0.00150451
873	87400	0.00150451
874	87500	0.00150451
875	87600	0.00150451
876	87700	0.00150451
877	87800	0.00150451
878	87900	0.00150451
879	88000	0.00150451
880	88100	0.00150451
881	88200	0.00150451
882	88300	0.00150451
883	88400	0.00150451
884	88500	0.00150451
885	88600	0.00150451
886	88700	0.00150451
887	88800	0.00150451
888	88900	0.00150451
889	89000	0.00150451
890	89100	0.00150451
891	89200	0.00150451
892	89300	0.00150451
893	89400	0.00150451
894	89500	0.00150451
895	89600	0.00150451
896	89700	0.00150451
897	89800	0.00150451
898	89900	0.00150451
899	90000	0.00150451
900	90100	0.00150451
901	90200	0.00150451
902	90300	0.00150451
903	90400	0.00150451
904	90500	0.00150451
905	90600	0.00150451
906	90700	0.00150451
907	90800	0.00150451
908	90900	0.00150451
909	91000	0.00150451
910	91100	0.00150451
911	91200	0.00150451
912	91300	0.00150451
913	91400	0.00150451
914	91500	0.00150451
915	91600	0.00150451
916	91700	0.00150451
917	91800	0.00150451
918	91900	0.00150451
919	92000	0.00150451
920	92100	0.00150451
921	92200	0.00150451
922	92300	0.00150451
923	92400	0.00150451
924	92500	0.00150451
925	92600	0.00150451
926	92700	0.00150451
927	92800	0.00150451
928	92900	0.00150451
929	93000	0.00150451
930	93100	0.00150451
931	93200	0.00150451
932	93300	0.00150451
933	93400	0.00150451
934	93500	0.00150451
935	93600	0.00150451
936	93700	0.00150451
937	93800	0.00150451
938	93900	0.00150451
939	94000	0.00150451
940	94100	0.00150451
941	94200	0.00150451
942	94300	0.00150451
943	94400	0.00150451
944	94500	0.00150451
945	94600	0.00150451
946	94700	0.00150451
947	94800	0.00150451
948	94900	0.00150451
949	95000	0.00150451
950	95100	0.00150451
951	95200	0.00150451
952	95300	0.00150451
953	95400	0.00150451
954	95500	0.00150451
955	95600	0.000813755
956	95700	0.000813755
957	95800	0.000813755
958	95900	0.000813755
959	96000	0.000813755
960	96100	0.000813755
961	96200	0.000813755
962	96300	0.000813755
963	96400	0.000813755
964	96500	0.000813755
965	96600	0.000813755
966	96700	0.000813755
967	96800	0.000813755
968	96900	0.000813755
969	97000	0.000813755
970	97100	0.000813755
971	97200	0.000813755
972	97300	0.000813755
973	97400	0.000813755
974	97500	0.000813755
975	97600	0.000813755
976	97700	0.000813755
977	97800	0.000813755
978	97900	0.000813755
979	98000	0.000813755
980	98100	0.000813755
981	98200	0.000813755
982	98300	0.000813755
983	98400	0.000813755
984	98500	0.000813755
985	98600	0.000813755
986	98700	0.000813755
987	98800	0.000813755
988	98900	0.000813755
989	99000	0.000813755
990	99100	0.000813755
991	99200	0.000804714
992	99300	0.000804714
993	99400	0.000804714
994	99500	0.000804714
995	99600	0.000804714
996	99700	0.000804714
997	99800	0.000804714
998	99900	0.000804714
999	100000	0.000764417
1000	100100	0.000764417
1001	100200	0.000764417
1002	100300	0.000764417
1003	100400	0.000764417
1004	100500	0.000764417
1005	100600	0.000764417
1006	100700	0.000764417
1007	100800	0.000764417
1008	100900	0.000764417
1009	101000	0.000764417
1010	101100	0.000764417
1011	101200	0.000764417
1012	101300	0.000764417
1013	101400	0.000764417
1014	101500	0.000764417
1015	101600	0.000764417
1016	101700	0.000764417
1017	101800	0.000764417
1018	101900	0.000764417
1019	102000	0.000764417
1020	102100	0.000764417
1021	102200	0.000764417
1022	102300	0.000764417
1023	102400	0.000764417
1024	102500	0.000764417
1025	102600	0.000764417
1026	102700	0.000764417
1027	102800	0.000764417
1028	102900	0.000764417
1029	103000	0.000764417
1030	103100	0.000758743
1031	103200	0.000758743
1032	103300	0.000758743
1033	103400	0.000758743
1034	103500	0.000758743
1035	103600	0.000758743
1036	103700	0.000758743
1037	103800	0.000758743
1038	103900	0.000758743
1039	104000	0.000758743
1040	104100	0.000758743
1041	104200	0.000758743
1042	104300	0.000758743
1043	104400	0.000758743
1044	104500	0.000758743
1045	104600	0.000758743
1046	104700	0.000758743
1047	104800	0.000758743
1048	104900	0.000758743
1049	105000	0.000758743
1050	105100	0.000758743
1051	105200	0.000758743
1052	105300	0.000758743
1053	105400	0.000758743
1054	105500	0.000758743
1055	105600	0.000758743
1056	105700	0.000758743
1057	105800	0.000758743
1058	105900	0.000758743
1059	106000	0.000758743
1060	106100	0.000758743
1061	106200	0.000758743
1062	106300	0.000758743
1063	106400	0.000758743
1064	106500	0.000758743
1065	106600	0.000758743
1066	106700	0.000758743
1067	106800	0.000758743
1068	106900	0.000758743
1069	107000	0.000758743
1070	107100	0.000758743
1071	107200	0.000758743
1072	107300	0.000758743
1073	107400	0.000758743
1074	107500	0.000758743
1075	107600	0.000758743
1076	107700	0.000758743
1077	107800	0.000758743
1078	107900	0.000744703
1079	108000	0.000744703
1080	108100	0.000744703
1081	108200	0.000744703
1082	108300	0.000744703
1083	108400	0.000744703
1084	108500	0.000744703
1085	108600	0.000744703
1086	108700	0.000744703
1087	108800	0.000744703
1088	108900	0.000744703
1089	109000	0.000744703
1090	109100	0.000744703
1091	109200	0.000744703
1092	109300	0.000744703
1093	109400	0.000744703
1094	109500	0.000744703
1095	109600	0.000744703
1096	109700	0.000744703
1097	109800	0.000744703
1098	109900	0.000744703
1099	110000	0.000744703
1100	110100	0.000744703
1101	110200	0.000744703
1102	110300	0.000744703
1103	110400	0.000744703
1104	110500	0.000744703
1105	110600	0.000744703
1106	110700	0.000744703
1107	110800	0.000744703
1108	110900	0.000744703
1109	111000	0.000744703
1110	111100	0.000744703
1111	111200	0.000744703
1112	111300	0.000744703
1113	111400	0.000744703
1114	111500	0.000744703
1115	111600	0.000744703
1116	111700	0.000744703
1117	111800	0.000744703
1118	111900	0.000744703
1119	112000	0.000744703
1120	112100	0.000744703
1121	112200	0.000744703
1122	112300	0.000744703
1123	112400	0.000744703
1124	112500	0.000744703
1125	112600	0.000744703
1126	112700	0.000744703
1127	112800	0.000744703
1128	112900	0.000744703
1129	113000	0.000744703
1130	113100	0.000744703
1131	113200	0.000744703
1132	113300	0.000744703
1133	113400	0.000744703
1134	113500	0.000744703
1135	113600	0.000744703
1136	113700	0.000744703
1137	113800	0.000744703
1138	113900	0.000744703
1139	114000	0.000744703
1140	114100	0.000744703
1141	114200	0.000744703
1142	114300	0.000744703
1143	114400	0.000744703
1144	114500	0.000744703
1145	114600	0.000744703
1146	114700	0.000744703
1147	114800	0.000744703
1148	114900	0.000744703
1149	115000	0.000744703
1150	115100	0.000744703
1151	115200	0.000744703
1152	115300	0.000744703
1153	115400	0.000744703
1154	115500	0.000744703
1155	115600	0.000744703
1156	115700	0.000744703
1157	115800	0.000744703
1158	115900	0.000744703
1159	116000	0.000744703
1160	116100	0.000744703
1161	116200	0.000744703
1162	116300	0.000744703
1163	116400	0.000744703
1164	116500	0.000744703
1165	116600	0.000744703
1166	116700	0.000744703
1167	116800	0.000618439
1168	116900	0.000618439
1169	117000	0.000618439
1170	117100	0.000618439
1171	117200	0.000618439
1172	117300	0.000618439
1173	117400	0.000618439
1174	117500	0.000618439
1175	117600	0.000618439
1176	117700	0.000618439
1177	117800	0.000618439
1178	117900	0.000618439
1179	118000	0.00061224
1180	118100	0.00061224
1181	118200	0.00061224
1182	118300	0.00061224
1183	118400	0.00061224
1184	118500	0.00061224
1185	118600	0.000517046
1186	118700	0.000517046
1187	118800	0.000517046
1188	118900	0.000517046
1189	119000	0.000517046
1190	119100	0.000517046
1191	119200	0.000517046
1192	119300	0.000517046
1193	119400	0.000517046
1194	119500	0.000517046
1195	119600	0.000517046
1196	119700	0.000517046
1197	119800	0.000517046
1198	119900	0.000517046
1199	120000	0.000517046
1200	120100	0.000517046
1201	120200	0.000517046
1202	120300	0.000517046
1203	120400	0.000517046
1204	120500	0.000517046
1205	120600	0.000517046
1206	120700	0.000517046
1207	120800	0.000517046
1208	120900	0.000517046
1209	121000	0.000517046
1210	121100	0.000517046
1211	121200	0.000517046
1212	121300	0.000517046
1213	121400	0.000517046
1214	121500	0.000517046
1215	121600	0.000517046
1216	121700	0.000517046
1217	121800	0.000517046
1218	121900	0.000517046
1219	122000	0.000517046
1220	122100	0.000517046
1221	122200	0.000517046
1222	122300	0.000517046
1223	122400	0.000517046
1224	122500	0.000517046
1225	122600	0.000517046
1226	122700	0.000517046
1227	122800	0.000517046
1228	122900	0.000517046
1229	123000	0.000517046
1230	123100	0.000517046
1231	123200	0.000517046
1232	123300	0.000517046
1233	123400	0.000517046
1234	123500	0.000517046
1235	123600	0.000517046
1236	123700	0.000517046
1237	123800	0.000517046
1238	123900	0.000517046
1239	124000	0.000517046
1240	124100	0.000517046
1241	124200	0.000517046
1242	124300	0.000517046
1243	124400	0.000517046
1244	124500	0.000517046
1245	124600	0.000517046
1246	124700	0.000517046
1247	124800	0.000517046
1248	124900	0.000517046
1249	125000	0.000517046
1250	125100	0.000517046
1251	125200	0.000517046
1252	125300	0.000517046
1253	125400	0.000517046
1254	125500	0.000517046
1255	125600	0.000517046
1256	125700	0.000517046
1257	125800	0.000517046
1258	125900	0.000517046
1259	126000	0.000517046
1260	126100	0.000517046
1261	126200	0.000517046
1262	126300	0.000517046
1263	126400	0.000517046
1264	126500	0.000517046
1265	126600	0.000517046
1266	126700	0.000517046
1267	126800	0.000517046
1268	126900	0.000517046
1269	127000	0.000517046
1270	127100	0.000517046
1271	127200	0.000517046
1272	127300	0.000517046
1273	127400	0.000517046
1274	127500	0.000517046
1275	127600	0.000517046
1276	127700	0.000517046
1277	127800	0.000517046
1278	127900	0.000517046
1279	128000	0.000517046
1280	128100	0.000517046
1281	128200	0.000517046
1282	128300	0.000517046
1283	128400	0.000517046
1284	128500	0.000517046
1285	128600	0.000517046
1286	128700	0.000517046
1287	128800	0.000517046
1288	128900	0.000517046
1289	129000	0.000517046
1290	129100	0.000517046
1291	129200	0.000517046
1292	129300	0.000517046
1293	129400	0.000517046
1294	129500	0.000517046
1295	129600	0.000517046
1296	129700	0.000517046
1297	129800	0.000517046
1298	129900	0.000517046
1299	130000	0.000517046
1300	130100	0.000517046
1301	130200	0.000517046
1302	130300	0.000517046
1303	130400	0.000517046
1304	130500	0.000517046
1305	130600	0.000517046
1306	130700	0.000517046
1307	130800	0.000517046
1308	130900	0.000517046
1309	131000	0.000517046
1310	131100	0.000517046
1311	131200	0.000517046
1312	131300	0.000517046
1313	131400	0.000517046
1314	131500	0.000517046
1315	131600	0.000517046
1316	131700	0.000517046
1317	131800	0.000517046
1318	131900	0.000517046
1319	132000	0.000517046
1320	132100	0.000517046
1321	132200	0.000517046
1322	132300	0.000517046
1323	132400	0.000517046
1324	132500	0.000517046
1325	132600	0.000517046
1326	132700	0.000517046
1327	132800	0.000517046
1328	132900	0.000517046
1329	133000	0.000517046
1330	133100	0.000517046
1331	133200	0.000517046
1332	133300	0.000517046
1333	133400	0.000517046
1334	133500	0.000517046
1335	133600	0.000517046
1336	133700	0.000517046
1337	133800	0.000517046
1338	133900	0.000517046
1339	134000	0.000517046
1340	134100	0.000517046
1341	134200	0.000517046
1342	134300	0.000517046
1343	134400	0.000517046
1344	134500	0.000517046
1345	134600	0.000517046
1346	134700	0.000517046
1347	134800	0.000517046
1348	134900	0.000517046
1349	135000	0.000517046
1350	135100	0.000517046
1351	135200	0.000517046
1352	135300	0.000517046
1353	135400	0.000517046
1354	135500	0.000517046
1355	135600	0.000517046
1356	135700	0.000517046
1357	135800	0.000517046
1358	135900	0.000517046
1359	136000	0.000517046
1360	136100	0.000517046
1361	136200	0.000517046
1362	136300	0.000517046
1363	136400	0.000517046
1364	136500	0.000517046
1365	136600	0.000517046
1366	136700	0.000517046
1367	136800	0.000517046
1368	136900	0.000517046
1369	137000	0.000517046
1370	137100	0.000517046
1371	137200	0.000517046
1372	137300	0.000517046
1373	137400	0.000517046
1374	137500	0.000517046
1375	137600	0.000517046
1376	137700	0.000517046
1377	137800	0.000517046
1378	137900	0.000517046
1379	138000	0.000517046
1380	138100	0.000517046
1381	138200	0.000517046
1382	138300	0.000517046
1383	138400	0.000517046
1384	138500	0.000517046
1385	138600	0.000517046
1386	138700	0.000517046
1387	138800	0.000517046
1388	138900	0.000517046
1389	139000	0.000517046
1390	139100	0.000517046
1391	139200	0.000517046
1392	139300	0.000517046
1393	139400	0.000517046
1394	139500	0.000517046
1395	139600	0.000517046
1396	139700	0.000517046
1397	139800	0.000517046
1398	139900	0.000517046
1399	140000	0.000517046
1400	140100	0.000517046
1401	140200	0.000517046
1402	140300	0.000517046
1403	140400	0.000517046
1404	140500	0.000517046
1405	140600	0.000517046
1406	140700	0.000517046
1407	140800	0.000517046
1408	140900	0.000517046
1409	141000	0.000517046
1410	141100	0.000517046
1411	141200	0.000517046
1412	141300	0.000517046
1413	141400	0.000517046
1414	141500	0.000517046
1415	141600	0.000517046
1416	141700	0.000517046
1417	141800	0.000517046
1418	141900	0.000517046
1419	142000	0.000517046
1420	142100	0.000517046
1421	142200	0.000517046
1422	142300	0.000517046
1423	142400	0.000517046
1424	142500	0.000517046
1425	142600	0.000517046
1426	142700	0.000517046
1427	142800	0.000517046
1428	142900	0.000517046
1429	143000	0.000517046
1430	143100	0.000517046
1431	143200	0.000517046
1432	143300	0.000517046
1433	143400	0.000517046
1434	143500	0.000517046
1435	143600	0.000517046
1436	143700	0.000517046
1437	143800	0.000517046
1438	143900	0.000517046
1439	144000	0.000517046
1440	144100	0.000517046
1441	144200	0.000517046
1442	144300	0.000517046
1443	144400	0.000517046
1444	144500	0.000517046
1445	144600	0.000517046
1446	144700	0.000517046
1447	144800	0.000517046
1448	144900	0.000517046
1449	145000	0.000517046
1450	145100	0.000517046
1451	145200	0.000517046
1452	145300	0.000517046
1453	145400	0.000517046
1454	145500	0.000517046
1455	145600	0.000517046
1456	145700	0.000517046
1457	145800	0.000517046
1458	145900	0.000517046
1459	146000	0.000517046
1460	146100	0.000517046
1461	146200	0.000517046
1462	146300	0.000517046
1463	146400	0.000517046
1464	146500	0.000517046
1465	146600	0.000517046
1466	146700	0.000517046
1467	146800	0.000517046
1468	146900	0.000517046
1469	147000	0.000517046
1470	147100	0.000517046
1471	147200	0.000517046
1472	147300	0.000517046
1473	147400	0.000517046
1474	147500	0.000517046
1475	147600	0.000517046
1476	147700	0.000517046
1477	147800	0.000517046
1478	147900	0.000517046
1479	148000	0.000517046
1480	148100	0.000517046
1481	148200	0.000517046
1482	148300	0.000517046
1483	148400	0.000517046
1484	148500	0.000517046
1485	148600	0.000517046
1486	148700	0.000517046
1487	148800	0.000517046
1488	148900	0.000517046
1489	149000	0.000517046
1490	149100	0.000517046
1491	149200	0.000517046
1492	149300	0.000517046
1493	149400	0.000517046
1494	149500	0.000517046
1495	149600	0.000517046
1496	149700	0.000517046
1497	149800	0.000517046
1498	149900	0.000517046
1499	150000	0.000517046
1500	150100	0.000517046
1501	150200	0.000517046
1502	150300	0.000517046
1503	150400	0.000517046
1504	150500	0.000517046
1505	150600	0.000517046
1506	150700	0.000486623
1507	150800	0.000486623
1508	150900	0.000486623
1509	151000	0.000486623
1510	151100	0.000486623
1511	151200	0.000486623
1512	151300	0.000486623
1513	151400	0.000486623
1514	151500	0.000486623
1515	151600	0.000486623
1516	151700	0.000486623
1517	151800	0.000486623
1518	151900	0.000486623
1519	152000	0.000486623
1520	152100	0.000486623
1521	152200	0.000486623
1522	152300	0.000486623
1523	152400	0.000486623
1524	152500	0.000486623
1525	152600	0.000486623
1526	152700	0.000486623
1527	152800	0.000486623
1528	152900	0.000486623
1529	153000	0.000486623
1530	153100	0.000486623
1531	153200	0.000486623
1532	153300	0.000486623
1533	153400	0.000486623
1534	153500	0.000486623
1535	153600	0.000486623
1536	153700	0.000486623
1537	153800	0.000486623
1538	153900	0.000486623
1539	154000	0.000486623
1540	154100	0.000486623
1541	154200	0.000486623
1542	154300	0.000486623
1543	154400	0.000486623
1544	154500	0.000486623
1545	154600	0.000486623
1546	154700	0.000486623
1547	154800	0.000486623
1548	154900	0.000486623
1549	155000	0.000486623
1550	155100	0.000486623
1551	155200	0.000486623
1552	155300	0.000486623
1553	155400	0.000486623
1554	155500	0.000486623
1555	155600	0.000486623
1556	155700	0.000486623
1557	155800	0.000486623
1558	155900	0.000486623
1559	156000	0.000486623
1560	156100	0.000486623
1561	156200	0.000486623
1562	156300	0.000486623
1563	156400	0.000486623
1564	156500	0.000486623
1565	156600	0.000486623
1566	156700	0.000486623
1567	156800	0.000486623
1568	156900	0.000486623
1569	157000	0.000486623
1570	157100	0.000486623
1571	157200	0.000486623
1572	157300	0.000486623
1573	157400	0.000486623
1574	157500	0.000486623
1575	157600	0.000486623
1576	157700	0.000486623
1577	157800	0.000486623
1578	157900	0.000486623
1579	158000	0.000486623
1580	158100	0.000486623
1581	158200	0.000486623
1582	158300	0.000486623
1583	158400	0.000486623
1584	158500	0.000486623
1585	158600	0.000486623
1586	158700	0.000486623
1587	158800	0.000486623
1588	158900	0.000486623
1589	159000	0.000486623
1590	159100	0.000486623
1591	159200	0.000486623
1592	159300	0.000486623
1593	159400	0.000486623
1594	159500	0.000486623
1595	159600	0.000486623
1596	159700	0.000486623
1597	159800	0.000486623
1598	159900	0.000486623
1599	160000	0.000486623
1600	160100	0.000486623
1601	160200	0.000486623
1602	160300	0.000486623
1603	160400	0.000486623
1604	160500	0.000486623
1605	160600	0.000486623
1606	160700	0.000486623
1607	160800	0.000486623
1608	160900	0.000486623
1609	161000	0.000486623
1610	161100	0.000486623
1611	161200	0.000486623
1612	161300	0.000486623
1613	161400	0.000486623
1614	161500	0.000486623
1615	161600	0.000486623
1616	161700	0.000486623
1617	161800	0.000486623
1618	161900	0.000486623
1619	162000	0.000486623
1620	162100	0.000486623
1621	162200	0.000486623
1622	162300	0.000486623
1623	162400	0.000486623
1624	162500	0.000486623
1625	162600	0.000486623
1626	162700	0.000486623
1627	162800	0.000486623
1628	162900	0.000486623
1629	163000	0.000486623
1630	163100	0.000486623
1631	163200	0.000486623
1632	163300	0.000486623
1633	163400	0.000486623
1634	163500	0.000486623
1635	163600	0.000486623
1636	163700	0.000486623
1637	163800	0.000486623
1638	163900	0.000486623
1639	164000	0.000484662
1640	164100	0.000484662
1641	164200	0.000484662
1642	164300	0.000484662
1643	164400	0.000484662
1644	164500	0.000484662
1645	164600	0.000484662
1646	164700	0.000484662
1647	164800	0.000484662
1648	164900	0.000484662
1649	165000	0.000484662
1650	165100	0.000484662
1651	165200	0.000484662
1652	165300	0.000484662
1653	165400	0.000484662
1654	165500	0.000484662
1655	165600	0.000484662
1656	165700	0.000484662
1657	165800	0.000484662
1658	165900	0.000484662
1659	166000	0.000484662
1660	166100	0.000484662
1661	166200	0.000484662
1662	166300	0.000484662
1663	166400	0.000484662
1664	166500	0.000484662
1665	166600	0.000484662
1666	166700	0.000484662
1667	166800	0.000484662
1668	166900	0.000484662
1669	167000	0.000484662
1670	167100	0.000484662
1671	167200	0.000484662
1672	167300	0.000484662
1673	167400	0.000484662
1674	167500	0.000484662
1675	167600	0.000484662
1676	167700	0.000484662
1677	167800	0.000484662
1678	167900	0.000484662
1679	168000	0.000484662
1680	168100	0.000484662
1681	168200	0.000484662
1682	168300	0.000484662
1683	168400	0.000484662
1684	168500	0.000484662
1685	168600	0.000484662
1686	168700	0.000484662
1687	168800	0.000484662
1688	168900	0.000484662
1689	169000	0.000484662
1690	169100	0.000484662
1691	169200	0.000484662
1692	169300	0.000484662
1693	169400	0.000484662
1694	169500	0.000484662
1695	169600	0.000484662
1696	169700	0.000484662
1697	169800	0.000484662
1698	169900	0.000484662
1699	170000	0.000484662
1700	170100	0.000484662
1701	170200	0.000484662
1702	170300	0.000484662
1703	170400	0.000484662
1704	170500	0.000484662
1705	170600	0.000484662
1706	170700	0.000484662
1707	170800	0.000484662
1708	170900	0.000484662
1709	171000	0.000484662
1710	171100	0.000484662
1711	171200	0.000484662
1712	171300	0.000484662
1713	171400	0.000484662
1714	171500	0.000484662
1715	171600	0.000484662
1716	171700	0.000484662
1717	171800	0.000484662
1718	171900	0.000484662
1719	172000	0.000484662
1720	172100	0.000484662
1721	172200	0.000484662
1722	172300	0.000484662
1723	172400	0.000484662
1724	172500	0.000484662
1725	172600	0.000484662
1726	172700	0.000484662
1727	172800	0.00045726
1728	172900	0.00045726
1729	173000	0.00045726
1730	173100	0.00045726
1731	173200	0.00045726
1732	173300	0.00045726
1733	173400	0.00045726
1734	173500	0.00045726
1735	173600	0.00045726
1736	173700	0.00045726
1737	173800	0.00045726
1738	173900	0.00045726
1739	174000	0.00045726
1740	174100	0.00045726
1741	174200	0.00045726
1742	174300	0.00045726
1743	174400	0.00045726
1744	174500	0.00045726
1745	174600	0.00045726
1746	174700	0.00045726
1747	174800	0.00045726
1748	174900	0.00045726
1749	175000	0.00045726
1750	175100	0.00045726
1751	175200	0.00045726
1752	175300	0.00045726
1753	175400	0.00045726
1754	175500	0.00045726
1755	175600	0.00045726
1756	175700	0.00045726
1757	175800	0.00045726
1758	175900	0.00045726
1759	176000	0.00045726
1760	176100	0.00045726
1761	176200	0.00045726
1762	176300	0.00045726
1763	176400	0.00045726
1764	176500	0.00045726
1765	176600	0.00045726
1766	176700	0.00045726
1767	176800	0.00045726
1768	176900	0.00045726
1769	177000	0.00045726
1770	177100	0.00045726
1771	177200	0.00045726
1772	177300	0.00045726
1773	177400	0.00045726
1774	177500	0.00045726
1775	177600	0.000274262
1776	177700	0.000274262
1777	177800	0.000274262
1778	177900	0.000274262
1779	178000	0.000274262
1780	178100	0.000274262
1781	178200	0.000274262
1782	178300	0.000274262
1783	178400	0.000274262
1784	178500	0.000274262
1785	178600	0.000274262
1786	178700	0.000274262
1787	178800	0.000274262
1788	178900	0.000274262
1789	179000	0.000274262
1790	179100	0.000274262
1791	179200	0.000274262
1792	179300	0.000274262
1793	179400	0.000274262
1794	179500	0.000274262
1795	179600	0.000274262
1796	179700	0.000274262
1797	179800	0.000274262
1798	179900	0.000274262
1799	180000	0.000274262
1800	180100	0.000274262
1801	180200	0.000274262
1802	180300	0.000274262
1803	180400	0.000274262
1804	180500	0.000274262
1805	180600	0.000274262
1806	180700	0.000274262
1807	180800	0.000274262
1808	180900	0.000274262
1809	181000	0.000274262
1810	181100	0.000274262
1811	181200	0.000274262
1812	181300	0.000274262
1813	181400	0.000274262
1814	181500	0.000274262
1815	181600	0.000274262
1816	181700	0.000274262
1817	181800	0.000274262
1818	181900	0.000274262
1819	182000	0.000274262
1820	182100	0.000274262
1821	182200	0.000274262
1822	182300	0.000274262
1823	182400	0.000274262
1824	182500	0.000274262
1825	182600	0.000274262
1826	182700	0.000274262
1827	182800	0.000274262
1828	182900	0.000274262
1829	183000	0.000274262
1830	183100	0.000274262
1831	183200	0.000274262
1832	183300	0.000274262
1833	183400	0.000274262
1834	183500	0.000274262
1835	183600	0.000274262
1836	183700	0.000274262
1837	183800	0.000270907
1838	183900	0.000270907
1839	184000	0.000270907
1840	184100	0.000270907
1841	184200	0.000270907
1842	184300	0.000270907
1843	184400	0.000270907
1844	184500	0.000270907
1845	184600	0.000270907
1846	184700	0.000270907
1847	184800	0.000270907
1848	184900	0.000270907
1849	185000	0.000270907
1850	185100	0.000270907
1851	185200	0.000270907
1852	185300	0.000270907
1853	185400	0.000270907
1854	185500	0.000270907
1855	185600	0.000270907
1856	185700	0.000270907
1857	185800	0.000270907
1858	185900	0.000270907
1859	186000	0.000270907
1860	186100	0.000270907
1861	186200	0.000270907
1862	186300	0.000270907
1863	186400	0.000270907
1864	186500	0.000270907
1865	186600	0.000270907
1866	186700	0.000270907
1867	186800	0.000270907
1868	186900	0.000270907
1869	187000	0.000270907
1870	187100	0.000270907
1871	187200	0.000270907
1872	187300	0.000270907
1873	187400	0.000270907
1874	187500	0.000270907
1875	187600	0.000270907
1876	187700	0.000270907
1877	187800	0.000270907
1878	187900	0.000270907
1879	188000	0.000270907
1880	188100	0.000270907
1881	188200	0.000270907
1882	188300	0.000270907
1883	188400	0.000270907
1884	188500	0.000270907
1885	188600	0.000270907
1886	188700	0.000270907
1887	188800	0.000270907
1888	188900	0.000270907
1889	189000	0.000270907
1890	189100	0.000270907
1891	189200	0.000270907
1892	189300	0.000270907
1893	189400	0.000270907
1894	189500	0.000270907
1895	189600	0.000270907
1896	189700	0.000270907
1897	189800	0.000270907
1898	189900	0.000270907
1899	190000	0.000270907
1900	190100	0.000270907
1901	190200	0.000270907
1902	190300	0.000266611
1903	190400	0.000266611
1904	190500	0.000266611
1905	190600	0.000266611
1906	190700	0.000266611
1907	190800	0.000266611
1908	190900	0.000266611
1909	191000	0.000266611
1910	191100	0.000266611
1911	191200	0.000266611
1912	191300	0.000266611
1913	191400	0.000266611
1914	191500	0.000266611
1915	191600	0.000266611
1916	191700	0.000266611
1917	191800	0.000266611
1918	191900	0.000266611
1919	192000	0.000266611
1920	192100	0.000266611
1921	192200	0.000266611
1922	192300	0.000266611
1923	192400	0.000266611
1924	192500	0.000266611
1925	192600	0.000266611
1926	192700	0.000266611
1927	192800	0.000266611
1928	192900	0.000266611
1929	193000	0.000266611
1930	193100	0.000266611
1931	193200	0.000266611
1932	193300	0.000266611
1933	193400	0.000266611
1934	193500	0.000266611
1935	193600	0.000266611
1936	193700	0.000266611
1937	193800	0.000266611
1938	193900	0.000266611
1939	194000	0.000266611
1940	194100	0.000266611
1941	194200	0.000266611
1942	194300	0.000266611
1943	194400	0.000266611
1944	194500	0.000266611
1945	194600	0.000266611
1946	194700	0.000266611
1947	194800	0.000266611
1948	194900	0.000266611
1949	195000	0.000266611
1950	195100	0.000266611
1951	195200	0.000266611
1952	195300	0.000266611
1953	195400	0.000266611
1954	195500	0.000266611
1955	195600	0.000266611
1956	195700	0.000266611
1957	195800	0.000266611
1958	195900	0.000266611
1959	196000	0.000266611
1960	196100	0.000266611
1961	196200	0.000266611
1962	196300	0.000266611
1963	196400	0.000266611
1964	196500	0.000266611
1965	196600	0.000266611
1966	196700	0.000266611
1967	196800	0.000266611
1968	196900	0.000266611
1969	197000	0.000266611
1970	197100	0.000266611
1971	197200	0.000266611
1972	197300	0.000266611
1973	197400	0.000266611
1974	197500	0.000266611
1975	197600	0.000266611
1976	197700	0.000266611
1977	197800	0.000266611
1978	197900	0.000266611
1979	198000	0.000266611
1980	198100	0.000266611
1981	198200	0.000266611
1982	198300	0.000266611
1983	198400	0.000266611
1984	198500	0.000266611
1985	198600	0.000266611
1986	198700	0.000266611
1987	198800	0.000266611
1988	198900	0.000266611
1989	199000	0.000266611
1990	199100	0.000266611
1991	199200	0.000266611
1992	199300	0.000266611
1993	199400	0.000266611
1994	199500	0.000266611
1995	199600	0.000266611
1996	199700	0.000266611
1997	199800	0.000266611
1998	199900	0.000266611
1999	200000	0.000266611
2000	200100	0.000266611
