1	200	319.75
2	300	155.131
3	400	135.238
4	500	99.5205
5	600	61.4618
6	700	50.5444
7	800	49.8314
8	900	36.2464
9	1000	25.3616
10	1100	19.7485
11	1200	14.8645
12	1300	13.9668
13	1400	7.79161
14	1500	6.89395
15	1600	6.86653
16	1700	6.57673
17	1800	6.47513
18	1900	5.97386
19	2000	5.65664
20	2100	5.62594
21	2200	5.51684
22	2300	4.89973
23	2400	4.86902
24	2500	4.86902
25	2600	4.56403
26	2700	4.56403
27	2800	4.56403
28	2900	4.56403
29	3000	3.78858
30	3100	3.75167
31	3200	3.51094
32	3300	1.99297
33	3400	1.75225
34	3500	1.58856
35	3600	1.58856
36	3700	1.58856
37	3800	1.57049
38	3900	1.5253
39	4000	1.47837
40	4100	1.47837
41	4200	1.18454
42	4300	1.15568
43	4400	1.15568
44	4500	1.15568
45	4600	1.14957
46	4700	1.0202
47	4800	1.01409
48	4900	1.01409
49	5000	1.01409
50	5100	0.987571
51	5200	0.987571
52	5300	0.987571
53	5400	0.987571
54	5500	0.987571
55	5600	0.558191
56	5700	0.558191
57	5800	0.558191
58	5900	0.558191
59	6000	0.558191
60	6100	0.443157
61	6200	0.443157
62	6300	0.443157
63	6400	0.327468
64	6500	0.327468
65	6600	0.246933
66	6700	0.246933
67	6800	0.246933
68	6900	0.246933
69	7000	0.246933
70	7100	0.246933
71	7200	0.246933
72	7300	0.22362
73	7400	0.22362
74	7500	0.212559
75	7600	0.212559
76	7700	0.210114
77	7800	0.210114
78	7900	0.210114
79	8000	0.210114
80	8100	0.183794
81	8200	0.183794
82	8300	0.183794
83	8400	0.183794
84	8500	0.183794
85	8600	0.18122
86	8700	0.18122
87	8800	0.18122
88	8900	0.18122
89	9000	0.18122
90	9100	0.18122
91	9200	0.18122
92	9300	0.18122
93	9400	0.18122
94	9500	0.18122
95	9600	0.18122
96	9700	0.18122
97	9800	0.18122
98	9900	0.18122
99	10000	0.18122
100	10100	0.18122
101	10200	0.18122
102	10300	0.154508
103	10400	0.154508
104	10500	0.154508
105	10600	0.154508
106	10700	0.154508
107	10800	0.154508
108	10900	0.154508
109	11000	0.154508
110	11100	0.0749702
111	11200	0.0602579
112	11300	0.0602579
113	11400	0.0602579
114	11500	0.0602579
115	11600	0.0602579
116	11700	0.0602579
117	11800	0.0602579
118	11900	0.0602579
119	12000	0.0602579
120	12100	0.0602579
121	12200	0.0588936
122	12300	0.0588936
123	12400	0.0588936
124	12500	0.0588936
125	12600	0.0588936
126	12700	0.0588936
127	12800	0.0588936
128	12900	0.0581488
129	13000	0.0581488
130	13100	0.0581488
131	13200	0.0581488
132	13300	0.0581488
133	13400	0.0581488
134	13500	0.0575479
135	13600	0.0575479
136	13700	0.0575479
137	13800	0.0575479
138	13900	0.0575479
139	14000	0.0575479
140	14100	0.0575479
141	14200	0.0575479
142	14300	0.0575479
143	14400	0.0575479
144	14500	0.0575479
145	14600	0.0575479
146	14700	0.0575479
147	14800	0.0575479
148	14900	0.0574956
149	15000	0.0574956
150	15100	0.0574956
151	15200	0.0574956
152	15300	0.0574956
153	15400	0.0574956
154	15500	0.0574956
155	15600	0.0574956
156	15700	0.0574956
157	15800	0.0574956
158	15900	0.0572449
159	16000	0.0572449
160	16100	0.0572449
161	16200	0.0572449
162	16300	0.0572449
163	16400	0.0572449
164	16500	0.0572449
165	16600	0.0572449
166	16700	0.0572449
167	16800	0.0572449
168	16900	0.0572449
169	17000	0.0572449
170	17100	0.0572449
171	17200	0.0572449
172	17300	0.0572449
173	17400	0.0572449
174	17500	0.0572449
175	17600	0.0572449
176	17700	0.0572449
177	17800	0.0572449
178	17900	0.0572449
179	18000	0.0572449
180	18100	0.0572449
181	18200	0.0572449
182	18300	0.0572449
183	18400	0.0572449
184	18500	0.025502
185	18600	0.025502
186	18700	0.025502
187	18800	0.0246798
188	18900	0.0246798
189	19000	0.0246798
190	19100	0.0246798
191	19200	0.0246798
192	19300	0.0246798
193	19400	0.0246798
194	19500	0.0246798
195	19600	0.0246798
196	19700	0.0246798
197	19800	0.0246798
198	19900	0.0246798
199	20000	0.0246798
200	20100	0.0246798
201	20200	0.0246798
202	20300	0.0246798
203	20400	0.0246798
204	20500	0.0246798
205	20600	0.0246798
206	20700	0.0246798
207	20800	0.0246798
208	20900	0.0246798
209	21000	0.0246798
210	21100	0.0246798
211	21200	0.0246798
212	21300	0.0246798
213	21400	0.0246798
214	21500	0.0246798
215	21600	0.0246798
216	21700	0.0246798
217	21800	0.0246798
218	21900	0.0246798
219	22000	0.0246798
220	22100	0.0246798
221	22200	0.0246798
222	22300	0.0246798
223	22400	0.0246798
224	22500	0.0246798
225	22600	0.0246798
226	22700	0.0246798
227	22800	0.0246798
228	22900	0.0246798
229	23000	0.0246798
230	23100	0.0246798
231	23200	0.0246798
232	23300	0.0246798
233	23400	0.0246798
234	23500	0.0246798
235	23600	0.0246798
236	23700	0.0194177
237	23800	0.0194177
238	23900	0.0194177
239	24000	0.0194177
240	24100	0.0194177
241	24200	0.0194177
242	24300	0.0194177
243	24400	0.0193619
244	24500	0.0193619
245	24600	0.0193619
246	24700	0.0193619
247	24800	0.0193619
248	24900	0.0193619
249	25000	0.0193619
250	25100	0.0193619
251	25200	0.0193619
252	25300	0.0193619
253	25400	0.0193619
254	25500	0.0193619
255	25600	0.0193619
256	25700	0.0193619
257	25800	0.0193619
258	25900	0.0193619
259	26000	0.0193619
260	26100	0.0193619
261	26200	0.0193619
262	26300	0.0193619
263	26400	0.0193619
264	26500	0.0193619
265	26600	0.0193619
266	26700	0.0193619
267	26800	0.0193619
268	26900	0.0193619
269	27000	0.0193619
270	27100	0.0193619
271	27200	0.0193619
272	27300	0.0193619
273	27400	0.0193619
274	27500	0.0193619
275	27600	0.0193619
276	27700	0.0193619
277	27800	0.0193619
278	27900	0.0193619
279	28000	0.0193619
280	28100	0.0193619
281	28200	0.0193619
282	28300	0.0193619
283	28400	0.0193619
284	28500	0.0193619
285	28600	0.0193619
286	28700	0.0193619
287	28800	0.0193619
288	28900	0.0193619
289	29000	0.0193619
290	29100	0.0193619
291	29200	0.0193619
292	29300	0.0193619
293	29400	0.0193619
294	29500	0.0193619
295	29600	0.0193619
296	29700	0.0193619
297	29800	0.0193619
298	29900	0.0193619
299	30000	0.0193619
300	30100	0.0193619
301	30200	0.0193619
302	30300	0.0193619
303	30400	0.0193619
304	30500	0.0193619
305	30600	0.0193619
306	30700	0.0193619
307	30800	0.0193619
308	30900	0.0193619
309	31000	0.0193619
310	31100	0.0193619
311	31200	0.0193619
312	31300	0.0193619
313	31400	0.0193619
314	31500	0.0193619
315	31600	0.0193619
316	31700	0.0193619
317	31800	0.0193619
318	31900	0.0193619
319	32000	0.0193619
320	32100	0.0193619
321	32200	0.0193619
322	32300	0.0193619
323	32400	0.0193619
324	32500	0.0193619
325	32600	0.0193619
326	32700	0.0193619
327	32800	0.0193619
328	32900	0.0193619
329	33000	0.0193619
330	33100	0.0193619
331	33200	0.0193619
332	33300	0.0193619
333	33400	0.0193619
334	33500	0.0193619
335	33600	0.0193619
336	33700	0.0123999
337	33800	0.0123999
338	33900	0.0123999
339	34000	0.0123999
340	34100	0.0123999
341	34200	0.0123999
342	34300	0.0123999
343	34400	0.0123999
344	34500	0.0123999
345	34600	0.0123999
346	34700	0.0123999
347	34800	0.0123999
348	34900	0.0123999
349	35000	0.0123999
350	35100	0.0123999
351	35200	0.0123999
352	35300	0.0123999
353	35400	0.0123999
354	35500	0.0123999
355	35600	0.0123999
356	35700	0.0123999
357	35800	0.0123999
358	35900	0.0123999
359	36000	0.0123999
360	36100	0.0123999
361	36200	0.0123999
362	36300	0.0123999
363	36400	0.0123999
364	36500	0.0123999
365	36600	0.0123999
366	36700	0.0123999
367	36800	0.0123999
368	36900	0.00598501
369	37000	0.00598501
370	37100	0.00598501
371	37200	0.00598501
372	37300	0.00598501
373	37400	0.00598501
374	37500	0.00598501
375	37600	0.00598501
376	37700	0.00598501
377	37800	0.00598501
378	37900	0.00598501
379	38000	0.00598501
380	38100	0.00598501
381	38200	0.00598501
382	38300	0.00598501
383	38400	0.00598501
384	38500	0.00598501
385	38600	0.00598501
386	38700	0.00598501
387	38800	0.00598501
388	38900	0.00598501
389	39000	0.00598501
390	39100	0.00598501
391	39200	0.00598501
392	39300	0.00598501
393	39400	0.00598501
394	39500	0.00598501
395	39600	0.00598501
396	39700	0.00598501
397	39800	0.00598501
398	39900	0.00598501
399	40000	0.00598501
400	40100	0.00598501
401	40200	0.00598501
402	40300	0.00598501
403	40400	0.00598501
404	40500	0.00598501
405	40600	0.00598501
406	40700	0.00598501
407	40800	0.00460168
408	40900	0.00460168
409	41000	0.00460168
410	41100	0.00460168
411	41200	0.00460168
412	41300	0.00460168
413	41400	0.00460168
414	41500	0.00460168
415	41600	0.00460168
416	41700	0.00460168
417	41800	0.00460168
418	41900	0.00460168
419	42000	0.00460168
420	42100	0.00460168
421	42200	0.00460168
422	42300	0.00460168
423	42400	0.00460168
424	42500	0.00460168
425	42600	0.00460168
426	42700	0.00460168
427	42800	0.00460168
428	42900	0.00460168
429	43000	0.00460168
430	43100	0.00460168
431	43200	0.00460168
432	43300	0.00460168
433	43400	0.00460168
434	43500	0.00460168
435	43600	0.00460168
436	43700	0.00460168
437	43800	0.00460168
438	43900	0.00460168
439	44000	0.00460168
440	44100	0.00460168
441	44200	0.00460168
442	44300	0.00460168
443	44400	0.00460168
444	44500	0.00460168
445	44600	0.00460168
446	44700	0.00460168
447	44800	0.00419455
448	44900	0.00419455
449	45000	0.00419455
450	45100	0.00365626
451	45200	0.00324913
452	45300	0.00324913
453	45400	0.00324913
454	45500	0.00324913
455	45600	0.00324913
456	45700	0.00324913
457	45800	0.00324913
458	45900	0.00324913
459	46000	0.00324913
460	46100	0.00324913
461	46200	0.00324913
462	46300	0.00324913
463	46400	0.00324913
464	46500	0.00324913
465	46600	0.00324913
466	46700	0.00324913
467	46800	0.00324913
468	46900	0.00324913
469	47000	0.00324913
470	47100	0.00324913
471	47200	0.00324913
472	47300	0.00324913
473	47400	0.00324913
474	47500	0.00324913
475	47600	0.00324913
476	47700	0.00324913
477	47800	0.00324913
478	47900	0.00324913
479	48000	0.00324913
480	48100	0.00324913
481	48200	0.00324913
482	48300	0.00324913
483	48400	0.00324913
484	48500	0.000713801
485	48600	0.000713801
486	48700	0.000713801
487	48800	0.000713801
488	48900	0.000713801
489	49000	0.000713801
490	49100	0.000713801
491	49200	0.000713801
492	49300	0.000713801
493	49400	0.000713801
494	49500	0.000713801
495	49600	0.000713801
496	49700	0.000713801
497	49800	0.000713801
498	49900	0.000713801
499	50000	0.000713801
500	50100	0.000713801
501	50200	0.000713801
502	50300	0.000713801
503	50400	0.000713801
504	50500	0.000713801
505	50600	0.000713801
506	50700	0.000713801
507	50800	0.000713801
508	50900	0.000713801
509	51000	0.000713801
510	51100	0.000713801
511	51200	0.000713801
512	51300	0.000713801
513	51400	0.000713801
514	51500	0.000713801
515	51600	0.000713801
516	51700	0.000713801
517	51800	0.000713801
518	51900	0.000713801
519	52000	0.000713801
520	52100	0.000713801
521	52200	0.000713801
522	52300	0.000713801
523	52400	0.000713801
524	52500	0.000713801
525	52600	0.000713801
526	52700	0.000713801
527	52800	0.000713801
528	52900	0.000713801
529	53000	0.000713801
530	53100	0.000713801
531	53200	0.000713801
532	53300	0.000713801
533	53400	0.000713801
534	53500	0.000713801
535	53600	0.000707165
536	53700	0.000707165
537	53800	0.000707165
538	53900	0.000707165
539	54000	0.000707165
540	54100	0.000707165
541	54200	0.000707165
542	54300	0.000691636
543	54400	0.000691636
544	54500	0.000691636
545	54600	0.000691636
546	54700	0.000691636
547	54800	0.000691636
548	54900	0.000691636
549	55000	0.000691636
550	55100	0.000683151
551	55200	0.000683151
552	55300	0.000683151
553	55400	0.000683151
554	55500	0.000683151
555	55600	0.000683151
556	55700	0.000683151
557	55800	0.000683151
558	55900	0.000683151
559	56000	0.000683151
560	56100	0.000683151
561	56200	0.000683151
562	56300	0.000683151
563	56400	0.000683151
564	56500	0.000683151
565	56600	0.000683151
566	56700	0.000683151
567	56800	0.000683151
568	56900	0.000683151
569	57000	0.000683151
570	57100	0.000683151
571	57200	0.000683151
572	57300	0.000683151
573	57400	0.000683151
574	57500	0.000683151
575	57600	0.000683151
576	57700	0.000683151
577	57800	0.000683151
578	57900	0.000683151
579	58000	0.000683151
580	58100	0.000683151
581	58200	0.000683151
582	58300	0.000683151
583	58400	0.000683151
584	58500	0.000683151
585	58600	0.000683151
586	58700	0.000683151
587	58800	0.000683151
588	58900	0.000683151
589	59000	0.000683151
590	59100	0.000683151
591	59200	0.000683151
592	59300	0.000683151
593	59400	0.000683151
594	59500	0.000683151
595	59600	0.000683151
596	59700	0.000683151
597	59800	0.000683151
598	59900	0.000683151
599	60000	0.000683151
600	60100	0.000683151
601	60200	0.000683151
602	60300	0.000683151
603	60400	0.000683151
604	60500	0.000683151
605	60600	0.000683151
606	60700	0.000683151
607	60800	0.000683151
608	60900	0.000683151
609	61000	0.000683151
610	61100	0.000683151
611	61200	0.000683151
612	61300	0.000683151
613	61400	0.000683151
614	61500	0.000683151
615	61600	0.000683151
616	61700	0.000683151
617	61800	0.000683151
618	61900	0.000683151
619	62000	0.000683151
620	62100	0.000683151
621	62200	0.000683151
622	62300	0.000683151
623	62400	0.000683151
624	62500	0.000683151
625	62600	0.000683151
626	62700	0.000683151
627	62800	0.000683151
628	62900	0.000683151
629	63000	0.000683151
630	63100	0.000683151
631	63200	0.000683151
632	63300	0.000683151
633	63400	0.000683151
634	63500	0.000683151
635	63600	0.000683151
636	63700	0.000683151
637	63800	0.000683151
638	63900	0.000683151
639	64000	0.000683151
640	64100	0.000668654
641	64200	0.000668654
642	64300	0.000668654
643	64400	0.000668654
644	64500	0.000668654
645	64600	0.00013331
646	64700	0.00013331
647	64800	0.00013331
648	64900	0.00013331
649	65000	0.00013331
650	65100	0.00013331
651	65200	0.00013331
652	65300	0.00013331
653	65400	0.00013331
654	65500	0.00013331
655	65600	0.00013331
656	65700	0.00013331
657	65800	0.00013331
658	65900	0.00013331
659	66000	0.00013331
660	66100	0.00013331
661	66200	0.00013331
662	66300	0.00013331
663	66400	0.00013331
664	66500	0.00013331
665	66600	0.00013331
666	66700	0.00013331
667	66800	0.00013331
668	66900	0.00013331
669	67000	0.00013331
670	67100	0.00013331
671	67200	0.00013331
672	67300	0.00013331
673	67400	0.00013331
674	67500	0.00013331
675	67600	0.00013331
676	67700	0.00013331
677	67800	0.00013331
678	67900	0.00013331
679	68000	0.00013331
680	68100	0.00013331
681	68200	0.00013331
682	68300	0.00013331
683	68400	0.00013331
684	68500	0.00013331
685	68600	0.00013331
686	68700	0.00013331
687	68800	0.00013331
688	68900	0.00013331
689	69000	0.00013331
690	69100	0.00013331
691	69200	0.00013331
692	69300	0.00013331
693	69400	0.00013331
694	69500	0.00013331
695	69600	0.00013331
696	69700	0.00013331
697	69800	0.00013331
698	69900	0.00013331
699	70000	0.00013331
700	70100	0.00013331
701	70200	0.00013331
702	70300	0.00013331
703	70400	0.00013331
704	70500	0.00013331
705	70600	0.00013331
706	70700	0.00013331
707	70800	0.00013331
708	70900	0.00013331
709	71000	0.00013331
710	71100	0.00013331
711	71200	0.00013331
712	71300	0.00013331
713	71400	0.00013331
714	71500	0.00013331
715	71600	0.00013331
716	71700	0.00013331
717	71800	0.00013331
718	71900	0.00013331
719	72000	0.00013331
720	72100	0.00013331
721	72200	0.00013331
722	72300	0.00013331
723	72400	0.00013331
724	72500	0.00013331
725	72600	0.00013331
726	72700	0.00013331
727	72800	0.00013331
728	72900	0.00013331
729	73000	0.00013331
730	73100	0.00013331
731	73200	0.00013331
732	73300	0.00013331
733	73400	0.000112149
734	73500	0.000112149
735	73600	0.000112149
736	73700	0.000112149
737	73800	0.000112149
738	73900	0.000112149
739	74000	0.000112149
740	74100	0.000112149
741	74200	0.000112149
742	74300	0.000112149
743	74400	0.000112149
744	74500	0.000112149
745	74600	0.000112149
746	74700	0.000112149
747	74800	0.000112149
748	74900	0.000112149
749	75000	0.000112149
750	75100	0.000112149
751	75200	0.000112149
752	75300	0.000112149
753	75400	0.000112149
754	75500	0.000112149
755	75600	0.000112149
756	75700	0.000112149
757	75800	0.000112149
758	75900	0.000112149
759	76000	0.000112149
760	76100	0.000112149
761	76200	0.000112149
762	76300	0.000112149
763	76400	0.000112149
764	76500	0.000112149
765	76600	0.000112149
766	76700	0.000112149
767	76800	0.000112149
768	76900	0.000112149
769	77000	0.000112149
770	77100	0.000112149
771	77200	0.000112149
772	77300	0.000112149
773	77400	0.000112149
774	77500	0.000112149
775	77600	0.000112149
776	77700	0.000112149
777	77800	0.000112149
778	77900	0.000112149
779	78000	0.000112149
780	78100	0.000112149
781	78200	0.000112149
782	78300	0.000112149
783	78400	0.000112149
784	78500	0.000112149
785	78600	0.000112149
786	78700	0.000112149
787	78800	0.000112149
788	78900	0.000112149
789	79000	0.000112149
790	79100	0.000112149
791	79200	0.000112149
792	79300	0.000112149
793	79400	0.000112149
794	79500	0.000112149
795	79600	0.000112149
796	79700	0.000112149
797	79800	0.000112149
798	79900	0.000112149
799	80000	0.000112149
800	80100	0.000112149
801	80200	0.000112149
802	80300	0.000112149
803	80400	0.000112149
804	80500	0.000112149
805	80600	0.000112149
806	80700	0.000112149
807	80800	0.000112149
808	80900	0.000112149
809	81000	0.000112149
810	81100	0.000112149
811	81200	0.000112149
812	81300	0.000112149
813	81400	0.000112149
814	81500	0.000112149
815	81600	0.000112149
816	81700	0.000112149
817	81800	0.000112149
818	81900	0.000112149
819	82000	0.000112149
820	82100	0.000112149
821	82200	0.000112149
822	82300	0.000112149
823	82400	0.000112149
824	82500	0.000112149
825	82600	0.000112149
826	82700	0.000112149
827	82800	0.000112149
828	82900	0.000112149
829	83000	0.000112149
830	83100	0.000112149
831	83200	0.000112149
832	83300	0.000112149
833	83400	0.000112149
834	83500	0.000112149
835	83600	0.000112149
836	83700	0.000112149
837	83800	0.000112149
838	83900	0.000112149
839	84000	0.000112149
840	84100	0.000112149
841	84200	0.000112149
842	84300	0.000112149
843	84400	0.000112149
844	84500	0.000112149
845	84600	0.000112149
846	84700	0.000112149
847	84800	0.000112149
848	84900	0.000112149
849	85000	0.000112149
850	85100	0.000112149
851	85200	0.000112149
852	85300	0.000112149
853	85400	0.000112149
854	85500	0.000112149
855	85600	0.000112149
856	85700	0.000112149
857	85800	0.000112149
858	85900	0.000112149
859	86000	0.000112149
860	86100	0.000112149
861	86200	0.000112149
862	86300	0.000112149
863	86400	0.000112149
864	86500	0.000112149
865	86600	0.000112149
866	86700	0.000112149
867	86800	0.000112149
868	86900	0.000112149
869	87000	0.000112149
870	87100	0.000112149
871	87200	0.000112149
872	87300	0.000112149
873	87400	0.000112149
874	87500	0.000112149
875	87600	0.000112149
876	87700	0.000112149
877	87800	0.000112149
878	87900	0.000112149
879	88000	0.000112149
880	88100	0.000112149
881	88200	0.000112149
882	88300	0.000112149
883	88400	0.000112149
884	88500	0.000112149
885	88600	0.000112149
886	88700	0.000112149
887	88800	0.000112149
888	88900	0.000112149
889	89000	0.000112149
890	89100	0.000112149
891	89200	0.000112149
892	89300	0.000112149
893	89400	0.000112149
894	89500	0.000112149
895	89600	0.000112149
896	89700	0.000112149
897	89800	0.000112149
898	89900	0.000112149
899	90000	0.000112149
900	90100	0.000112149
901	90200	0.000112149
902	90300	0.000112149
903	90400	0.000112149
904	90500	0.000112149
905	90600	0.000112149
906	90700	0.000112149
907	90800	0.000112149
908	90900	0.000112149
909	91000	0.000112149
910	91100	0.000112149
911	91200	0.000112149
912	91300	0.000112149
913	91400	0.000112149
914	91500	0.000112149
915	91600	0.000112149
916	91700	0.000112149
917	91800	0.000112149
918	91900	0.000112149
919	92000	0.000112149
920	92100	0.000112149
921	92200	0.000112149
922	92300	0.000112149
923	92400	0.000112149
924	92500	0.000112149
925	92600	0.000112149
926	92700	0.000112149
927	92800	0.000112149
928	92900	0.000112149
929	93000	0.000112149
930	93100	0.000112149
931	93200	0.000112149
932	93300	0.000112149
933	93400	0.000112149
934	93500	0.000112149
935	93600	0.000112149
936	93700	0.000112149
937	93800	0.000112149
938	93900	0.000112149
939	94000	0.000112149
940	94100	0.000112149
941	94200	0.000112149
942	94300	0.000112149
943	94400	0.000112149
944	94500	0.000112149
945	94600	0.000112149
946	94700	0.000112149
947	94800	0.000112149
948	94900	0.000112149
949	95000	0.000112149
950	95100	0.000112149
951	95200	0.000112149
952	95300	0.000112149
953	95400	0.000112149
954	95500	0.000112149
955	95600	0.000112149
956	95700	0.000112149
957	95800	0.000112149
958	95900	0.000112149
959	96000	0.000112149
960	96100	0.000112149
961	96200	0.000112149
962	96300	0.000112149
963	96400	0.000112149
964	96500	0.000112149
965	96600	0.000112149
966	96700	0.000112149
967	96800	0.000112149
968	96900	0.000112149
969	97000	0.000112149
970	97100	0.000112149
971	97200	0.000112149
972	97300	0.000112149
973	97400	0.000112149
974	97500	0.000112149
975	97600	0.000112149
976	97700	0.000112149
977	97800	0.000112149
978	97900	0.000112149
979	98000	0.000112149
980	98100	0.000112149
981	98200	0.000112149
982	98300	0.000112149
983	98400	0.000112149
984	98500	0.000112149
985	98600	0.000112149
986	98700	0.000112149
987	98800	0.000112149
988	98900	0.000112149
989	99000	0.000112149
990	99100	0.000112149
991	99200	0.000112149
992	99300	0.000112149
993	99400	0.000112149
994	99500	0.000112149
995	99600	0.000112149
996	99700	0.000112149
997	99800	0.000112149
998	99900	0.000112149
999	100000	0.000112149
1000	100100	0.000112149
1001	100200	0.000112149
1002	100300	0.000112149
1003	100400	0.000112149
1004	100500	0.000112149
1005	100600	0.000112149
1006	100700	0.000112149
1007	100800	0.000112149
1008	100900	0.000112149
1009	101000	0.000112149
1010	101100	0.000112149
1011	101200	0.000112149
1012	101300	0.000112149
1013	101400	0.000112149
1014	101500	0.000112149
1015	101600	0.000112149
1016	101700	0.000112149
1017	101800	0.000112149
1018	101900	0.000112149
1019	102000	0.000112149
1020	102100	0.000112149
1021	102200	0.000112149
1022	102300	0.000112149
1023	102400	0.000112149
1024	102500	0.000112149
1025	102600	0.000112149
1026	102700	0.000112149
1027	102800	0.000112149
1028	102900	0.000112149
1029	103000	0.000112149
1030	103100	0.000112149
1031	103200	0.000112149
1032	103300	0.000112149
1033	103400	0.000112149
1034	103500	0.000112149
1035	103600	0.000112149
1036	103700	0.000112149
1037	103800	0.000112149
1038	103900	0.000112149
1039	104000	0.000112149
1040	104100	0.000112149
1041	104200	0.000112149
1042	104300	0.000112149
1043	104400	0.000112149
1044	104500	0.000112149
1045	104600	0.000112149
1046	104700	0.000112149
1047	104800	0.000112149
1048	104900	0.000112149
1049	105000	0.000112149
1050	105100	0.000112149
1051	105200	0.000112149
1052	105300	0.000112149
1053	105400	0.000112149
1054	105500	0.000112149
1055	105600	0.000112149
1056	105700	0.000112149
1057	105800	0.000112149
1058	105900	0.000112149
1059	106000	0.000112149
1060	106100	0.000112149
1061	106200	0.000112149
1062	106300	0.000112149
1063	106400	0.000112149
1064	106500	0.000112149
1065	106600	0.000112149
1066	106700	0.000112149
1067	106800	0.000112149
1068	106900	0.000112149
1069	107000	0.000112149
1070	107100	0.000112149
1071	107200	0.000112149
1072	107300	0.000112149
1073	107400	0.000112149
1074	107500	0.000112149
1075	107600	0.000112149
1076	107700	0.000112149
1077	107800	0.000112149
1078	107900	0.000112149
1079	108000	0.000112149
1080	108100	0.000112149
1081	108200	0.000112149
1082	108300	0.000112149
1083	108400	0.000112149
1084	108500	0.000112149
1085	108600	0.000112149
1086	108700	0.000112149
1087	108800	0.000112149
1088	108900	0.000112149
1089	109000	0.000112149
1090	109100	0.000112149
1091	109200	0.000112149
1092	109300	0.000112149
1093	109400	0.000112149
1094	109500	0.000112149
1095	109600	0.000112149
1096	109700	0.000112149
1097	109800	0.000112149
1098	109900	0.000112149
1099	110000	0.000112149
1100	110100	0.000112149
1101	110200	0.000112149
1102	110300	0.000112149
1103	110400	0.000112149
1104	110500	0.000112149
1105	110600	0.000112149
1106	110700	0.000112149
1107	110800	0.000112149
1108	110900	0.000112149
1109	111000	0.000112149
1110	111100	0.000112149
1111	111200	0.000112149
1112	111300	0.000112149
1113	111400	0.000112149
1114	111500	0.000112149
1115	111600	0.000112149
1116	111700	0.000112149
1117	111800	0.000112149
1118	111900	0.000112149
1119	112000	0.000112149
1120	112100	0.000112149
1121	112200	0.000112149
1122	112300	0.000112149
1123	112400	0.000112149
1124	112500	0.000112149
1125	112600	0.000112149
1126	112700	0.000112149
1127	112800	0.000112149
1128	112900	0.000112149
1129	113000	0.000112149
1130	113100	0.000112149
1131	113200	0.000112149
1132	113300	0.000112149
1133	113400	0.000112149
1134	113500	0.000112149
1135	113600	0.000112149
1136	113700	0.000112149
1137	113800	0.000112149
1138	113900	0.000112149
1139	114000	0.000112149
1140	114100	0.000112149
1141	114200	0.000112149
1142	114300	0.000112149
1143	114400	0.000112149
1144	114500	0.000112149
1145	114600	0.000112149
1146	114700	0.000112149
1147	114800	0.000112149
1148	114900	0.000112149
1149	115000	0.000112149
1150	115100	0.000112149
1151	115200	0.000112149
1152	115300	0.000112149
1153	115400	0.000112149
1154	115500	0.000112149
1155	115600	0.000112149
1156	115700	0.000112149
1157	115800	0.000112149
1158	115900	0.000112149
1159	116000	0.000112149
1160	116100	0.000112149
1161	116200	0.000112149
1162	116300	0.000112149
1163	116400	0.000112149
1164	116500	0.000112149
1165	116600	0.000112149
1166	116700	0.000112149
1167	116800	0.000112149
1168	116900	0.000112149
1169	117000	0.000112149
1170	117100	0.000112149
1171	117200	0.000112149
1172	117300	0.000112149
1173	117400	0.000112149
1174	117500	0.000112149
1175	117600	0.000112149
1176	117700	0.000112149
1177	117800	0.000112149
1178	117900	0.000112149
1179	118000	0.000112149
1180	118100	0.000112149
1181	118200	0.000112149
1182	118300	0.000112149
1183	118400	0.000112149
1184	118500	0.000112149
1185	118600	0.000112149
1186	118700	0.000112149
1187	118800	0.000112149
1188	118900	0.000112149
1189	119000	0.000112149
1190	119100	0.000112149
1191	119200	0.000112149
1192	119300	0.000112149
1193	119400	0.000112149
1194	119500	0.000112149
1195	119600	0.000112149
1196	119700	0.000112149
1197	119800	0.000112149
1198	119900	0.000112149
1199	120000	0.000112149
1200	120100	0.000112149
1201	120200	0.000112149
1202	120300	0.000112149
1203	120400	0.000112149
1204	120500	0.000112149
1205	120600	0.000112149
1206	120700	0.000112149
1207	120800	0.000112149
1208	120900	0.000112149
1209	121000	0.000112149
1210	121100	0.000112149
1211	121200	0.000112149
1212	121300	0.000112149
1213	121400	0.000112149
1214	121500	0.000112149
1215	121600	0.000112149
1216	121700	0.000112149
1217	121800	0.000112149
1218	121900	0.000112149
1219	122000	0.000112149
1220	122100	0.000112149
1221	122200	0.000112149
1222	122300	0.000112149
1223	122400	0.000112149
1224	122500	0.000112149
1225	122600	0.000112149
1226	122700	0.000112149
1227	122800	0.000112149
1228	122900	0.000112149
1229	123000	0.000112149
1230	123100	0.000112149
1231	123200	0.000112149
1232	123300	0.000112149
1233	123400	0.000112149
1234	123500	0.000112149
1235	123600	0.000112149
1236	123700	0.000112149
1237	123800	0.000112149
1238	123900	0.000112149
1239	124000	0.000112149
1240	124100	0.000112149
1241	124200	0.000112149
1242	124300	0.000112149
1243	124400	0.000112149
1244	124500	0.000112149
1245	124600	0.000112149
1246	124700	0.000112149
1247	124800	0.000112149
1248	124900	0.000112149
1249	125000	0.000112149
1250	125100	0.000112149
1251	125200	0.000112149
1252	125300	0.000112149
1253	125400	0.000112149
1254	125500	0.000112149
1255	125600	0.000112149
1256	125700	0.000112149
1257	125800	0.000112149
1258	125900	0.000112149
1259	126000	0.000112149
1260	126100	0.000112149
1261	126200	0.000112149
1262	126300	0.000112149
1263	126400	0.000112149
1264	126500	0.000112149
1265	126600	0.000112149
1266	126700	0.000112149
1267	126800	0.000112149
1268	126900	0.000112149
1269	127000	0.000112149
1270	127100	0.000112149
1271	127200	0.000112149
1272	127300	0.000112149
1273	127400	0.000112149
1274	127500	0.000112149
1275	127600	0.000112149
1276	127700	0.000112149
1277	127800	0.000112149
1278	127900	0.000112149
1279	128000	0.000112149
1280	128100	0.000112149
1281	128200	0.000112149
1282	128300	0.000112149
1283	128400	0.000112149
1284	128500	0.000112149
1285	128600	0.000112149
1286	128700	0.000112149
1287	128800	0.000112149
1288	128900	0.000112149
1289	129000	0.000112149
1290	129100	0.000112149
1291	129200	0.000112149
1292	129300	0.000112149
1293	129400	0.000112149
1294	129500	0.000112149
1295	129600	0.000112149
1296	129700	0.000112149
1297	129800	0.000112149
1298	129900	0.000112149
1299	130000	0.000112149
1300	130100	0.000112149
1301	130200	0.000112149
1302	130300	0.000112149
1303	130400	0.000112149
1304	130500	0.000112149
1305	130600	0.000112149
1306	130700	0.000112149
1307	130800	0.000112149
1308	130900	0.000112149
1309	131000	0.000112149
1310	131100	0.000112149
1311	131200	0.000112149
1312	131300	0.000112149
1313	131400	0.000112149
1314	131500	0.000112149
1315	131600	0.000112149
1316	131700	0.000112149
1317	131800	0.000112149
1318	131900	0.000112149
1319	132000	0.000112149
1320	132100	0.000112149
1321	132200	0.000112149
1322	132300	0.000112149
1323	132400	0.000112149
1324	132500	0.000112149
1325	132600	0.000112149
1326	132700	0.000112149
1327	132800	0.000112149
1328	132900	0.000112149
1329	133000	0.000112149
1330	133100	0.000112149
1331	133200	0.000112149
1332	133300	0.000112149
1333	133400	0.000112149
1334	133500	0.000112149
1335	133600	0.000112149
1336	133700	0.000112149
1337	133800	0.000112149
1338	133900	9.90911e-005
1339	134000	9.90911e-005
1340	134100	9.90911e-005
1341	134200	9.90911e-005
1342	134300	9.90911e-005
1343	134400	9.90911e-005
1344	134500	9.90911e-005
1345	134600	9.90911e-005
1346	134700	9.90911e-005
1347	134800	9.90911e-005
1348	134900	9.90911e-005
1349	135000	9.90911e-005
1350	135100	9.90911e-005
1351	135200	9.90911e-005
1352	135300	9.90911e-005
1353	135400	9.90911e-005
1354	135500	9.90911e-005
1355	135600	9.90911e-005
1356	135700	9.90911e-005
1357	135800	9.90911e-005
1358	135900	9.90911e-005
1359	136000	9.90911e-005
1360	136100	9.90911e-005
1361	136200	9.90911e-005
1362	136300	9.90911e-005
1363	136400	9.90911e-005
1364	136500	9.90911e-005
1365	136600	9.90911e-005
1366	136700	9.90911e-005
1367	136800	9.90911e-005
1368	136900	9.90911e-005
1369	137000	9.90911e-005
1370	137100	9.90911e-005
1371	137200	9.90911e-005
1372	137300	9.90911e-005
1373	137400	9.90911e-005
1374	137500	9.90911e-005
1375	137600	9.90911e-005
1376	137700	9.90911e-005
1377	137800	9.90911e-005
1378	137900	9.90911e-005
1379	138000	9.90911e-005
1380	138100	9.90911e-005
1381	138200	9.90911e-005
1382	138300	9.90911e-005
1383	138400	9.90911e-005
1384	138500	9.90911e-005
1385	138600	9.90911e-005
1386	138700	9.90911e-005
1387	138800	9.90911e-005
1388	138900	9.90911e-005
1389	139000	9.90911e-005
1390	139100	9.90911e-005
1391	139200	9.90911e-005
1392	139300	9.90911e-005
1393	139400	9.90911e-005
1394	139500	9.90911e-005
1395	139600	9.90911e-005
1396	139700	9.90911e-005
1397	139800	9.90911e-005
1398	139900	9.90911e-005
1399	140000	9.90911e-005
1400	140100	9.90911e-005
1401	140200	9.90911e-005
1402	140300	9.90911e-005
1403	140400	9.90911e-005
1404	140500	9.90911e-005
1405	140600	9.90911e-005
1406	140700	9.90911e-005
1407	140800	9.90911e-005
1408	140900	9.90911e-005
1409	141000	9.90911e-005
1410	141100	9.90911e-005
1411	141200	9.90911e-005
1412	141300	9.90911e-005
1413	141400	9.90911e-005
1414	141500	9.90911e-005
1415	141600	9.90911e-005
1416	141700	9.90911e-005
1417	141800	9.90911e-005
1418	141900	9.90911e-005
1419	142000	9.90911e-005
1420	142100	9.90911e-005
1421	142200	9.90911e-005
1422	142300	9.90911e-005
1423	142400	9.90911e-005
1424	142500	9.90911e-005
1425	142600	9.90911e-005
1426	142700	9.90911e-005
1427	142800	9.90911e-005
1428	142900	9.90911e-005
1429	143000	9.90911e-005
1430	143100	9.90911e-005
1431	143200	9.90911e-005
1432	143300	9.90911e-005
1433	143400	9.90911e-005
1434	143500	9.90911e-005
1435	143600	9.90911e-005
1436	143700	9.90911e-005
1437	143800	9.90911e-005
1438	143900	9.90911e-005
1439	144000	9.90911e-005
1440	144100	9.90911e-005
1441	144200	9.90911e-005
1442	144300	9.90911e-005
1443	144400	9.90911e-005
1444	144500	9.90911e-005
1445	144600	9.90911e-005
1446	144700	9.90911e-005
1447	144800	9.90911e-005
1448	144900	9.90911e-005
1449	145000	9.90911e-005
1450	145100	9.90911e-005
1451	145200	9.90911e-005
1452	145300	9.90911e-005
1453	145400	9.90911e-005
1454	145500	9.90911e-005
1455	145600	9.90911e-005
1456	145700	9.90911e-005
1457	145800	9.90911e-005
1458	145900	9.90911e-005
1459	146000	9.90911e-005
1460	146100	9.90911e-005
1461	146200	9.90911e-005
1462	146300	9.90911e-005
1463	146400	9.90911e-005
1464	146500	9.90911e-005
1465	146600	9.90911e-005
1466	146700	9.90911e-005
1467	146800	8.8728e-005
1468	146900	8.8728e-005
1469	147000	8.8728e-005
1470	147100	8.8728e-005
1471	147200	8.8728e-005
1472	147300	8.8728e-005
1473	147400	8.8728e-005
1474	147500	8.8728e-005
1475	147600	8.8728e-005
1476	147700	8.8728e-005
1477	147800	8.8728e-005
1478	147900	8.8728e-005
1479	148000	8.8728e-005
1480	148100	8.8728e-005
1481	148200	8.8728e-005
1482	148300	8.8728e-005
1483	148400	8.8728e-005
1484	148500	8.8728e-005
1485	148600	8.8728e-005
1486	148700	8.8728e-005
1487	148800	8.8728e-005
1488	148900	8.8728e-005
1489	149000	8.8728e-005
1490	149100	8.8728e-005
1491	149200	8.8728e-005
1492	149300	8.8728e-005
1493	149400	8.8728e-005
1494	149500	8.8728e-005
1495	149600	8.8728e-005
1496	149700	8.8728e-005
1497	149800	8.8728e-005
1498	149900	8.8728e-005
1499	150000	8.8728e-005
1500	150100	8.8728e-005
1501	150200	8.8728e-005
1502	150300	8.8728e-005
1503	150400	8.8728e-005
1504	150500	8.8728e-005
1505	150600	8.8728e-005
1506	150700	8.8728e-005
1507	150800	8.8728e-005
1508	150900	8.8728e-005
1509	151000	8.8728e-005
1510	151100	8.8728e-005
1511	151200	8.8728e-005
1512	151300	8.8728e-005
1513	151400	8.8728e-005
1514	151500	8.8728e-005
1515	151600	8.8728e-005
1516	151700	8.8728e-005
1517	151800	8.8728e-005
1518	151900	8.8728e-005
1519	152000	8.8728e-005
1520	152100	8.8728e-005
1521	152200	8.8728e-005
1522	152300	8.8728e-005
1523	152400	8.8728e-005
1524	152500	8.8728e-005
1525	152600	8.8728e-005
1526	152700	8.8728e-005
1527	152800	8.8728e-005
1528	152900	8.8728e-005
1529	153000	8.8728e-005
1530	153100	8.8728e-005
1531	153200	8.8728e-005
1532	153300	8.8728e-005
1533	153400	8.8728e-005
1534	153500	8.8728e-005
1535	153600	8.8728e-005
1536	153700	8.8728e-005
1537	153800	8.8728e-005
1538	153900	8.8728e-005
1539	154000	8.8728e-005
1540	154100	8.8728e-005
1541	154200	8.8728e-005
1542	154300	8.8728e-005
1543	154400	8.8728e-005
1544	154500	8.8728e-005
1545	154600	8.8728e-005
1546	154700	8.8728e-005
1547	154800	8.8728e-005
1548	154900	8.8728e-005
1549	155000	8.8728e-005
1550	155100	8.8728e-005
1551	155200	8.8728e-005
1552	155300	8.8728e-005
1553	155400	8.8728e-005
1554	155500	8.8728e-005
1555	155600	8.8728e-005
1556	155700	8.8728e-005
1557	155800	8.8728e-005
1558	155900	8.8728e-005
1559	156000	8.8728e-005
1560	156100	8.8728e-005
1561	156200	8.8728e-005
1562	156300	8.8728e-005
1563	156400	8.8728e-005
1564	156500	8.8728e-005
1565	156600	8.8728e-005
1566	156700	8.8728e-005
1567	156800	8.8728e-005
1568	156900	8.8728e-005
1569	157000	8.8728e-005
1570	157100	8.8728e-005
1571	157200	8.8728e-005
1572	157300	8.8728e-005
1573	157400	8.8728e-005
1574	157500	8.8728e-005
1575	157600	8.8728e-005
1576	157700	8.8728e-005
1577	157800	8.8728e-005
1578	157900	8.8728e-005
1579	158000	8.8728e-005
1580	158100	8.8728e-005
1581	158200	8.8728e-005
1582	158300	8.8728e-005
1583	158400	8.8728e-005
1584	158500	8.8728e-005
1585	158600	8.8728e-005
1586	158700	8.8728e-005
1587	158800	8.8728e-005
1588	158900	8.8728e-005
1589	159000	8.8728e-005
1590	159100	8.8728e-005
1591	159200	8.8728e-005
1592	159300	8.8728e-005
1593	159400	8.8728e-005
1594	159500	8.8728e-005
1595	159600	8.8728e-005
1596	159700	8.8728e-005
1597	159800	8.8728e-005
1598	159900	8.8728e-005
1599	160000	8.8728e-005
1600	160100	8.8728e-005
1601	160200	8.8728e-005
1602	160300	8.8728e-005
1603	160400	5.34892e-005
1604	160500	5.34892e-005
1605	160600	5.34892e-005
1606	160700	5.34892e-005
1607	160800	5.34892e-005
1608	160900	5.34892e-005
1609	161000	5.34892e-005
1610	161100	5.34892e-005
1611	161200	5.34892e-005
1612	161300	5.34892e-005
1613	161400	5.34892e-005
1614	161500	5.34892e-005
1615	161600	5.34892e-005
1616	161700	5.34892e-005
1617	161800	5.34892e-005
1618	161900	5.34892e-005
1619	162000	5.34892e-005
1620	162100	5.34892e-005
1621	162200	5.34892e-005
1622	162300	5.34892e-005
1623	162400	5.34892e-005
1624	162500	5.34892e-005
1625	162600	5.34892e-005
1626	162700	5.34892e-005
1627	162800	5.34892e-005
1628	162900	4.45856e-005
1629	163000	4.45856e-005
1630	163100	4.45856e-005
1631	163200	4.45856e-005
1632	163300	4.45856e-005
1633	163400	4.45856e-005
1634	163500	4.45856e-005
1635	163600	4.45856e-005
1636	163700	4.45856e-005
1637	163800	4.45856e-005
1638	163900	4.45856e-005
1639	164000	4.45856e-005
1640	164100	4.45856e-005
1641	164200	4.45856e-005
1642	164300	4.45856e-005
1643	164400	4.45856e-005
1644	164500	4.45856e-005
1645	164600	4.45856e-005
1646	164700	4.45856e-005
1647	164800	4.45856e-005
1648	164900	4.45856e-005
1649	165000	4.45856e-005
1650	165100	4.45856e-005
1651	165200	4.45856e-005
1652	165300	4.45856e-005
1653	165400	4.45856e-005
1654	165500	4.45856e-005
1655	165600	4.45856e-005
1656	165700	4.45856e-005
1657	165800	4.45856e-005
1658	165900	4.45856e-005
1659	166000	4.45856e-005
1660	166100	4.45856e-005
1661	166200	4.45856e-005
1662	166300	4.45856e-005
1663	166400	4.45856e-005
1664	166500	4.45856e-005
1665	166600	4.45856e-005
1666	166700	4.45856e-005
1667	166800	4.45856e-005
1668	166900	4.45856e-005
1669	167000	4.45856e-005
1670	167100	4.45856e-005
1671	167200	4.45856e-005
1672	167300	4.45856e-005
1673	167400	4.45856e-005
1674	167500	4.45856e-005
1675	167600	4.45856e-005
1676	167700	4.45856e-005
1677	167800	4.45856e-005
1678	167900	4.45856e-005
1679	168000	4.45856e-005
1680	168100	4.45856e-005
1681	168200	4.45856e-005
1682	168300	4.45856e-005
1683	168400	4.45856e-005
1684	168500	4.45856e-005
1685	168600	4.45856e-005
1686	168700	4.45856e-005
1687	168800	4.45856e-005
1688	168900	4.45856e-005
1689	169000	4.45856e-005
1690	169100	4.45856e-005
1691	169200	4.45856e-005
1692	169300	4.45856e-005
1693	169400	4.45856e-005
1694	169500	4.45856e-005
1695	169600	4.45856e-005
1696	169700	4.45856e-005
1697	169800	4.45856e-005
1698	169900	4.45856e-005
1699	170000	4.45856e-005
1700	170100	4.45856e-005
1701	170200	4.45856e-005
1702	170300	4.45856e-005
1703	170400	4.45856e-005
1704	170500	4.45856e-005
1705	170600	4.45856e-005
1706	170700	4.45856e-005
1707	170800	4.45856e-005
1708	170900	4.45856e-005
1709	171000	4.45856e-005
1710	171100	4.45856e-005
1711	171200	4.45856e-005
1712	171300	4.45856e-005
1713	171400	4.45856e-005
1714	171500	4.45856e-005
1715	171600	4.45856e-005
1716	171700	4.45856e-005
1717	171800	4.45856e-005
1718	171900	4.45856e-005
1719	172000	4.45856e-005
1720	172100	4.45856e-005
1721	172200	4.45856e-005
1722	172300	4.45856e-005
1723	172400	4.45856e-005
1724	172500	4.45856e-005
1725	172600	4.45856e-005
1726	172700	4.45856e-005
1727	172800	4.45856e-005
1728	172900	4.45856e-005
1729	173000	4.45856e-005
1730	173100	4.45856e-005
1731	173200	4.45856e-005
1732	173300	4.45856e-005
1733	173400	4.45856e-005
1734	173500	4.45856e-005
1735	173600	4.45856e-005
1736	173700	4.45856e-005
1737	173800	4.45856e-005
1738	173900	4.45856e-005
1739	174000	4.45856e-005
1740	174100	4.45856e-005
1741	174200	4.45856e-005
1742	174300	4.45856e-005
1743	174400	4.45856e-005
1744	174500	4.45856e-005
1745	174600	4.45856e-005
1746	174700	4.45856e-005
1747	174800	4.45856e-005
1748	174900	4.45856e-005
1749	175000	4.45856e-005
1750	175100	4.45856e-005
1751	175200	4.45856e-005
1752	175300	4.45856e-005
1753	175400	4.45856e-005
1754	175500	4.45856e-005
1755	175600	4.45856e-005
1756	175700	4.45856e-005
1757	175800	4.45856e-005
1758	175900	4.45856e-005
1759	176000	4.45856e-005
1760	176100	4.45856e-005
1761	176200	4.45856e-005
1762	176300	4.45856e-005
1763	176400	4.45856e-005
1764	176500	4.45856e-005
1765	176600	4.45856e-005
1766	176700	4.45856e-005
1767	176800	4.45856e-005
1768	176900	4.45856e-005
1769	177000	4.45856e-005
1770	177100	4.45856e-005
1771	177200	4.45856e-005
1772	177300	4.45856e-005
1773	177400	4.45856e-005
1774	177500	4.45856e-005
1775	177600	4.45856e-005
1776	177700	4.45856e-005
1777	177800	4.45856e-005
1778	177900	4.45856e-005
1779	178000	4.45856e-005
1780	178100	4.45856e-005
1781	178200	4.45856e-005
1782	178300	4.45856e-005
1783	178400	4.45856e-005
1784	178500	4.45856e-005
1785	178600	4.45856e-005
1786	178700	4.45856e-005
1787	178800	4.45856e-005
1788	178900	4.45856e-005
1789	179000	4.45856e-005
1790	179100	4.45856e-005
1791	179200	4.45856e-005
1792	179300	4.45856e-005
1793	179400	4.45856e-005
1794	179500	4.45856e-005
1795	179600	4.45856e-005
1796	179700	4.45856e-005
1797	179800	4.45856e-005
1798	179900	4.45856e-005
1799	180000	4.45856e-005
1800	180100	4.45856e-005
1801	180200	4.45856e-005
1802	180300	4.45856e-005
1803	180400	4.45856e-005
1804	180500	4.45856e-005
1805	180600	4.45856e-005
1806	180700	4.45856e-005
1807	180800	4.45856e-005
1808	180900	4.45856e-005
1809	181000	4.45856e-005
1810	181100	4.45856e-005
1811	181200	4.45856e-005
1812	181300	4.45856e-005
1813	181400	4.45856e-005
1814	181500	4.45856e-005
1815	181600	4.45856e-005
1816	181700	4.45856e-005
1817	181800	4.45856e-005
1818	181900	4.45856e-005
1819	182000	4.45856e-005
1820	182100	4.45856e-005
1821	182200	4.45856e-005
1822	182300	4.45856e-005
1823	182400	4.45856e-005
1824	182500	4.45856e-005
1825	182600	4.45856e-005
1826	182700	4.45856e-005
1827	182800	4.45856e-005
1828	182900	4.45856e-005
1829	183000	4.45856e-005
1830	183100	4.45856e-005
1831	183200	4.45856e-005
1832	183300	4.45856e-005
1833	183400	4.45856e-005
1834	183500	4.45856e-005
1835	183600	4.45856e-005
1836	183700	4.45856e-005
1837	183800	4.45856e-005
1838	183900	4.45856e-005
1839	184000	4.45856e-005
1840	184100	4.45856e-005
1841	184200	4.45856e-005
1842	184300	4.45856e-005
1843	184400	4.45856e-005
1844	184500	4.45856e-005
1845	184600	4.45856e-005
1846	184700	4.45856e-005
1847	184800	4.45856e-005
1848	184900	4.45856e-005
1849	185000	4.45856e-005
1850	185100	4.45856e-005
1851	185200	4.45856e-005
1852	185300	4.45856e-005
1853	185400	4.45856e-005
1854	185500	4.45856e-005
1855	185600	4.45856e-005
1856	185700	4.45856e-005
1857	185800	4.45856e-005
1858	185900	4.45856e-005
1859	186000	4.45856e-005
1860	186100	4.45856e-005
1861	186200	4.45856e-005
1862	186300	4.45856e-005
1863	186400	4.45856e-005
1864	186500	4.45856e-005
1865	186600	4.45856e-005
1866	186700	4.45856e-005
1867	186800	4.45856e-005
1868	186900	4.45856e-005
1869	187000	4.45856e-005
1870	187100	4.45856e-005
1871	187200	4.45856e-005
1872	187300	4.45856e-005
1873	187400	4.45856e-005
1874	187500	4.45856e-005
1875	187600	4.45856e-005
1876	187700	4.45856e-005
1877	187800	4.45856e-005
1878	187900	4.45856e-005
1879	188000	4.45856e-005
1880	188100	4.45856e-005
1881	188200	4.45856e-005
1882	188300	4.45856e-005
1883	188400	4.45856e-005
1884	188500	4.45856e-005
1885	188600	4.45856e-005
1886	188700	4.45856e-005
1887	188800	4.45856e-005
1888	188900	4.45856e-005
1889	189000	4.45856e-005
1890	189100	4.45856e-005
1891	189200	4.45856e-005
1892	189300	4.45856e-005
1893	189400	4.45856e-005
1894	189500	4.45856e-005
1895	189600	4.45856e-005
1896	189700	4.45856e-005
1897	189800	4.45856e-005
1898	189900	4.45856e-005
1899	190000	4.45856e-005
1900	190100	4.45856e-005
1901	190200	4.45856e-005
1902	190300	4.45856e-005
1903	190400	4.45856e-005
1904	190500	4.45856e-005
1905	190600	4.45856e-005
1906	190700	4.45856e-005
1907	190800	4.45856e-005
1908	190900	4.45856e-005
1909	191000	4.45856e-005
1910	191100	4.45856e-005
1911	191200	4.45856e-005
1912	191300	4.45856e-005
1913	191400	4.45856e-005
1914	191500	4.45856e-005
1915	191600	4.45856e-005
1916	191700	4.45856e-005
1917	191800	4.45856e-005
1918	191900	4.45856e-005
1919	192000	4.45856e-005
1920	192100	4.45856e-005
1921	192200	4.45856e-005
1922	192300	4.45856e-005
1923	192400	4.45856e-005
1924	192500	4.45856e-005
1925	192600	4.45856e-005
1926	192700	4.45856e-005
1927	192800	4.45856e-005
1928	192900	4.45856e-005
1929	193000	4.45856e-005
1930	193100	4.45856e-005
1931	193200	4.45856e-005
1932	193300	4.45856e-005
1933	193400	4.45856e-005
1934	193500	4.45856e-005
1935	193600	4.45856e-005
1936	193700	4.45856e-005
1937	193800	4.45856e-005
1938	193900	4.45856e-005
1939	194000	4.45856e-005
1940	194100	4.45856e-005
1941	194200	4.45856e-005
1942	194300	4.45856e-005
1943	194400	4.45856e-005
1944	194500	4.45856e-005
1945	194600	4.45856e-005
1946	194700	4.45856e-005
1947	194800	4.45856e-005
1948	194900	4.45856e-005
1949	195000	4.45856e-005
1950	195100	4.45856e-005
1951	195200	4.45856e-005
1952	195300	4.45856e-005
1953	195400	4.45856e-005
1954	195500	4.45856e-005
1955	195600	4.45856e-005
1956	195700	4.45856e-005
1957	195800	4.45856e-005
1958	195900	4.45856e-005
1959	196000	4.45856e-005
1960	196100	4.45856e-005
1961	196200	4.45856e-005
1962	196300	4.45856e-005
1963	196400	4.45856e-005
1964	196500	4.45856e-005
1965	196600	4.45856e-005
1966	196700	4.45856e-005
1967	196800	4.45856e-005
1968	196900	4.45856e-005
1969	197000	4.45856e-005
1970	197100	4.45856e-005
1971	197200	4.45856e-005
1972	197300	4.45856e-005
1973	197400	4.45856e-005
1974	197500	4.45856e-005
1975	197600	4.45856e-005
1976	197700	4.45856e-005
1977	197800	4.45856e-005
1978	197900	4.45856e-005
1979	198000	4.45856e-005
1980	198100	4.45856e-005
1981	198200	4.45856e-005
1982	198300	4.45856e-005
1983	198400	4.45856e-005
1984	198500	4.45856e-005
1985	198600	4.45856e-005
1986	198700	4.45856e-005
1987	198800	4.45856e-005
1988	198900	4.45856e-005
1989	199000	4.45856e-005
1990	199100	4.45856e-005
1991	199200	4.45856e-005
1992	199300	4.45856e-005
1993	199400	4.45856e-005
1994	199500	4.45856e-005
1995	199600	4.45856e-005
1996	199700	4.45856e-005
1997	199800	4.45856e-005
1998	199900	4.45856e-005
1999	200000	4.45856e-005
2000	200100	4.45856e-005
