1	200	390.848
2	300	217.459
3	400	124.104
4	500	118.646
5	600	88.0371
6	700	54.8797
7	800	31.3116
8	900	31.3116
9	1000	31.3116
10	1100	31.0664
11	1200	23.8446
12	1300	14.6732
13	1400	14.4253
14	1500	10.7936
15	1600	10.3003
16	1700	9.71381
17	1800	9.46857
18	1900	7.99599
19	2000	7.35983
20	2100	7.35983
21	2200	6.68708
22	2300	5.88724
23	2400	5.88724
24	2500	5.88724
25	2600	4.1662
26	2700	3.30122
27	2800	3.1688
28	2900	2.30383
29	3000	1.9982
30	3100	1.99368
31	3200	1.99368
32	3300	1.99368
33	3400	1.90724
34	3500	1.90272
35	3600	1.52742
36	3700	1.52742
37	3800	1.51348
38	3900	1.4804
39	4000	1.13707
40	4100	1.10399
41	4200	1.09004
42	4300	0.899095
43	4400	0.899095
44	4500	0.894426
45	4600	0.842555
46	4700	0.842555
47	4800	0.842555
48	4900	0.842555
49	5000	0.842555
50	5100	0.498318
51	5200	0.498318
52	5300	0.498318
53	5400	0.498318
54	5500	0.498318
55	5600	0.498318
56	5700	0.467035
57	5800	0.467035
58	5900	0.467035
59	6000	0.466455
60	6100	0.466455
61	6200	0.463901
62	6300	0.463901
63	6400	0.410425
64	6500	0.410425
65	6600	0.410425
66	6700	0.410425
67	6800	0.410425
68	6900	0.410425
69	7000	0.410425
70	7100	0.348891
71	7200	0.348891
72	7300	0.348891
73	7400	0.348891
74	7500	0.348891
75	7600	0.348891
76	7700	0.348891
77	7800	0.324382
78	7900	0.324099
79	8000	0.324099
80	8100	0.324099
81	8200	0.324099
82	8300	0.323732
83	8400	0.161254
84	8500	0.161254
85	8600	0.161254
86	8700	0.161254
87	8800	0.117212
88	8900	0.117212
89	9000	0.117212
90	9100	0.117212
91	9200	0.117212
92	9300	0.117212
93	9400	0.0722413
94	9500	0.0722413
95	9600	0.0722413
96	9700	0.0722413
97	9800	0.0722413
98	9900	0.0722413
99	10000	0.0722413
100	10100	0.0722413
101	10200	0.0722413
102	10300	0.0722413
103	10400	0.0722413
104	10500	0.0722413
105	10600	0.0722413
106	10700	0.0674355
107	10800	0.0674355
108	10900	0.0674355
109	11000	0.0674355
110	11100	0.0674355
111	11200	0.0674355
112	11300	0.0674355
113	11400	0.0674355
114	11500	0.0674355
115	11600	0.0674355
116	11700	0.0674355
117	11800	0.0674355
118	11900	0.0674355
119	12000	0.0674355
120	12100	0.0674355
121	12200	0.0674355
122	12300	0.0674355
123	12400	0.0674355
124	12500	0.0674355
125	12600	0.0674355
126	12700	0.0674355
127	12800	0.0674355
128	12900	0.0674355
129	13000	0.0674355
130	13100	0.0674355
131	13200	0.0674355
132	13300	0.0674355
133	13400	0.0674355
134	13500	0.0674355
135	13600	0.0674355
136	13700	0.0674355
137	13800	0.0674355
138	13900	0.0674355
139	14000	0.0674355
140	14100	0.0674355
141	14200	0.0674355
142	14300	0.0674355
143	14400	0.0674355
144	14500	0.0674355
145	14600	0.0674355
146	14700	0.0674355
147	14800	0.0674355
148	14900	0.0394196
149	15000	0.0394196
150	15100	0.0394196
151	15200	0.0394196
152	15300	0.0394196
153	15400	0.0394196
154	15500	0.0394196
155	15600	0.0394196
156	15700	0.0394196
157	15800	0.0394196
158	15900	0.0394196
159	16000	0.0394196
160	16100	0.0394196
161	16200	0.0394196
162	16300	0.0394196
163	16400	0.0394196
164	16500	0.0394196
165	16600	0.0347963
166	16700	0.0347963
167	16800	0.0347963
168	16900	0.0347963
169	17000	0.0347963
170	17100	0.0347963
171	17200	0.0347963
172	17300	0.0347963
173	17400	0.0347963
174	17500	0.0347963
175	17600	0.0347963
176	17700	0.0347963
177	17800	0.0232098
178	17900	0.0232098
179	18000	0.0232098
180	18100	0.00875649
181	18200	0.00875649
182	18300	0.00875649
183	18400	0.00875649
184	18500	0.00875649
185	18600	0.00875649
186	18700	0.00875649
187	18800	0.00875649
188	18900	0.00875649
189	19000	0.00875649
190	19100	0.00875649
191	19200	0.00875649
192	19300	0.00875649
193	19400	0.00875649
194	19500	0.00875649
195	19600	0.00875649
196	19700	0.00875649
197	19800	0.00875649
198	19900	0.00875649
199	20000	0.00875649
200	20100	0.00875649
201	20200	0.00875649
202	20300	0.00875649
203	20400	0.00875649
204	20500	0.00875649
205	20600	0.00875649
206	20700	0.00875649
207	20800	0.00875649
208	20900	0.00801928
209	21000	0.00801928
210	21100	0.00801928
211	21200	0.00801928
212	21300	0.00801928
213	21400	0.00801928
214	21500	0.00801928
215	21600	0.00801928
216	21700	0.00801928
217	21800	0.00801928
218	21900	0.00801928
219	22000	0.00801928
220	22100	0.00801928
221	22200	0.00801928
222	22300	0.00796803
223	22400	0.00796803
224	22500	0.00796803
225	22600	0.00796803
226	22700	0.00796803
227	22800	0.00796803
228	22900	0.00796803
229	23000	0.00660114
230	23100	0.00660114
231	23200	0.00660114
232	23300	0.00660114
233	23400	0.00660114
234	23500	0.00660114
235	23600	0.00660114
236	23700	0.00660114
237	23800	0.00660114
238	23900	0.00660114
239	24000	0.00660114
240	24100	0.00660114
241	24200	0.00660114
242	24300	0.00660114
243	24400	0.00660114
244	24500	0.00660114
245	24600	0.00660114
246	24700	0.0055861
247	24800	0.0055861
248	24900	0.0055861
249	25000	0.0055861
250	25100	0.0055861
251	25200	0.0055861
252	25300	0.0055861
253	25400	0.0055861
254	25500	0.0055861
255	25600	0.0055861
256	25700	0.0055861
257	25800	0.0055861
258	25900	0.0055861
259	26000	0.0055861
260	26100	0.0055861
261	26200	0.0055861
262	26300	0.0055861
263	26400	0.0055861
264	26500	0.0055861
265	26600	0.0055861
266	26700	0.0055861
267	26800	0.0055861
268	26900	0.0055861
269	27000	0.0055861
270	27100	0.0055861
271	27200	0.0055861
272	27300	0.0055861
273	27400	0.0055861
274	27500	0.0055861
275	27600	0.0055861
276	27700	0.0055861
277	27800	0.0055861
278	27900	0.0055861
279	28000	0.0055861
280	28100	0.0055861
281	28200	0.0055861
282	28300	0.0055861
283	28400	0.0055861
284	28500	0.0055861
285	28600	0.0055861
286	28700	0.0055861
287	28800	0.0055861
288	28900	0.0055861
289	29000	0.0055861
290	29100	0.0055861
291	29200	0.0055861
292	29300	0.0055861
293	29400	0.0055861
294	29500	0.0055861
295	29600	0.0055861
296	29700	0.0055861
297	29800	0.0055861
298	29900	0.0055861
299	30000	0.0055861
300	30100	0.00325265
301	30200	0.00325265
302	30300	0.00325265
303	30400	0.00325265
304	30500	0.00325265
305	30600	0.00325265
306	30700	0.00325265
307	30800	0.00325265
308	30900	0.00325265
309	31000	0.00325265
310	31100	0.00325265
311	31200	0.00325265
312	31300	0.00325265
313	31400	0.00325265
314	31500	0.00325265
315	31600	0.00325265
316	31700	0.00325265
317	31800	0.00325265
318	31900	0.00325265
319	32000	0.00325265
320	32100	0.00325265
321	32200	0.00325265
322	32300	0.00256554
323	32400	0.00256554
324	32500	0.00256554
325	32600	0.00256554
326	32700	0.00256554
327	32800	0.00256554
328	32900	0.00256554
329	33000	0.00256554
330	33100	0.00256554
331	33200	0.00256554
332	33300	0.00256554
333	33400	0.00256554
334	33500	0.00256554
335	33600	0.00256554
336	33700	0.00256554
337	33800	0.00256554
338	33900	0.00256554
339	34000	0.00256554
340	34100	0.00256554
341	34200	0.00256554
342	34300	0.00256554
343	34400	0.00256554
344	34500	0.00256554
345	34600	0.00256554
346	34700	0.00256554
347	34800	0.00256554
348	34900	0.00256554
349	35000	0.00256554
350	35100	0.00256554
351	35200	0.00256554
352	35300	0.00256554
353	35400	0.00241784
354	35500	0.00241784
355	35600	0.00241784
356	35700	0.00241784
357	35800	0.00241784
358	35900	0.00241784
359	36000	0.00241784
360	36100	0.00241784
361	36200	0.00241784
362	36300	0.00241784
363	36400	0.00241784
364	36500	0.00241784
365	36600	0.00241784
366	36700	0.00241784
367	36800	0.00241784
368	36900	0.00241784
369	37000	0.00241784
370	37100	0.00241784
371	37200	0.00241784
372	37300	0.00241784
373	37400	0.00241784
374	37500	0.00241784
375	37600	0.00241784
376	37700	0.00241784
377	37800	0.00241784
378	37900	0.00241784
379	38000	0.00241784
380	38100	0.00234467
381	38200	0.00234467
382	38300	0.00234467
383	38400	0.00129488
384	38500	0.00129488
385	38600	0.00129488
386	38700	0.00129488
387	38800	0.00129488
388	38900	0.00129488
389	39000	0.00129488
390	39100	0.00129488
391	39200	0.00129488
392	39300	0.00129488
393	39400	0.00129488
394	39500	0.00129488
395	39600	0.00129488
396	39700	0.00129488
397	39800	0.00129488
398	39900	0.00129488
399	40000	0.00129488
400	40100	0.00129488
401	40200	0.00129488
402	40300	0.00129488
403	40400	0.00129488
404	40500	0.00129488
405	40600	0.00129488
406	40700	0.00129488
407	40800	0.00129488
408	40900	0.00129488
409	41000	0.00129488
410	41100	0.00129488
411	41200	0.00129488
412	41300	0.00129488
413	41400	0.00129488
414	41500	0.00129488
415	41600	0.00129488
416	41700	0.00129488
417	41800	0.00129488
418	41900	0.00129488
419	42000	0.00129488
420	42100	0.00129488
421	42200	0.00129488
422	42300	0.00129488
423	42400	0.00129488
424	42500	0.00129488
425	42600	0.00129488
426	42700	0.00129488
427	42800	0.00129488
428	42900	0.00129488
429	43000	0.00129488
430	43100	0.00129488
431	43200	0.00129488
432	43300	0.00129488
433	43400	0.00129488
434	43500	0.00129488
435	43600	0.00129488
436	43700	0.00129488
437	43800	0.00129488
438	43900	0.00129488
439	44000	0.00129488
440	44100	0.00129488
441	44200	0.00129488
442	44300	0.00129488
443	44400	0.00129488
444	44500	0.00129488
445	44600	0.00129488
446	44700	0.00129488
447	44800	0.00129488
448	44900	0.00129488
449	45000	0.00129488
450	45100	0.00129488
451	45200	0.00129488
452	45300	0.00129488
453	45400	0.00129488
454	45500	0.00129488
455	45600	0.00129488
456	45700	0.00129488
457	45800	0.00129488
458	45900	0.00129488
459	46000	0.00129488
460	46100	0.00129488
461	46200	0.00129488
462	46300	0.00129488
463	46400	0.00129488
464	46500	0.00129488
465	46600	0.00129488
466	46700	0.00129488
467	46800	0.00129488
468	46900	0.00129488
469	47000	0.00129488
470	47100	0.00129488
471	47200	0.00129488
472	47300	0.00129488
473	47400	0.00129488
474	47500	0.00129488
475	47600	0.00129488
476	47700	0.00129488
477	47800	0.00129488
478	47900	0.00129488
479	48000	0.00129488
480	48100	0.00129488
481	48200	0.00129488
482	48300	0.00129488
483	48400	0.00129488
484	48500	0.00129488
485	48600	0.00129488
486	48700	0.00129488
487	48800	0.00129488
488	48900	0.00129488
489	49000	0.00129488
490	49100	0.00129488
491	49200	0.00129488
492	49300	0.00129488
493	49400	0.00129488
494	49500	0.00129488
495	49600	0.00129488
496	49700	0.00129488
497	49800	0.00129488
498	49900	0.00129488
499	50000	0.00129488
500	50100	0.00129488
501	50200	0.00129488
502	50300	0.00129488
503	50400	0.00129488
504	50500	0.00129488
505	50600	0.00129488
506	50700	0.00129488
507	50800	0.00129488
508	50900	0.00129488
509	51000	0.00129488
510	51100	0.00129488
511	51200	0.00129488
512	51300	0.00129488
513	51400	0.00129075
514	51500	0.000576314
515	51600	0.000572184
516	51700	0.000572184
517	51800	0.000572184
518	51900	0.000572184
519	52000	0.000572184
520	52100	0.000572184
521	52200	0.000572184
522	52300	0.000572184
523	52400	0.000572184
524	52500	0.000572184
525	52600	0.000572184
526	52700	0.000572184
527	52800	0.000572184
528	52900	0.000572184
529	53000	0.000572184
530	53100	0.000572184
531	53200	0.000572184
532	53300	0.000572184
533	53400	0.000572184
534	53500	0.000572184
535	53600	0.000572184
536	53700	0.000572184
537	53800	0.000572184
538	53900	0.000572184
539	54000	0.000572184
540	54100	0.000572184
541	54200	0.000572184
542	54300	0.000572184
543	54400	0.000572184
544	54500	0.000572184
545	54600	0.000572184
546	54700	0.000572184
547	54800	0.000572184
548	54900	0.000572184
549	55000	0.000572184
550	55100	0.000572184
551	55200	0.000572184
552	55300	0.000572184
553	55400	0.000572184
554	55500	0.000572184
555	55600	0.000572184
556	55700	0.000572184
557	55800	0.000572184
558	55900	0.000572184
559	56000	0.000572184
560	56100	0.000572184
561	56200	0.000572184
562	56300	0.000572184
563	56400	0.000572184
564	56500	0.000572184
565	56600	0.000572184
566	56700	0.000572184
567	56800	0.000572184
568	56900	0.000572184
569	57000	0.000572184
570	57100	0.000572184
571	57200	0.000572184
572	57300	0.000572184
573	57400	0.000572184
574	57500	0.000572184
575	57600	0.000572184
576	57700	0.000572184
577	57800	0.000572184
578	57900	0.000572184
579	58000	0.000572184
580	58100	0.000572184
581	58200	0.000572184
582	58300	0.000572184
583	58400	0.000572184
584	58500	0.000572184
585	58600	0.000572184
586	58700	0.000572184
587	58800	0.000572184
588	58900	0.000572184
589	59000	0.000572184
590	59100	0.000572184
591	59200	0.000572184
592	59300	0.000572184
593	59400	0.000572184
594	59500	0.000572184
595	59600	0.000572184
596	59700	0.000572184
597	59800	0.000572184
598	59900	0.000572184
599	60000	0.000572184
600	60100	0.000572184
601	60200	0.000572184
602	60300	0.000572184
603	60400	0.000572184
604	60500	0.000572184
605	60600	0.000572184
606	60700	0.000572184
607	60800	0.000572184
608	60900	0.000572184
609	61000	0.000572184
610	61100	0.000572184
611	61200	0.000572184
612	61300	0.000572184
613	61400	0.000572184
614	61500	0.000572184
615	61600	0.000572184
616	61700	0.000572184
617	61800	0.000572184
618	61900	0.000572184
619	62000	0.000572184
620	62100	0.000572184
621	62200	0.000572184
622	62300	0.000572184
623	62400	0.000572184
624	62500	0.000572184
625	62600	0.000572184
626	62700	0.000572184
627	62800	0.000572184
628	62900	0.000572184
629	63000	0.000572184
630	63100	0.000572184
631	63200	0.000572184
632	63300	0.000572184
633	63400	0.00056155
634	63500	0.00056155
635	63600	0.00056155
636	63700	0.00056155
637	63800	0.00056155
638	63900	0.00056155
639	64000	0.00056155
640	64100	0.00056155
641	64200	0.00056155
642	64300	0.00056155
643	64400	0.00056155
644	64500	0.00056155
645	64600	0.00056155
646	64700	0.00056155
647	64800	0.00056155
648	64900	0.00056155
649	65000	0.00056155
650	65100	0.00056155
651	65200	0.00056155
652	65300	0.00056155
653	65400	0.000380845
654	65500	0.000380845
655	65600	0.000380845
656	65700	0.000380845
657	65800	0.000380845
658	65900	0.000380845
659	66000	0.000380845
660	66100	0.000380845
661	66200	0.000380845
662	66300	0.000380845
663	66400	0.000380845
664	66500	0.000380845
665	66600	0.000380845
666	66700	0.000380845
667	66800	0.000380845
668	66900	0.000380845
669	67000	0.000380845
670	67100	0.000380845
671	67200	0.000380845
672	67300	0.000380845
673	67400	0.000380845
674	67500	0.000380845
675	67600	0.000380845
676	67700	0.000380845
677	67800	0.000380845
678	67900	0.000380845
679	68000	0.000380845
680	68100	0.000380845
681	68200	0.000380845
682	68300	0.000380845
683	68400	0.000380845
684	68500	0.000380845
685	68600	0.000380845
686	68700	0.000380845
687	68800	0.000380845
688	68900	0.000380845
689	69000	0.000380845
690	69100	0.000380845
691	69200	0.000380845
692	69300	0.000380845
693	69400	0.000380845
694	69500	0.000380845
695	69600	0.000380845
696	69700	0.000380845
697	69800	0.000380845
698	69900	0.000380845
699	70000	0.000380845
700	70100	0.000380845
701	70200	0.000380845
702	70300	0.000380845
703	70400	0.000380845
704	70500	0.000380845
705	70600	0.000380845
706	70700	0.000380845
707	70800	0.000380845
708	70900	0.000380845
709	71000	0.000380845
710	71100	0.000380845
711	71200	0.000380845
712	71300	0.000380845
713	71400	0.000380845
714	71500	0.000380845
715	71600	0.000380845
716	71700	0.000380845
717	71800	0.000380845
718	71900	0.000380845
719	72000	0.000380845
720	72100	0.000380845
721	72200	0.000380845
722	72300	0.000380845
723	72400	0.000380845
724	72500	0.000380845
725	72600	0.000380845
726	72700	0.000380845
727	72800	0.000380845
728	72900	0.000380845
729	73000	0.000380845
730	73100	0.000380845
731	73200	0.000380845
732	73300	0.000380845
733	73400	0.000380845
734	73500	0.000380845
735	73600	0.000380845
736	73700	0.000380845
737	73800	0.000380845
738	73900	0.000380845
739	74000	0.000380845
740	74100	0.000380845
741	74200	0.000380845
742	74300	0.000380845
743	74400	0.000380845
744	74500	0.000380845
745	74600	0.000380845
746	74700	0.000380845
747	74800	0.000380845
748	74900	0.000380845
749	75000	0.000380845
750	75100	0.000380845
751	75200	0.000380845
752	75300	0.000380845
753	75400	0.000380845
754	75500	0.000380845
755	75600	0.000380845
756	75700	0.000380845
757	75800	0.000380845
758	75900	0.000380845
759	76000	0.000380845
760	76100	0.000380845
761	76200	0.000380845
762	76300	0.000380845
763	76400	0.000380845
764	76500	0.000380845
765	76600	0.000380845
766	76700	0.000380845
767	76800	0.000380845
768	76900	0.000380845
769	77000	0.000380845
770	77100	0.000380845
771	77200	0.000380845
772	77300	0.000380845
773	77400	0.000380845
774	77500	0.000380845
775	77600	0.000380845
776	77700	0.000380845
777	77800	0.000380845
778	77900	0.000380845
779	78000	0.000380845
780	78100	0.000380845
781	78200	0.000380845
782	78300	0.000380845
783	78400	0.000380845
784	78500	0.000380845
785	78600	0.000380845
786	78700	0.000380845
787	78800	0.000380845
788	78900	0.000380845
789	79000	0.000380845
790	79100	0.000380845
791	79200	0.000380845
792	79300	0.000380845
793	79400	0.000380845
794	79500	0.000380845
795	79600	0.000380845
796	79700	0.000380845
797	79800	0.000380845
798	79900	0.000380845
799	80000	0.000380845
800	80100	0.000380845
801	80200	0.000380845
802	80300	0.000380845
803	80400	0.000380845
804	80500	0.000380845
805	80600	0.000380845
806	80700	0.000380845
807	80800	0.000380845
808	80900	0.000380845
809	81000	0.000380845
810	81100	0.000380845
811	81200	0.000380845
812	81300	0.000380845
813	81400	0.000380845
814	81500	0.000380845
815	81600	0.000380845
816	81700	0.000380845
817	81800	0.000380845
818	81900	0.000380845
819	82000	0.000380845
820	82100	0.000380845
821	82200	0.000380845
822	82300	0.000380845
823	82400	0.000380845
824	82500	0.000380845
825	82600	0.000380845
826	82700	0.000380845
827	82800	0.000380845
828	82900	0.000380845
829	83000	0.000380845
830	83100	0.000380845
831	83200	0.000380845
832	83300	0.000380845
833	83400	0.000380845
834	83500	0.000380845
835	83600	0.000380845
836	83700	0.000380845
837	83800	0.000380845
838	83900	0.000380845
839	84000	0.000380845
840	84100	0.000380845
841	84200	0.000380845
842	84300	0.000380845
843	84400	0.000380845
844	84500	0.000380845
845	84600	0.000380845
846	84700	0.000380845
847	84800	0.000380845
848	84900	0.000380845
849	85000	0.000380845
850	85100	0.000380845
851	85200	0.000380845
852	85300	0.000380845
853	85400	0.000380845
854	85500	0.000380845
855	85600	0.000380845
856	85700	0.000380845
857	85800	0.000380845
858	85900	0.000380845
859	86000	0.000380845
860	86100	0.000380845
861	86200	0.000380845
862	86300	0.000380845
863	86400	0.000380845
864	86500	0.000380845
865	86600	0.000380845
866	86700	0.000380845
867	86800	0.000380845
868	86900	0.000380845
869	87000	0.000380845
870	87100	0.000380845
871	87200	0.000380845
872	87300	0.000380845
873	87400	0.000380845
874	87500	0.000380845
875	87600	0.000380845
876	87700	0.000380845
877	87800	0.000380845
878	87900	0.000380845
879	88000	0.000380845
880	88100	0.000380845
881	88200	0.000380845
882	88300	0.000380845
883	88400	0.000380845
884	88500	0.000380845
885	88600	0.000380845
886	88700	0.000380845
887	88800	0.000380845
888	88900	0.000380845
889	89000	0.000380845
890	89100	0.000380845
891	89200	0.000380845
892	89300	0.000380845
893	89400	0.000380845
894	89500	0.000380845
895	89600	0.000380845
896	89700	0.000380845
897	89800	0.000380845
898	89900	0.000380845
899	90000	0.000380845
900	90100	0.000380845
901	90200	0.000380845
902	90300	0.000380845
903	90400	0.000380845
904	90500	0.000380845
905	90600	0.000380845
906	90700	0.000380845
907	90800	0.000380845
908	90900	0.000380845
909	91000	0.000380845
910	91100	0.000380845
911	91200	0.000380845
912	91300	0.000380845
913	91400	0.000380845
914	91500	0.000380845
915	91600	0.000380845
916	91700	0.000380845
917	91800	0.000380845
918	91900	0.000380845
919	92000	0.000380845
920	92100	0.000380845
921	92200	0.000380845
922	92300	0.000380845
923	92400	0.000380845
924	92500	0.000380845
925	92600	0.000380845
926	92700	0.000380845
927	92800	0.000380845
928	92900	0.000380845
929	93000	0.000380845
930	93100	0.000380845
931	93200	0.000380845
932	93300	0.000380845
933	93400	0.000380845
934	93500	0.000380845
935	93600	0.000380845
936	93700	0.000380845
937	93800	0.000380845
938	93900	0.000380845
939	94000	0.000380845
940	94100	0.000380845
941	94200	0.000380845
942	94300	0.000380845
943	94400	0.000380845
944	94500	0.000380845
945	94600	0.000380845
946	94700	0.000380845
947	94800	0.000380845
948	94900	0.000380845
949	95000	0.000380845
950	95100	0.000380845
951	95200	0.000380845
952	95300	0.000380845
953	95400	0.000380845
954	95500	0.000380845
955	95600	0.000380845
956	95700	0.000380845
957	95800	0.000380845
958	95900	0.000380845
959	96000	0.000380845
960	96100	0.000380845
961	96200	0.000380845
962	96300	0.000380845
963	96400	0.000380845
964	96500	0.000380845
965	96600	0.000380845
966	96700	0.000380845
967	96800	0.000380845
968	96900	0.000380845
969	97000	0.000380845
970	97100	0.000380845
971	97200	0.000380845
972	97300	0.000380845
973	97400	0.000380845
974	97500	0.000380845
975	97600	0.000380845
976	97700	0.000380845
977	97800	0.000380845
978	97900	0.000380845
979	98000	0.000380845
980	98100	0.000350602
981	98200	0.000350602
982	98300	0.000350602
983	98400	0.000350602
984	98500	0.000350602
985	98600	0.000350602
986	98700	0.000350602
987	98800	0.000350602
988	98900	0.000350602
989	99000	0.000350602
990	99100	0.000350602
991	99200	0.000302434
992	99300	0.000302434
993	99400	0.000302434
994	99500	0.000302434
995	99600	0.000302434
996	99700	0.000302434
997	99800	0.000302434
998	99900	0.000302434
999	100000	0.000302434
1000	100100	0.000302434
1001	100200	0.000302434
1002	100300	0.000302434
1003	100400	0.000302434
1004	100500	0.000302434
1005	100600	0.000302434
1006	100700	0.000302434
1007	100800	0.000302434
1008	100900	0.000302434
1009	101000	0.000302434
1010	101100	0.000302434
1011	101200	0.000302434
1012	101300	0.000302434
1013	101400	0.000302434
1014	101500	0.000302434
1015	101600	0.000302434
1016	101700	0.000302434
1017	101800	0.000302434
1018	101900	0.000302434
1019	102000	0.000302434
1020	102100	0.000302434
1021	102200	0.000302434
1022	102300	0.000302434
1023	102400	0.000302434
1024	102500	0.000302434
1025	102600	0.000302434
1026	102700	0.000302434
1027	102800	0.000302434
1028	102900	0.000302434
1029	103000	0.000302434
1030	103100	0.000302434
1031	103200	0.000302434
1032	103300	0.000302434
1033	103400	0.000302434
1034	103500	0.000302434
1035	103600	0.000302434
1036	103700	0.000302434
1037	103800	0.000302434
1038	103900	0.000302434
1039	104000	0.000302434
1040	104100	0.000302434
1041	104200	0.000302434
1042	104300	0.000302434
1043	104400	0.000302434
1044	104500	0.000302434
1045	104600	0.000302434
1046	104700	0.000302434
1047	104800	0.000302434
1048	104900	0.000302434
1049	105000	0.000302434
1050	105100	0.000302434
1051	105200	0.000302434
1052	105300	0.000302434
1053	105400	0.000302434
1054	105500	0.000302434
1055	105600	0.000302434
1056	105700	0.000302434
1057	105800	0.000302434
1058	105900	0.000302434
1059	106000	0.000302434
1060	106100	0.000302434
1061	106200	0.000302434
1062	106300	0.000302434
1063	106400	0.000302434
1064	106500	0.000302434
1065	106600	0.000302434
1066	106700	0.000302434
1067	106800	0.000302434
1068	106900	0.000302434
1069	107000	0.000302434
1070	107100	0.000302434
1071	107200	0.000302434
1072	107300	0.000302434
1073	107400	0.000302434
1074	107500	0.000302434
1075	107600	0.000302434
1076	107700	0.000302434
1077	107800	0.000302434
1078	107900	0.000302434
1079	108000	0.000302434
1080	108100	0.000302434
1081	108200	0.000302434
1082	108300	0.000302434
1083	108400	0.000302434
1084	108500	0.000302434
1085	108600	0.000302434
1086	108700	0.000302434
1087	108800	0.000302434
1088	108900	0.000302434
1089	109000	0.000302434
1090	109100	0.000302434
1091	109200	0.000302434
1092	109300	0.000302434
1093	109400	0.000302434
1094	109500	0.000302434
1095	109600	0.000302434
1096	109700	0.000302434
1097	109800	0.000302434
1098	109900	0.000302434
1099	110000	0.000302434
1100	110100	0.000302434
1101	110200	0.000302434
1102	110300	0.000302434
1103	110400	0.000302434
1104	110500	0.000302434
1105	110600	0.000302434
1106	110700	0.000302434
1107	110800	0.000302434
1108	110900	0.000302434
1109	111000	0.000302434
1110	111100	0.000302434
1111	111200	0.000302434
1112	111300	0.000302434
1113	111400	0.000302434
1114	111500	0.000302434
1115	111600	0.000302434
1116	111700	0.000302434
1117	111800	0.000302434
1118	111900	0.000302434
1119	112000	0.000302434
1120	112100	0.000302434
1121	112200	0.000302434
1122	112300	0.000302434
1123	112400	0.000302434
1124	112500	0.000302434
1125	112600	0.000302434
1126	112700	0.000302434
1127	112800	0.000302434
1128	112900	0.000302434
1129	113000	0.000302434
1130	113100	0.000302434
1131	113200	0.000302434
1132	113300	0.000302434
1133	113400	0.000302434
1134	113500	0.000302434
1135	113600	0.000302434
1136	113700	0.000302434
1137	113800	0.000302434
1138	113900	0.000302434
1139	114000	0.000302434
1140	114100	0.000227032
1141	114200	0.000227032
1142	114300	0.000227032
1143	114400	0.000227032
1144	114500	0.000227032
1145	114600	0.000227032
1146	114700	0.000227032
1147	114800	0.000227032
1148	114900	0.000227032
1149	115000	0.000227032
1150	115100	0.000227032
1151	115200	0.000227032
1152	115300	0.000227032
1153	115400	0.000227032
1154	115500	0.000227032
1155	115600	0.000227032
1156	115700	0.000227032
1157	115800	0.000227032
1158	115900	0.000227032
1159	116000	0.000227032
1160	116100	0.000227032
1161	116200	0.000227032
1162	116300	0.000227032
1163	116400	0.000227032
1164	116500	0.000227032
1165	116600	0.000227032
1166	116700	0.000227032
1167	116800	0.000227032
1168	116900	0.000227032
1169	117000	0.000227032
1170	117100	0.000227032
1171	117200	0.000227032
1172	117300	0.000227032
1173	117400	0.000227032
1174	117500	0.000227032
1175	117600	0.000227032
1176	117700	0.000227032
1177	117800	0.000227032
1178	117900	0.000227032
1179	118000	0.000227032
1180	118100	0.000227032
1181	118200	0.000227032
1182	118300	0.000227032
1183	118400	0.000227032
1184	118500	0.000227032
1185	118600	0.000227032
1186	118700	0.000227032
1187	118800	0.000227032
1188	118900	0.000227032
1189	119000	0.000227032
1190	119100	0.000227032
1191	119200	0.000227032
1192	119300	0.000227032
1193	119400	0.000227032
1194	119500	0.000227032
1195	119600	0.000227032
1196	119700	0.000227032
1197	119800	0.000227032
1198	119900	0.000227032
1199	120000	0.000227032
1200	120100	0.000227032
1201	120200	0.000227032
1202	120300	0.000227032
1203	120400	0.000227032
1204	120500	0.000227032
1205	120600	0.000227032
1206	120700	0.000227032
1207	120800	0.000227032
1208	120900	0.000227032
1209	121000	0.000227032
1210	121100	0.000227032
1211	121200	0.000227032
1212	121300	0.000227032
1213	121400	0.000227032
1214	121500	0.000164328
1215	121600	0.000164328
1216	121700	0.000164328
1217	121800	0.000164328
1218	121900	0.000164328
1219	122000	0.000164328
1220	122100	0.000164328
1221	122200	0.000164328
1222	122300	0.000164328
1223	122400	0.000164328
1224	122500	0.000164328
1225	122600	0.000164328
1226	122700	0.000164328
1227	122800	0.000164328
1228	122900	0.000164328
1229	123000	0.000164328
1230	123100	0.000164328
1231	123200	0.000164328
1232	123300	0.000164328
1233	123400	0.000164328
1234	123500	0.000164328
1235	123600	0.000164328
1236	123700	0.000164328
1237	123800	0.000164328
1238	123900	0.000164328
1239	124000	0.000164328
1240	124100	0.000164328
1241	124200	0.000164328
1242	124300	0.000164328
1243	124400	0.000164328
1244	124500	0.000164328
1245	124600	0.000164328
1246	124700	0.000164328
1247	124800	0.000149557
1248	124900	0.000149557
1249	125000	0.000149557
1250	125100	0.000149557
1251	125200	0.000149557
1252	125300	0.000149557
1253	125400	0.000149557
1254	125500	0.000149557
1255	125600	0.000149557
1256	125700	0.000149557
1257	125800	0.000149557
1258	125900	0.000149557
1259	126000	0.000149557
1260	126100	0.000149557
1261	126200	0.000149557
1262	126300	0.000149557
1263	126400	0.000149557
1264	126500	0.000149557
1265	126600	0.000149557
1266	126700	0.000149557
1267	126800	0.000149557
1268	126900	0.000149557
1269	127000	0.000149557
1270	127100	0.000149557
1271	127200	0.000149557
1272	127300	0.000149557
1273	127400	0.000138604
1274	127500	0.000138604
1275	127600	0.000138604
1276	127700	0.000138604
1277	127800	0.000138604
1278	127900	0.000138604
1279	128000	0.000138604
1280	128100	0.000138604
1281	128200	0.000138604
1282	128300	0.000138604
1283	128400	0.000138604
1284	128500	0.000138604
1285	128600	0.000138604
1286	128700	0.000138604
1287	128800	0.000138604
1288	128900	0.000138604
1289	129000	0.000138604
1290	129100	0.000138604
1291	129200	0.000138604
1292	129300	0.000138604
1293	129400	0.000138604
1294	129500	0.000138604
1295	129600	0.000138604
1296	129700	0.000138604
1297	129800	0.000138604
1298	129900	0.000138604
1299	130000	0.000138604
1300	130100	0.000138604
1301	130200	0.000138604
1302	130300	0.000138604
1303	130400	0.000138604
1304	130500	0.000138604
1305	130600	0.000138604
1306	130700	0.000138604
1307	130800	0.000138604
1308	130900	0.000138604
1309	131000	0.000138604
1310	131100	0.000138604
1311	131200	0.000138604
1312	131300	0.000138604
1313	131400	0.000138604
1314	131500	0.000138604
1315	131600	0.000138604
1316	131700	0.000138604
1317	131800	0.000138604
1318	131900	0.000138604
1319	132000	0.000138604
1320	132100	0.000138604
1321	132200	0.000138604
1322	132300	0.000138604
1323	132400	0.000138604
1324	132500	0.000138604
1325	132600	0.000138604
1326	132700	0.000138604
1327	132800	0.000138604
1328	132900	0.000138604
1329	133000	0.000138604
1330	133100	0.000138604
1331	133200	0.000138604
1332	133300	0.000138604
1333	133400	0.000138604
1334	133500	0.000138604
1335	133600	0.000138604
1336	133700	0.000138604
1337	133800	0.000138604
1338	133900	0.000138604
1339	134000	0.000138604
1340	134100	0.000138604
1341	134200	0.000138604
1342	134300	0.000138604
1343	134400	0.000138604
1344	134500	0.000138604
1345	134600	0.000138604
1346	134700	0.000138604
1347	134800	0.000138604
1348	134900	0.000138604
1349	135000	0.000138604
1350	135100	0.000138604
1351	135200	0.000138604
1352	135300	0.000138604
1353	135400	0.000138604
1354	135500	0.000138604
1355	135600	0.000138604
1356	135700	0.000138604
1357	135800	0.000138604
1358	135900	0.000138604
1359	136000	0.000138604
1360	136100	0.000138604
1361	136200	0.000138604
1362	136300	0.000138604
1363	136400	0.000138604
1364	136500	0.000138604
1365	136600	0.000138604
1366	136700	0.000138604
1367	136800	0.000138604
1368	136900	0.000138604
1369	137000	0.000138604
1370	137100	0.000138604
1371	137200	0.000138604
1372	137300	0.000138604
1373	137400	0.000138604
1374	137500	0.000138604
1375	137600	0.000138604
1376	137700	0.000138604
1377	137800	0.000138604
1378	137900	0.000138604
1379	138000	0.000138604
1380	138100	0.000138604
1381	138200	0.000138604
1382	138300	0.000138604
1383	138400	0.000138604
1384	138500	0.000138604
1385	138600	0.000138604
1386	138700	0.000138604
1387	138800	0.000138604
1388	138900	0.000138604
1389	139000	0.000138604
1390	139100	0.000138604
1391	139200	0.000138604
1392	139300	0.000138604
1393	139400	0.000138604
1394	139500	0.000138604
1395	139600	0.000138604
1396	139700	0.000138604
1397	139800	0.000138604
1398	139900	0.000138604
1399	140000	0.000138604
1400	140100	0.000138604
1401	140200	0.000138604
1402	140300	0.000138604
1403	140400	0.000138604
1404	140500	0.000138604
1405	140600	0.000138604
1406	140700	0.000138604
1407	140800	0.000138604
1408	140900	0.000138604
1409	141000	0.000138604
1410	141100	0.000138604
1411	141200	0.000138604
1412	141300	0.000138604
1413	141400	0.000138604
1414	141500	0.000138604
1415	141600	0.000138604
1416	141700	0.000138604
1417	141800	0.000138604
1418	141900	0.000138604
1419	142000	0.000138604
1420	142100	0.000138604
1421	142200	0.000138604
1422	142300	0.000138604
1423	142400	0.000138604
1424	142500	0.000138604
1425	142600	0.000138604
1426	142700	0.000138604
1427	142800	0.000138604
1428	142900	0.000138604
1429	143000	0.000120313
1430	143100	0.000120313
1431	143200	0.000120313
1432	143300	0.000120313
1433	143400	0.000120313
1434	143500	0.000120313
1435	143600	0.000120313
1436	143700	0.000120313
1437	143800	0.000120313
1438	143900	0.000120313
1439	144000	0.000120313
1440	144100	0.000120313
1441	144200	0.000120313
1442	144300	0.000120313
1443	144400	0.000120313
1444	144500	0.000120313
1445	144600	0.000120313
1446	144700	0.000120313
1447	144800	0.000120313
1448	144900	0.000120313
1449	145000	0.000120313
1450	145100	0.000120313
1451	145200	0.000120313
1452	145300	0.000120313
1453	145400	0.000120313
1454	145500	0.000120313
1455	145600	0.000120313
1456	145700	0.000120313
1457	145800	0.000120313
1458	145900	0.000120313
1459	146000	0.000120313
1460	146100	0.000120313
1461	146200	0.000120313
1462	146300	0.000120313
1463	146400	0.000120313
1464	146500	0.000120313
1465	146600	0.000120313
1466	146700	0.000120313
1467	146800	0.000120313
1468	146900	0.000120313
1469	147000	0.000120313
1470	147100	0.000120313
1471	147200	0.000120313
1472	147300	0.000120313
1473	147400	0.000120313
1474	147500	0.000120313
1475	147600	0.000120313
1476	147700	0.000120313
1477	147800	0.000120313
1478	147900	0.000120313
1479	148000	0.000120313
1480	148100	0.000120313
1481	148200	0.000120313
1482	148300	0.000120313
1483	148400	0.000120313
1484	148500	0.000120313
1485	148600	0.000120313
1486	148700	0.000120313
1487	148800	0.000120313
1488	148900	0.000120313
1489	149000	0.000120313
1490	149100	0.000120313
1491	149200	0.000120313
1492	149300	0.000120313
1493	149400	0.000120313
1494	149500	0.000120313
1495	149600	0.000120313
1496	149700	0.000120313
1497	149800	0.000120313
1498	149900	0.000120313
1499	150000	0.000120313
1500	150100	0.000120313
1501	150200	0.000120313
1502	150300	0.000120313
1503	150400	0.000120313
1504	150500	0.000120313
1505	150600	0.000120313
1506	150700	0.000120313
1507	150800	0.000120313
1508	150900	0.000120313
1509	151000	0.000120313
1510	151100	0.000120313
1511	151200	0.000120313
1512	151300	0.000120313
1513	151400	0.000120313
1514	151500	0.000120313
1515	151600	0.000120313
1516	151700	0.000120313
1517	151800	0.000120313
1518	151900	0.000120313
1519	152000	0.000120313
1520	152100	0.000120313
1521	152200	4.18447e-005
1522	152300	4.18447e-005
1523	152400	4.18447e-005
1524	152500	4.18447e-005
1525	152600	4.18447e-005
1526	152700	4.18447e-005
1527	152800	4.18447e-005
1528	152900	4.18447e-005
1529	153000	4.18447e-005
1530	153100	4.18447e-005
1531	153200	4.18447e-005
1532	153300	4.18447e-005
1533	153400	4.18447e-005
1534	153500	4.18447e-005
1535	153600	4.18447e-005
1536	153700	4.18447e-005
1537	153800	4.18447e-005
1538	153900	4.18447e-005
1539	154000	4.18447e-005
1540	154100	4.18447e-005
1541	154200	4.18447e-005
1542	154300	4.18447e-005
1543	154400	4.18447e-005
1544	154500	4.18447e-005
1545	154600	4.18447e-005
1546	154700	4.18447e-005
1547	154800	4.18447e-005
1548	154900	4.18447e-005
1549	155000	4.18447e-005
1550	155100	4.18447e-005
1551	155200	4.18447e-005
1552	155300	4.18447e-005
1553	155400	4.18447e-005
1554	155500	4.18447e-005
1555	155600	4.18447e-005
1556	155700	4.18447e-005
1557	155800	4.18447e-005
1558	155900	4.18447e-005
1559	156000	4.18447e-005
1560	156100	4.18447e-005
1561	156200	4.18447e-005
1562	156300	4.18447e-005
1563	156400	4.18447e-005
1564	156500	4.18447e-005
1565	156600	4.18447e-005
1566	156700	4.18447e-005
1567	156800	4.18447e-005
1568	156900	4.18447e-005
1569	157000	4.18447e-005
1570	157100	4.18447e-005
1571	157200	4.18447e-005
1572	157300	4.18447e-005
1573	157400	4.18447e-005
1574	157500	4.18447e-005
1575	157600	4.18447e-005
1576	157700	4.18447e-005
1577	157800	4.18447e-005
1578	157900	4.18447e-005
1579	158000	4.18447e-005
1580	158100	4.18447e-005
1581	158200	4.18447e-005
1582	158300	4.18447e-005
1583	158400	4.18447e-005
1584	158500	4.18447e-005
1585	158600	4.18447e-005
1586	158700	4.18447e-005
1587	158800	4.18447e-005
1588	158900	4.18447e-005
1589	159000	4.18447e-005
1590	159100	4.18447e-005
1591	159200	4.18447e-005
1592	159300	4.18447e-005
1593	159400	4.18447e-005
1594	159500	4.18447e-005
1595	159600	4.18447e-005
1596	159700	4.18447e-005
1597	159800	4.18447e-005
1598	159900	4.18447e-005
1599	160000	4.18447e-005
1600	160100	4.18447e-005
1601	160200	4.18447e-005
1602	160300	4.18447e-005
1603	160400	4.18447e-005
1604	160500	4.18447e-005
1605	160600	4.18447e-005
1606	160700	4.18447e-005
1607	160800	4.18447e-005
1608	160900	4.18447e-005
1609	161000	4.18447e-005
1610	161100	4.18447e-005
1611	161200	4.18447e-005
1612	161300	4.18447e-005
1613	161400	4.18447e-005
1614	161500	4.18447e-005
1615	161600	4.18447e-005
1616	161700	4.18447e-005
1617	161800	4.18447e-005
1618	161900	4.18447e-005
1619	162000	4.18447e-005
1620	162100	4.18447e-005
1621	162200	4.18447e-005
1622	162300	4.18447e-005
1623	162400	4.18447e-005
1624	162500	4.18447e-005
1625	162600	4.18447e-005
1626	162700	4.18447e-005
1627	162800	4.18447e-005
1628	162900	4.18447e-005
1629	163000	4.18447e-005
1630	163100	4.18447e-005
1631	163200	4.18447e-005
1632	163300	4.18447e-005
1633	163400	4.18447e-005
1634	163500	4.18447e-005
1635	163600	4.18447e-005
1636	163700	4.18447e-005
1637	163800	4.18447e-005
1638	163900	4.18447e-005
1639	164000	4.18447e-005
1640	164100	4.18447e-005
1641	164200	4.18447e-005
1642	164300	4.18447e-005
1643	164400	4.18447e-005
1644	164500	4.18447e-005
1645	164600	4.18447e-005
1646	164700	4.18447e-005
1647	164800	4.18447e-005
1648	164900	4.18447e-005
1649	165000	4.18447e-005
1650	165100	4.18447e-005
1651	165200	4.18447e-005
1652	165300	4.18447e-005
1653	165400	4.18447e-005
1654	165500	4.18447e-005
1655	165600	4.18447e-005
1656	165700	4.18447e-005
1657	165800	4.18447e-005
1658	165900	4.18447e-005
1659	166000	4.18447e-005
1660	166100	4.18447e-005
1661	166200	4.18447e-005
1662	166300	4.18447e-005
1663	166400	4.18447e-005
1664	166500	4.18447e-005
1665	166600	4.18447e-005
1666	166700	4.18447e-005
1667	166800	4.18447e-005
1668	166900	4.18447e-005
1669	167000	4.18447e-005
1670	167100	4.18447e-005
1671	167200	4.18447e-005
1672	167300	4.18447e-005
1673	167400	4.18447e-005
1674	167500	4.18447e-005
1675	167600	4.18447e-005
1676	167700	4.18447e-005
1677	167800	4.18447e-005
1678	167900	4.18447e-005
1679	168000	4.18447e-005
1680	168100	4.18447e-005
1681	168200	4.18447e-005
1682	168300	4.18447e-005
1683	168400	4.18447e-005
1684	168500	4.18447e-005
1685	168600	4.18447e-005
1686	168700	4.18447e-005
1687	168800	4.18447e-005
1688	168900	4.18447e-005
1689	169000	4.18447e-005
1690	169100	4.18447e-005
1691	169200	4.18447e-005
1692	169300	4.18447e-005
1693	169400	4.18447e-005
1694	169500	4.18447e-005
1695	169600	4.18447e-005
1696	169700	4.18447e-005
1697	169800	4.18447e-005
1698	169900	4.18447e-005
1699	170000	4.18447e-005
1700	170100	4.18447e-005
1701	170200	4.18447e-005
1702	170300	4.18447e-005
1703	170400	4.18447e-005
1704	170500	4.18447e-005
1705	170600	4.18447e-005
1706	170700	4.18447e-005
1707	170800	4.18447e-005
1708	170900	4.18447e-005
1709	171000	4.18447e-005
1710	171100	4.18447e-005
1711	171200	4.18447e-005
1712	171300	4.18447e-005
1713	171400	4.18447e-005
1714	171500	4.18447e-005
1715	171600	4.18447e-005
1716	171700	4.18447e-005
1717	171800	4.18447e-005
1718	171900	4.18447e-005
1719	172000	4.18447e-005
1720	172100	4.18447e-005
1721	172200	4.18447e-005
1722	172300	4.18447e-005
1723	172400	4.18447e-005
1724	172500	4.18447e-005
1725	172600	4.18447e-005
1726	172700	4.18447e-005
1727	172800	4.18447e-005
1728	172900	4.18447e-005
1729	173000	4.18447e-005
1730	173100	4.18447e-005
1731	173200	4.18447e-005
1732	173300	4.18447e-005
1733	173400	4.18447e-005
1734	173500	4.18447e-005
1735	173600	4.18447e-005
1736	173700	4.18447e-005
1737	173800	4.18447e-005
1738	173900	4.18447e-005
1739	174000	4.18447e-005
1740	174100	4.18447e-005
1741	174200	4.18447e-005
1742	174300	4.18447e-005
1743	174400	4.18447e-005
1744	174500	4.18447e-005
1745	174600	4.18447e-005
1746	174700	4.18447e-005
1747	174800	4.18447e-005
1748	174900	4.18447e-005
1749	175000	4.18447e-005
1750	175100	4.18447e-005
1751	175200	4.18447e-005
1752	175300	4.18447e-005
1753	175400	4.18447e-005
1754	175500	4.18447e-005
1755	175600	4.18447e-005
1756	175700	4.18447e-005
1757	175800	4.18447e-005
1758	175900	4.18447e-005
1759	176000	4.18447e-005
1760	176100	4.18447e-005
1761	176200	4.18447e-005
1762	176300	4.18447e-005
1763	176400	4.18447e-005
1764	176500	4.18447e-005
1765	176600	4.18447e-005
1766	176700	4.18447e-005
1767	176800	4.18447e-005
1768	176900	4.18447e-005
1769	177000	4.18447e-005
1770	177100	4.18447e-005
1771	177200	4.18447e-005
1772	177300	4.18447e-005
1773	177400	4.18447e-005
1774	177500	4.18447e-005
1775	177600	4.18447e-005
1776	177700	4.18447e-005
1777	177800	4.18447e-005
1778	177900	4.18447e-005
1779	178000	4.18447e-005
1780	178100	4.18447e-005
1781	178200	4.18447e-005
1782	178300	4.18447e-005
1783	178400	4.18447e-005
1784	178500	4.18447e-005
1785	178600	4.18447e-005
1786	178700	4.18447e-005
1787	178800	4.18447e-005
1788	178900	4.18447e-005
1789	179000	4.18447e-005
1790	179100	4.18447e-005
1791	179200	4.18447e-005
1792	179300	4.18447e-005
1793	179400	4.18447e-005
1794	179500	4.18447e-005
1795	179600	4.18447e-005
1796	179700	4.18447e-005
1797	179800	4.18447e-005
1798	179900	4.18447e-005
1799	180000	4.18447e-005
1800	180100	4.18447e-005
1801	180200	4.18447e-005
1802	180300	4.18447e-005
1803	180400	4.18447e-005
1804	180500	4.18447e-005
1805	180600	4.18447e-005
1806	180700	4.18447e-005
1807	180800	4.18447e-005
1808	180900	4.18447e-005
1809	181000	4.18447e-005
1810	181100	4.18447e-005
1811	181200	4.18447e-005
1812	181300	4.18447e-005
1813	181400	4.18447e-005
1814	181500	4.18447e-005
1815	181600	4.18447e-005
1816	181700	4.18447e-005
1817	181800	4.18447e-005
1818	181900	4.18447e-005
1819	182000	4.18447e-005
1820	182100	4.18447e-005
1821	182200	4.18447e-005
1822	182300	4.18447e-005
1823	182400	4.18447e-005
1824	182500	4.18447e-005
1825	182600	4.18447e-005
1826	182700	4.18447e-005
1827	182800	4.18447e-005
1828	182900	4.18447e-005
1829	183000	4.18447e-005
1830	183100	4.18447e-005
1831	183200	4.18447e-005
1832	183300	4.18447e-005
1833	183400	4.18447e-005
1834	183500	4.18447e-005
1835	183600	4.18447e-005
1836	183700	4.18447e-005
1837	183800	4.18447e-005
1838	183900	4.18447e-005
1839	184000	4.18447e-005
1840	184100	4.18447e-005
1841	184200	4.18447e-005
1842	184300	4.18447e-005
1843	184400	4.18447e-005
1844	184500	4.18447e-005
1845	184600	4.18447e-005
1846	184700	4.18447e-005
1847	184800	4.18447e-005
1848	184900	4.18447e-005
1849	185000	4.18447e-005
1850	185100	4.18447e-005
1851	185200	4.18447e-005
1852	185300	4.18447e-005
1853	185400	4.18447e-005
1854	185500	4.18447e-005
1855	185600	4.18447e-005
1856	185700	4.18447e-005
1857	185800	4.18447e-005
1858	185900	4.18447e-005
1859	186000	4.18447e-005
1860	186100	4.18447e-005
1861	186200	4.18447e-005
1862	186300	4.18447e-005
1863	186400	4.18447e-005
1864	186500	4.18447e-005
1865	186600	4.18447e-005
1866	186700	4.18447e-005
1867	186800	4.18447e-005
1868	186900	4.18447e-005
1869	187000	4.18447e-005
1870	187100	4.18447e-005
1871	187200	4.18447e-005
1872	187300	4.18447e-005
1873	187400	4.18447e-005
1874	187500	4.18447e-005
1875	187600	4.18447e-005
1876	187700	4.18447e-005
1877	187800	4.18447e-005
1878	187900	4.18447e-005
1879	188000	4.18447e-005
1880	188100	4.18447e-005
1881	188200	4.18447e-005
1882	188300	4.18447e-005
1883	188400	4.18447e-005
1884	188500	4.18447e-005
1885	188600	4.18447e-005
1886	188700	4.18447e-005
1887	188800	4.18447e-005
1888	188900	4.18447e-005
1889	189000	4.18447e-005
1890	189100	4.18447e-005
1891	189200	4.18447e-005
1892	189300	4.18447e-005
1893	189400	4.18447e-005
1894	189500	4.18447e-005
1895	189600	4.18447e-005
1896	189700	4.18447e-005
1897	189800	4.18447e-005
1898	189900	4.18447e-005
1899	190000	4.18447e-005
1900	190100	4.18447e-005
1901	190200	4.18447e-005
1902	190300	4.18447e-005
1903	190400	4.18447e-005
1904	190500	4.18447e-005
1905	190600	4.18447e-005
1906	190700	4.18447e-005
1907	190800	4.18447e-005
1908	190900	4.18447e-005
1909	191000	4.18447e-005
1910	191100	4.18447e-005
1911	191200	4.18447e-005
1912	191300	4.18447e-005
1913	191400	4.18447e-005
1914	191500	4.18447e-005
1915	191600	4.18447e-005
1916	191700	4.18447e-005
1917	191800	4.18447e-005
1918	191900	4.18447e-005
1919	192000	4.18447e-005
1920	192100	4.18447e-005
1921	192200	4.18447e-005
1922	192300	4.18447e-005
1923	192400	4.18447e-005
1924	192500	4.18447e-005
1925	192600	4.18447e-005
1926	192700	4.18447e-005
1927	192800	4.18447e-005
1928	192900	4.18447e-005
1929	193000	4.18447e-005
1930	193100	4.18447e-005
1931	193200	4.18447e-005
1932	193300	4.18447e-005
1933	193400	4.18447e-005
1934	193500	4.18447e-005
1935	193600	4.18447e-005
1936	193700	4.18447e-005
1937	193800	4.18447e-005
1938	193900	4.18447e-005
1939	194000	4.18447e-005
1940	194100	4.18447e-005
1941	194200	4.18447e-005
1942	194300	4.18447e-005
1943	194400	4.18447e-005
1944	194500	4.18447e-005
1945	194600	4.18447e-005
1946	194700	4.18447e-005
1947	194800	4.18447e-005
1948	194900	4.18447e-005
1949	195000	4.18447e-005
1950	195100	4.18447e-005
1951	195200	4.18447e-005
1952	195300	4.18447e-005
1953	195400	4.18447e-005
1954	195500	4.18447e-005
1955	195600	4.18447e-005
1956	195700	4.18447e-005
1957	195800	4.18447e-005
1958	195900	4.18447e-005
1959	196000	4.18447e-005
1960	196100	4.18447e-005
1961	196200	4.18447e-005
1962	196300	4.18447e-005
1963	196400	4.18447e-005
1964	196500	4.18447e-005
1965	196600	4.18447e-005
1966	196700	4.18447e-005
1967	196800	4.18447e-005
1968	196900	4.18447e-005
1969	197000	4.18447e-005
1970	197100	4.18447e-005
1971	197200	4.18447e-005
1972	197300	4.18447e-005
1973	197400	4.18447e-005
1974	197500	4.18447e-005
1975	197600	4.18447e-005
1976	197700	4.18447e-005
1977	197800	4.18447e-005
1978	197900	4.18447e-005
1979	198000	4.18447e-005
1980	198100	4.18447e-005
1981	198200	4.18447e-005
1982	198300	4.18447e-005
1983	198400	4.18447e-005
1984	198500	4.18447e-005
1985	198600	4.18447e-005
1986	198700	4.18447e-005
1987	198800	4.18447e-005
1988	198900	4.18447e-005
1989	199000	4.18447e-005
1990	199100	4.18447e-005
1991	199200	4.18447e-005
1992	199300	4.18447e-005
1993	199400	4.18447e-005
1994	199500	4.18447e-005
1995	199600	4.18447e-005
1996	199700	4.18447e-005
1997	199800	4.18447e-005
1998	199900	4.18447e-005
1999	200000	4.18447e-005
2000	200100	4.18447e-005
