1	200	204.423
2	300	152.413
3	400	131.07
4	500	47.1667
5	600	43.3014
6	700	28.1236
7	800	25.3406
8	900	22.5726
9	1000	22.0261
10	1100	21.3582
11	1200	19.6293
12	1300	12.1845
13	1400	10.2796
14	1500	9.61166
15	1600	9.61166
16	1700	7.86803
17	1800	5.2952
18	1900	3.0246
19	2000	2.98083
20	2100	2.46514
21	2200	2.39136
22	2300	1.83033
23	2400	1.83033
24	2500	1.69053
25	2600	1.69053
26	2700	1.66148
27	2800	1.66148
28	2900	1.55
29	3000	1.5129
30	3100	1.48384
31	3200	1.47226
32	3300	1.25155
33	3400	1.21444
34	3500	1.21366
35	3600	1.21366
36	3700	1.21366
37	3800	1.21366
38	3900	1.21366
39	4000	1.21366
40	4100	1.17177
41	4200	1.17177
42	4300	1.13966
43	4400	0.523692
44	4500	0.523692
45	4600	0.523692
46	4700	0.523692
47	4800	0.523692
48	4900	0.498342
49	5000	0.498342
50	5100	0.389794
51	5200	0.386822
52	5300	0.386822
53	5400	0.35394
54	5500	0.350968
55	5600	0.350968
56	5700	0.350968
57	5800	0.341664
58	5900	0.341664
59	6000	0.341664
60	6100	0.341664
61	6200	0.341664
62	6300	0.261922
63	6400	0.261922
64	6500	0.261922
65	6600	0.261922
66	6700	0.261922
67	6800	0.261922
68	6900	0.261922
69	7000	0.261922
70	7100	0.261922
71	7200	0.261922
72	7300	0.261922
73	7400	0.261922
74	7500	0.261922
75	7600	0.261922
76	7700	0.261922
77	7800	0.261922
78	7900	0.261922
79	8000	0.261922
80	8100	0.261922
81	8200	0.261922
82	8300	0.261922
83	8400	0.261922
84	8500	0.261922
85	8600	0.261693
86	8700	0.251283
87	8800	0.251283
88	8900	0.251283
89	9000	0.251283
90	9100	0.251283
91	9200	0.251283
92	9300	0.251283
93	9400	0.251283
94	9500	0.242534
95	9600	0.242534
96	9700	0.242534
97	9800	0.242534
98	9900	0.242534
99	10000	0.209007
100	10100	0.209007
101	10200	0.209007
102	10300	0.209007
103	10400	0.202116
104	10500	0.202116
105	10600	0.202116
106	10700	0.202116
107	10800	0.202116
108	10900	0.202116
109	11000	0.202116
110	11100	0.202116
111	11200	0.202116
112	11300	0.202116
113	11400	0.202116
114	11500	0.202116
115	11600	0.202116
116	11700	0.202116
117	11800	0.171147
118	11900	0.171147
119	12000	0.171147
120	12100	0.171147
121	12200	0.171147
122	12300	0.171147
123	12400	0.171147
124	12500	0.112269
125	12600	0.112269
126	12700	0.112269
127	12800	0.112269
128	12900	0.112269
129	13000	0.112269
130	13100	0.112269
131	13200	0.112269
132	13300	0.108973
133	13400	0.108973
134	13500	0.0440377
135	13600	0.0440377
136	13700	0.0440377
137	13800	0.0440377
138	13900	0.0440377
139	14000	0.0431226
140	14100	0.0431226
141	14200	0.0431226
142	14300	0.0431226
143	14400	0.0431226
144	14500	0.0431226
145	14600	0.0431226
146	14700	0.0431226
147	14800	0.0431226
148	14900	0.0431226
149	15000	0.0431226
150	15100	0.0431226
151	15200	0.0431226
152	15300	0.0431226
153	15400	0.0431226
154	15500	0.0431226
155	15600	0.0431226
156	15700	0.0431226
157	15800	0.0431226
158	15900	0.0431226
159	16000	0.0431226
160	16100	0.0431226
161	16200	0.0431226
162	16300	0.04222
163	16400	0.04222
164	16500	0.04222
165	16600	0.04222
166	16700	0.0421606
167	16800	0.0421606
168	16900	0.0421606
169	17000	0.0421606
170	17100	0.0421606
171	17200	0.0421606
172	17300	0.0421606
173	17400	0.0421606
174	17500	0.0421606
175	17600	0.0421606
176	17700	0.0421606
177	17800	0.0365296
178	17900	0.0358113
179	18000	0.0358113
180	18100	0.0358113
181	18200	0.0358113
182	18300	0.0349112
183	18400	0.0349112
184	18500	0.0349112
185	18600	0.0349112
186	18700	0.0349112
187	18800	0.0349112
188	18900	0.0349112
189	19000	0.0349112
190	19100	0.0349112
191	19200	0.0349112
192	19300	0.0349112
193	19400	0.0349112
194	19500	0.0349112
195	19600	0.0349112
196	19700	0.0349112
197	19800	0.0349112
198	19900	0.0349112
199	20000	0.0349112
200	20100	0.0349112
201	20200	0.0349112
202	20300	0.0349112
203	20400	0.0349112
204	20500	0.0349112
205	20600	0.0349112
206	20700	0.0349112
207	20800	0.0294269
208	20900	0.0294269
209	21000	0.0294269
210	21100	0.0294269
211	21200	0.0294269
212	21300	0.0294269
213	21400	0.0294269
214	21500	0.0294269
215	21600	0.0246951
216	21700	0.0246951
217	21800	0.0246951
218	21900	0.0246951
219	22000	0.0246951
220	22100	0.0246951
221	22200	0.0246951
222	22300	0.0246951
223	22400	0.0246951
224	22500	0.0246951
225	22600	0.0246951
226	22700	0.0246951
227	22800	0.0246951
228	22900	0.0246951
229	23000	0.0246951
230	23100	0.0246951
231	23200	0.0246951
232	23300	0.0246951
233	23400	0.0246951
234	23500	0.0246951
235	23600	0.0246951
236	23700	0.0246951
237	23800	0.0246951
238	23900	0.0246951
239	24000	0.0246951
240	24100	0.0246951
241	24200	0.0246951
242	24300	0.0246951
243	24400	0.0246951
244	24500	0.0246951
245	24600	0.0246951
246	24700	0.0246951
247	24800	0.0246951
248	24900	0.0246951
249	25000	0.0246951
250	25100	0.0246951
251	25200	0.0246951
252	25300	0.0246951
253	25400	0.0246951
254	25500	0.0246951
255	25600	0.0246951
256	25700	0.0246951
257	25800	0.0246951
258	25900	0.0246951
259	26000	0.0246951
260	26100	0.0246951
261	26200	0.0246951
262	26300	0.0246951
263	26400	0.0246951
264	26500	0.0246951
265	26600	0.0246951
266	26700	0.0246951
267	26800	0.0246951
268	26900	0.0246951
269	27000	0.0246951
270	27100	0.0246951
271	27200	0.0246951
272	27300	0.0246951
273	27400	0.0246951
274	27500	0.0246951
275	27600	0.0246951
276	27700	0.0246629
277	27800	0.0246629
278	27900	0.0246629
279	28000	0.0246629
280	28100	0.0246629
281	28200	0.0246629
282	28300	0.0229389
283	28400	0.0229389
284	28500	0.0229389
285	28600	0.0229389
286	28700	0.0204734
287	28800	0.0204734
288	28900	0.0204734
289	29000	0.0204734
290	29100	0.0204734
291	29200	0.0204734
292	29300	0.0204734
293	29400	0.0204734
294	29500	0.0204734
295	29600	0.0204734
296	29700	0.0204734
297	29800	0.0204734
298	29900	0.0204734
299	30000	0.0204734
300	30100	0.0204734
301	30200	0.0204734
302	30300	0.0204734
303	30400	0.0189567
304	30500	0.0189567
305	30600	0.0189567
306	30700	0.0189567
307	30800	0.0189567
308	30900	0.0189567
309	31000	0.0189567
310	31100	0.0189567
311	31200	0.0168274
312	31300	0.0168274
313	31400	0.0168274
314	31500	0.0168274
315	31600	0.0168274
316	31700	0.0168274
317	31800	0.0168274
318	31900	0.0168274
319	32000	0.0168274
320	32100	0.0168274
321	32200	0.0168274
322	32300	0.0168274
323	32400	0.0168274
324	32500	0.0168274
325	32600	0.0168274
326	32700	0.0168274
327	32800	0.0168274
328	32900	0.0168274
329	33000	0.0168274
330	33100	0.0168274
331	33200	0.0168274
332	33300	0.0168274
333	33400	0.0168274
334	33500	0.0165043
335	33600	0.0165043
336	33700	0.0165043
337	33800	0.0165043
338	33900	0.0165043
339	34000	0.0165043
340	34100	0.0165043
341	34200	0.0165043
342	34300	0.0165043
343	34400	0.0165043
344	34500	0.0165043
345	34600	0.0165043
346	34700	0.0165043
347	34800	0.0165043
348	34900	0.0165043
349	35000	0.0165043
350	35100	0.0165043
351	35200	0.0165043
352	35300	0.0165043
353	35400	0.0165043
354	35500	0.0165043
355	35600	0.0165043
356	35700	0.0165043
357	35800	0.0165043
358	35900	0.0165043
359	36000	0.0165043
360	36100	0.0165043
361	36200	0.0165043
362	36300	0.0165043
363	36400	0.0165043
364	36500	0.0165043
365	36600	0.0165043
366	36700	0.0165043
367	36800	0.0165043
368	36900	0.0165043
369	37000	0.0165043
370	37100	0.0165043
371	37200	0.0165043
372	37300	0.0165043
373	37400	0.0165043
374	37500	0.0165043
375	37600	0.0165043
376	37700	0.0165043
377	37800	0.0165043
378	37900	0.0165043
379	38000	0.0165043
380	38100	0.0165037
381	38200	0.00676012
382	38300	0.00676012
383	38400	0.00676012
384	38500	0.00676012
385	38600	0.00676012
386	38700	0.00676012
387	38800	0.00676012
388	38900	0.00676012
389	39000	0.00676012
390	39100	0.00676012
391	39200	0.00676012
392	39300	0.00676012
393	39400	0.00676012
394	39500	0.00676012
395	39600	0.00676012
396	39700	0.00676012
397	39800	0.00676012
398	39900	0.00676012
399	40000	0.00676012
400	40100	0.00676012
401	40200	0.00676012
402	40300	0.00676012
403	40400	0.00676012
404	40500	0.00676012
405	40600	0.00676012
406	40700	0.00676012
407	40800	0.00676012
408	40900	0.00676012
409	41000	0.00676012
410	41100	0.00676012
411	41200	0.00676012
412	41300	0.00676012
413	41400	0.00676012
414	41500	0.00676012
415	41600	0.00676012
416	41700	0.00676012
417	41800	0.00676012
418	41900	0.00676012
419	42000	0.00676012
420	42100	0.00676012
421	42200	0.00676012
422	42300	0.00676012
423	42400	0.00676012
424	42500	0.00676012
425	42600	0.00676012
426	42700	0.00676012
427	42800	0.00676012
428	42900	0.00676012
429	43000	0.00676012
430	43100	0.00676012
431	43200	0.00676012
432	43300	0.00676012
433	43400	0.00676012
434	43500	0.00676012
435	43600	0.00676012
436	43700	0.00676012
437	43800	0.00676012
438	43900	0.0060092
439	44000	0.0060092
440	44100	0.0060092
441	44200	0.0060092
442	44300	0.0060092
443	44400	0.0060092
444	44500	0.0060092
445	44600	0.0060092
446	44700	0.0060092
447	44800	0.0060092
448	44900	0.0060092
449	45000	0.0060092
450	45100	0.0060092
451	45200	0.0060092
452	45300	0.0055501
453	45400	0.0055501
454	45500	0.0055501
455	45600	0.0055501
456	45700	0.0055501
457	45800	0.0055501
458	45900	0.0055501
459	46000	0.0055501
460	46100	0.0055501
461	46200	0.0055501
462	46300	0.0055501
463	46400	0.0055501
464	46500	0.0055501
465	46600	0.0055501
466	46700	0.0055501
467	46800	0.0055501
468	46900	0.0055501
469	47000	0.0055501
470	47100	0.0055501
471	47200	0.0055501
472	47300	0.0055501
473	47400	0.0055501
474	47500	0.0055501
475	47600	0.0055501
476	47700	0.0055501
477	47800	0.0055501
478	47900	0.0055501
479	48000	0.0055501
480	48100	0.0055501
481	48200	0.0055501
482	48300	0.0055501
483	48400	0.0055501
484	48500	0.0055501
485	48600	0.0055501
486	48700	0.0055501
487	48800	0.0055501
488	48900	0.0055501
489	49000	0.0055501
490	49100	0.0055501
491	49200	0.0055501
492	49300	0.0055501
493	49400	0.0055501
494	49500	0.0055501
495	49600	0.0055501
496	49700	0.0055501
497	49800	0.0055501
498	49900	0.0055501
499	50000	0.0055501
500	50100	0.0055501
501	50200	0.0055501
502	50300	0.0055501
503	50400	0.0055501
504	50500	0.0055501
505	50600	0.0055501
506	50700	0.0055501
507	50800	0.0055501
508	50900	0.0055501
509	51000	0.0055501
510	51100	0.0055501
511	51200	0.0055501
512	51300	0.0055501
513	51400	0.0055501
514	51500	0.0055501
515	51600	0.0055501
516	51700	0.0055501
517	51800	0.0055501
518	51900	0.0055501
519	52000	0.0055501
520	52100	0.0055501
521	52200	0.0055501
522	52300	0.0055501
523	52400	0.0055501
524	52500	0.0055501
525	52600	0.0055501
526	52700	0.0055501
527	52800	0.0055501
528	52900	0.0055501
529	53000	0.0055501
530	53100	0.0055501
531	53200	0.0055501
532	53300	0.0055501
533	53400	0.0055501
534	53500	0.0055501
535	53600	0.0055501
536	53700	0.0055501
537	53800	0.0055501
538	53900	0.0055501
539	54000	0.00554324
540	54100	0.00554324
541	54200	0.00554324
542	54300	0.00547211
543	54400	0.00547211
544	54500	0.00547211
545	54600	0.00547211
546	54700	0.0044204
547	54800	0.0044204
548	54900	0.0044204
549	55000	0.0044204
550	55100	0.0044204
551	55200	0.0044204
552	55300	0.0044204
553	55400	0.0044204
554	55500	0.0044204
555	55600	0.0044204
556	55700	0.0044204
557	55800	0.0044204
558	55900	0.0044204
559	56000	0.0044204
560	56100	0.0044204
561	56200	0.0044204
562	56300	0.0044204
563	56400	0.0044204
564	56500	0.0044204
565	56600	0.0044204
566	56700	0.0044204
567	56800	0.0044204
568	56900	0.0044204
569	57000	0.0044204
570	57100	0.0044204
571	57200	0.0044204
572	57300	0.0044204
573	57400	0.0044204
574	57500	0.0044204
575	57600	0.0044204
576	57700	0.0044204
577	57800	0.0044204
578	57900	0.0044204
579	58000	0.0044204
580	58100	0.0044204
581	58200	0.0044204
582	58300	0.0044204
583	58400	0.0044204
584	58500	0.0044204
585	58600	0.0044204
586	58700	0.0044204
587	58800	0.0044204
588	58900	0.0044204
589	59000	0.0044204
590	59100	0.0044204
591	59200	0.0044204
592	59300	0.0044204
593	59400	0.0044204
594	59500	0.0044204
595	59600	0.0044204
596	59700	0.0044204
597	59800	0.0044204
598	59900	0.0044204
599	60000	0.0044204
600	60100	0.0044204
601	60200	0.0044204
602	60300	0.0044204
603	60400	0.0044204
604	60500	0.0044204
605	60600	0.0044204
606	60700	0.0044204
607	60800	0.0044204
608	60900	0.0044204
609	61000	0.0044204
610	61100	0.0044204
611	61200	0.0044204
612	61300	0.0043535
613	61400	0.0043535
614	61500	0.0043535
615	61600	0.0043535
616	61700	0.0043535
617	61800	0.0043535
618	61900	0.0043535
619	62000	0.0043535
620	62100	0.00364013
621	62200	0.00364013
622	62300	0.00364013
623	62400	0.00362378
624	62500	0.00362378
625	62600	0.00362378
626	62700	0.00345439
627	62800	0.00345439
628	62900	0.00345439
629	63000	0.00345439
630	63100	0.00345439
631	63200	0.00345439
632	63300	0.00345439
633	63400	0.00345439
634	63500	0.00345439
635	63600	0.00345439
636	63700	0.00345439
637	63800	0.00345439
638	63900	0.00345439
639	64000	0.00345439
640	64100	0.00345439
641	64200	0.00345439
642	64300	0.00345439
643	64400	0.00345439
644	64500	0.00345439
645	64600	0.00345439
646	64700	0.00345439
647	64800	0.00345439
648	64900	0.00345439
649	65000	0.00345439
650	65100	0.00345439
651	65200	0.00345439
652	65300	0.00345439
653	65400	0.00345439
654	65500	0.00345439
655	65600	0.00345439
656	65700	0.00345439
657	65800	0.00345439
658	65900	0.00345439
659	66000	0.00345439
660	66100	0.00345439
661	66200	0.00345439
662	66300	0.00345439
663	66400	0.00345439
664	66500	0.00345439
665	66600	0.00345439
666	66700	0.00345439
667	66800	0.00345439
668	66900	0.00345439
669	67000	0.00345439
670	67100	0.00345439
671	67200	0.00345439
672	67300	0.00345439
673	67400	0.00345439
674	67500	0.00345439
675	67600	0.00345439
676	67700	0.00345439
677	67800	0.00118854
678	67900	0.00118854
679	68000	0.00118854
680	68100	0.00118854
681	68200	0.00118854
682	68300	0.00118854
683	68400	0.00118854
684	68500	0.00118854
685	68600	0.00118854
686	68700	0.00118854
687	68800	0.00118854
688	68900	0.00118854
689	69000	0.00118854
690	69100	0.00118854
691	69200	0.00118854
692	69300	0.00118854
693	69400	0.00118854
694	69500	0.00118854
695	69600	0.00118854
696	69700	0.00118854
697	69800	0.00118854
698	69900	0.00118854
699	70000	0.00118854
700	70100	0.00118854
701	70200	0.00118854
702	70300	0.00118854
703	70400	0.00118854
704	70500	0.00118854
705	70600	0.00118854
706	70700	0.00118854
707	70800	0.00118854
708	70900	0.0011868
709	71000	0.0011868
710	71100	0.0011868
711	71200	0.0011868
712	71300	0.0011868
713	71400	0.0011868
714	71500	0.0011868
715	71600	0.0011868
716	71700	0.0011868
717	71800	0.0011868
718	71900	0.0011868
719	72000	0.0011868
720	72100	0.0011868
721	72200	0.0011868
722	72300	0.0011868
723	72400	0.0011868
724	72500	0.0011868
725	72600	0.0011868
726	72700	0.0011868
727	72800	0.0011868
728	72900	0.0011868
729	73000	0.0011868
730	73100	0.0011868
731	73200	0.0011868
732	73300	0.0011868
733	73400	0.0011868
734	73500	0.0011868
735	73600	0.0011868
736	73700	0.0011868
737	73800	0.0011868
738	73900	0.0011868
739	74000	0.0011868
740	74100	0.0011868
741	74200	0.0011868
742	74300	0.0011868
743	74400	0.0011868
744	74500	0.0011868
745	74600	0.0011868
746	74700	0.0011868
747	74800	0.0011868
748	74900	0.0011868
749	75000	0.0011868
750	75100	0.0011868
751	75200	0.0011868
752	75300	0.0011868
753	75400	0.0011868
754	75500	0.0011868
755	75600	0.0011868
756	75700	0.0011868
757	75800	0.0011868
758	75900	0.0011868
759	76000	0.0011868
760	76100	0.0011868
761	76200	0.0011868
762	76300	0.0011868
763	76400	0.0011868
764	76500	0.0011868
765	76600	0.0011868
766	76700	0.0011868
767	76800	0.0011868
768	76900	0.0011868
769	77000	0.0011868
770	77100	0.0011868
771	77200	0.0011868
772	77300	0.0011868
773	77400	0.0011868
774	77500	0.0011868
775	77600	0.0011868
776	77700	0.0011868
777	77800	0.0011868
778	77900	0.0011868
779	78000	0.0011868
780	78100	0.0011868
781	78200	0.0011868
782	78300	0.0011868
783	78400	0.0011868
784	78500	0.0011868
785	78600	0.0011868
786	78700	0.0011868
787	78800	0.0011868
788	78900	0.0011868
789	79000	0.0011868
790	79100	0.0011868
791	79200	0.00118583
792	79300	0.00118583
793	79400	0.00118583
794	79500	0.00118583
795	79600	0.00118583
796	79700	0.00118583
797	79800	0.00118583
798	79900	0.00118583
799	80000	0.00118583
800	80100	0.00118583
801	80200	0.00118583
802	80300	0.00118583
803	80400	0.00118583
804	80500	0.00118583
805	80600	0.00118583
806	80700	0.00118583
807	80800	0.00118583
808	80900	0.00118583
809	81000	0.00118583
810	81100	0.00118583
811	81200	0.00118583
812	81300	0.00118583
813	81400	0.00118583
814	81500	0.00118583
815	81600	0.00118583
816	81700	0.00118583
817	81800	0.00118583
818	81900	0.00118583
819	82000	0.00118583
820	82100	0.00118583
821	82200	0.00118583
822	82300	0.00118583
823	82400	0.00118583
824	82500	0.00118583
825	82600	0.00118583
826	82700	0.00118583
827	82800	0.00118583
828	82900	0.00118583
829	83000	0.00118583
830	83100	0.00118583
831	83200	0.00118583
832	83300	0.00118583
833	83400	0.00118583
834	83500	0.00118583
835	83600	0.00118583
836	83700	0.00118583
837	83800	0.00118583
838	83900	0.00118583
839	84000	0.00118583
840	84100	0.00118583
841	84200	0.00118583
842	84300	0.00118583
843	84400	0.00118583
844	84500	0.00118583
845	84600	0.00118583
846	84700	0.00118583
847	84800	0.00118583
848	84900	0.00118583
849	85000	0.00118583
850	85100	0.00118583
851	85200	0.00118583
852	85300	0.00115268
853	85400	0.00115268
854	85500	0.00115268
855	85600	0.00115268
856	85700	0.00115268
857	85800	0.00115268
858	85900	0.000541969
859	86000	0.000541969
860	86100	0.000541969
861	86200	0.000541969
862	86300	0.000541969
863	86400	0.000541969
864	86500	0.000541969
865	86600	0.000541969
866	86700	0.000541969
867	86800	0.000541969
868	86900	0.000541969
869	87000	0.000541969
870	87100	0.000541969
871	87200	0.000541969
872	87300	0.000541969
873	87400	0.000541969
874	87500	0.000541969
875	87600	0.000541969
876	87700	0.000541969
877	87800	0.000541969
878	87900	0.000474256
879	88000	0.000474256
880	88100	0.000474256
881	88200	0.000474256
882	88300	0.000474256
883	88400	0.000474256
884	88500	0.000474256
885	88600	0.000474256
886	88700	0.000474256
887	88800	0.000474256
888	88900	0.000474256
889	89000	0.000474256
890	89100	0.000474256
891	89200	0.000474256
892	89300	0.000474256
893	89400	0.000474256
894	89500	0.000474256
895	89600	0.000474256
896	89700	0.000474256
897	89800	0.000474256
898	89900	0.000474256
899	90000	0.000474256
900	90100	0.000474256
901	90200	0.000474256
902	90300	0.000474256
903	90400	0.000474256
904	90500	0.000474256
905	90600	0.000474256
906	90700	0.000474256
907	90800	0.000474256
908	90900	0.000474256
909	91000	0.000474256
910	91100	0.000474256
911	91200	0.000474256
912	91300	0.000474256
913	91400	0.000474256
914	91500	0.000474256
915	91600	0.000474256
916	91700	0.000474256
917	91800	0.000474256
918	91900	0.000474256
919	92000	0.000474256
920	92100	0.000474256
921	92200	0.000474256
922	92300	0.000474256
923	92400	0.000474256
924	92500	0.000474256
925	92600	0.000474256
926	92700	0.000474256
927	92800	0.000474256
928	92900	0.000474256
929	93000	0.000474256
930	93100	0.000474256
931	93200	0.000474256
932	93300	0.000474256
933	93400	0.000474256
934	93500	0.000474256
935	93600	0.000474256
936	93700	0.000474256
937	93800	0.000474256
938	93900	0.000474256
939	94000	0.000474256
940	94100	0.000474256
941	94200	0.000474256
942	94300	0.000474256
943	94400	0.000474256
944	94500	0.000474256
945	94600	0.000474256
946	94700	0.000474256
947	94800	0.000474256
948	94900	0.000474256
949	95000	0.000474256
950	95100	0.000474256
951	95200	0.000474256
952	95300	0.000474256
953	95400	0.000474256
954	95500	0.000474256
955	95600	0.000474256
956	95700	0.000474256
957	95800	0.000474256
958	95900	0.000474256
959	96000	0.000474256
960	96100	0.000474256
961	96200	0.000474256
962	96300	0.000474256
963	96400	0.000474256
964	96500	0.000474256
965	96600	0.000474256
966	96700	0.000474256
967	96800	0.000474256
968	96900	0.000474256
969	97000	0.000474256
970	97100	0.000474256
971	97200	0.000474256
972	97300	0.000474256
973	97400	0.000474256
974	97500	0.000474256
975	97600	0.000474256
976	97700	0.000474256
977	97800	0.000474256
978	97900	0.000474256
979	98000	0.000474256
980	98100	0.000474256
981	98200	0.000474256
982	98300	0.000474256
983	98400	0.000474256
984	98500	0.000474256
985	98600	0.000474256
986	98700	0.000474256
987	98800	0.000474256
988	98900	0.000474256
989	99000	0.000474256
990	99100	0.000474256
991	99200	0.000474256
992	99300	0.000474256
993	99400	0.000474256
994	99500	0.000474256
995	99600	0.000474256
996	99700	0.000474256
997	99800	0.000474256
998	99900	0.000474256
999	100000	0.000474256
1000	100100	0.000474256
1001	100200	0.000474256
1002	100300	0.000474256
1003	100400	0.000474256
1004	100500	0.000474256
1005	100600	0.000474256
1006	100700	0.000474256
1007	100800	0.000474256
1008	100900	0.000474256
1009	101000	0.000474256
1010	101100	0.000474256
1011	101200	0.000474256
1012	101300	0.000474256
1013	101400	0.000474256
1014	101500	0.000474256
1015	101600	0.000474256
1016	101700	0.000474256
1017	101800	0.000474256
1018	101900	0.000474256
1019	102000	0.000474256
1020	102100	0.000474256
1021	102200	0.000474256
1022	102300	0.000474256
1023	102400	0.000474256
1024	102500	0.000474256
1025	102600	0.000474256
1026	102700	0.000474256
1027	102800	0.000474256
1028	102900	0.000474256
1029	103000	0.000474256
1030	103100	0.000474256
1031	103200	0.000474256
1032	103300	0.000474256
1033	103400	0.000474256
1034	103500	0.000474256
1035	103600	0.000474256
1036	103700	0.000474256
1037	103800	0.000474256
1038	103900	0.000474256
1039	104000	0.000474256
1040	104100	0.000474256
1041	104200	0.000474256
1042	104300	0.000474256
1043	104400	0.000474256
1044	104500	0.000474256
1045	104600	0.000474256
1046	104700	0.000474256
1047	104800	0.000432921
1048	104900	0.000432921
1049	105000	0.000432921
1050	105100	0.000432921
1051	105200	0.000432921
1052	105300	0.000432921
1053	105400	0.000432921
1054	105500	0.000432921
1055	105600	0.000432921
1056	105700	0.000432921
1057	105800	0.000432921
1058	105900	0.000432921
1059	106000	0.000432921
1060	106100	0.000432921
1061	106200	0.000432921
1062	106300	0.000432921
1063	106400	0.000432921
1064	106500	0.000432921
1065	106600	0.000432921
1066	106700	0.000432921
1067	106800	0.000432921
1068	106900	0.000432921
1069	107000	0.000432921
1070	107100	0.000432921
1071	107200	0.000432921
1072	107300	0.000432921
1073	107400	0.000432921
1074	107500	0.000432921
1075	107600	0.000432921
1076	107700	0.000432921
1077	107800	0.000432921
1078	107900	0.000432921
1079	108000	0.000432921
1080	108100	0.000432921
1081	108200	0.000432921
1082	108300	0.000432921
1083	108400	0.000432921
1084	108500	0.000432921
1085	108600	0.000432921
1086	108700	0.000432921
1087	108800	0.000432921
1088	108900	0.000432921
1089	109000	0.000432921
1090	109100	0.000432921
1091	109200	0.000432921
1092	109300	0.000432921
1093	109400	0.000432921
1094	109500	0.000432921
1095	109600	0.000432921
1096	109700	0.000432921
1097	109800	0.000432921
1098	109900	0.000432921
1099	110000	0.000432921
1100	110100	0.000432921
1101	110200	0.000432921
1102	110300	0.000432921
1103	110400	0.000432921
1104	110500	0.000432921
1105	110600	0.000432921
1106	110700	0.000432921
1107	110800	0.000432921
1108	110900	0.000432921
1109	111000	0.000432921
1110	111100	0.000432921
1111	111200	0.000432921
1112	111300	0.000432921
1113	111400	0.000432921
1114	111500	0.000432921
1115	111600	0.000432921
1116	111700	0.000432921
1117	111800	0.000432921
1118	111900	0.000432921
1119	112000	0.000432921
1120	112100	0.000432921
1121	112200	0.000432921
1122	112300	0.000432921
1123	112400	0.000432921
1124	112500	0.000432921
1125	112600	0.000432921
1126	112700	0.000432921
1127	112800	0.000432921
1128	112900	0.000432921
1129	113000	0.000432921
1130	113100	0.000432921
1131	113200	0.000432921
1132	113300	0.000432921
1133	113400	0.000432921
1134	113500	0.000432921
1135	113600	0.000432921
1136	113700	0.000432921
1137	113800	0.000432921
1138	113900	0.000432921
1139	114000	0.000432921
1140	114100	0.000432921
1141	114200	0.000432921
1142	114300	0.000432921
1143	114400	0.000432921
1144	114500	0.000432921
1145	114600	0.000432921
1146	114700	0.000432921
1147	114800	0.000432921
1148	114900	0.000432921
1149	115000	0.000432921
1150	115100	0.000432921
1151	115200	0.000432921
1152	115300	0.000432921
1153	115400	0.000432921
1154	115500	0.000432921
1155	115600	0.000432921
1156	115700	0.000432921
1157	115800	0.000432921
1158	115900	0.000432921
1159	116000	0.000432921
1160	116100	0.000432921
1161	116200	0.000432921
1162	116300	0.000432921
1163	116400	0.000432921
1164	116500	0.000432921
1165	116600	0.000432921
1166	116700	0.000432921
1167	116800	0.000432921
1168	116900	0.000432921
1169	117000	0.000432921
1170	117100	0.000432921
1171	117200	0.000432921
1172	117300	0.000432921
1173	117400	0.000432921
1174	117500	0.000432921
1175	117600	0.000432921
1176	117700	0.000432921
1177	117800	0.000432921
1178	117900	0.000432921
1179	118000	0.000432921
1180	118100	0.000432921
1181	118200	0.000432921
1182	118300	0.000432921
1183	118400	0.000432921
1184	118500	0.000432921
1185	118600	0.000432921
1186	118700	0.000432921
1187	118800	0.000432921
1188	118900	0.000432921
1189	119000	0.000432921
1190	119100	0.000432921
1191	119200	0.000432921
1192	119300	0.000432921
1193	119400	0.000432921
1194	119500	0.000432921
1195	119600	0.000432921
1196	119700	0.000432921
1197	119800	0.000432921
1198	119900	0.000432921
1199	120000	0.000432921
1200	120100	0.000432921
1201	120200	0.000432921
1202	120300	0.000432921
1203	120400	0.000432921
1204	120500	0.000432921
1205	120600	0.000432921
1206	120700	0.000432921
1207	120800	0.000432921
1208	120900	0.000432921
1209	121000	0.000432921
1210	121100	0.000432921
1211	121200	0.000432921
1212	121300	0.000432921
1213	121400	0.000432921
1214	121500	0.000432921
1215	121600	0.000432921
1216	121700	0.000432921
1217	121800	0.000432921
1218	121900	0.000432921
1219	122000	0.000432921
1220	122100	0.000432921
1221	122200	0.000432921
1222	122300	0.000432921
1223	122400	0.000432921
1224	122500	0.000432921
1225	122600	0.000432921
1226	122700	0.000432921
1227	122800	0.000432921
1228	122900	0.000432921
1229	123000	0.000432921
1230	123100	0.000432921
1231	123200	0.000432921
1232	123300	0.000432921
1233	123400	0.000432921
1234	123500	0.000432921
1235	123600	0.000432921
1236	123700	0.000432921
1237	123800	0.000432921
1238	123900	0.000432921
1239	124000	0.000432921
1240	124100	0.000432921
1241	124200	0.000432921
1242	124300	0.000432921
1243	124400	0.000432921
1244	124500	0.000432921
1245	124600	0.000432921
1246	124700	0.000432921
1247	124800	0.000432921
1248	124900	0.000432921
1249	125000	0.000432921
1250	125100	0.000432921
1251	125200	0.000432921
1252	125300	0.000432921
1253	125400	0.000432921
1254	125500	0.000432921
1255	125600	0.000432921
1256	125700	0.000432921
1257	125800	0.000432921
1258	125900	0.000432921
1259	126000	0.000432921
1260	126100	0.000432921
1261	126200	0.000432921
1262	126300	0.000432921
1263	126400	0.000432921
1264	126500	0.000432921
1265	126600	0.000432921
1266	126700	0.000432921
1267	126800	0.000432921
1268	126900	0.000432921
1269	127000	0.000432921
1270	127100	0.000432921
1271	127200	0.000124822
1272	127300	0.000124822
1273	127400	0.000124822
1274	127500	0.000124822
1275	127600	0.000124822
1276	127700	0.000124822
1277	127800	0.000124822
1278	127900	0.000124822
1279	128000	0.000124822
1280	128100	0.000124822
1281	128200	0.000124822
1282	128300	0.000124822
1283	128400	0.000124822
1284	128500	0.000124822
1285	128600	0.000124822
1286	128700	0.000124822
1287	128800	0.000124822
1288	128900	0.000124822
1289	129000	0.000124822
1290	129100	0.000124822
1291	129200	0.000124822
1292	129300	0.000124822
1293	129400	0.000124822
1294	129500	0.000124822
1295	129600	0.000124822
1296	129700	0.000124822
1297	129800	0.000124822
1298	129900	0.000124822
1299	130000	0.000124822
1300	130100	0.000124822
1301	130200	0.000124822
1302	130300	0.000124822
1303	130400	0.000124822
1304	130500	0.000124822
1305	130600	0.000124822
1306	130700	0.000124822
1307	130800	0.000124822
1308	130900	0.000124822
1309	131000	0.000124822
1310	131100	0.000124822
1311	131200	0.000124822
1312	131300	0.000124822
1313	131400	0.000124822
1314	131500	0.000124822
1315	131600	0.000124822
1316	131700	0.000124822
1317	131800	0.000124822
1318	131900	0.000124822
1319	132000	0.000124822
1320	132100	0.000124822
1321	132200	0.000124822
1322	132300	0.000124822
1323	132400	0.000124822
1324	132500	0.000124822
1325	132600	0.000124822
1326	132700	0.000124822
1327	132800	0.000124822
1328	132900	0.000124822
1329	133000	0.000124822
1330	133100	0.000124822
1331	133200	0.000124822
1332	133300	0.000124822
1333	133400	0.000124822
1334	133500	0.000124822
1335	133600	0.000124822
1336	133700	0.000124822
1337	133800	0.000124822
1338	133900	0.000124822
1339	134000	0.000124822
1340	134100	0.000124822
1341	134200	0.000124822
1342	134300	0.000124822
1343	134400	0.000124822
1344	134500	0.000124822
1345	134600	0.000124822
1346	134700	0.000124822
1347	134800	0.000124822
1348	134900	0.000124822
1349	135000	0.000124822
1350	135100	0.000124822
1351	135200	0.000124822
1352	135300	0.000124822
1353	135400	0.000124822
1354	135500	0.000124822
1355	135600	0.000124822
1356	135700	0.000124822
1357	135800	0.000124822
1358	135900	0.000124822
1359	136000	0.000124822
1360	136100	0.000124822
1361	136200	0.000124822
1362	136300	0.000124822
1363	136400	0.000124822
1364	136500	0.000124822
1365	136600	0.000124822
1366	136700	0.000124822
1367	136800	0.000124822
1368	136900	0.000124822
1369	137000	0.000124822
1370	137100	0.000124822
1371	137200	0.000124822
1372	137300	0.000124822
1373	137400	0.000124822
1374	137500	0.000124822
1375	137600	0.000124822
1376	137700	0.000124822
1377	137800	0.000124822
1378	137900	0.000124822
1379	138000	0.000124822
1380	138100	0.000124822
1381	138200	0.000124822
1382	138300	0.000124822
1383	138400	0.000124822
1384	138500	0.000124822
1385	138600	0.000124822
1386	138700	0.000124822
1387	138800	0.000124822
1388	138900	0.000124822
1389	139000	0.000124822
1390	139100	0.000124822
1391	139200	0.000124822
1392	139300	0.000124822
1393	139400	0.000124822
1394	139500	0.000124822
1395	139600	0.000124822
1396	139700	0.000124822
1397	139800	0.000124822
1398	139900	0.000124822
1399	140000	0.000124822
1400	140100	0.000124822
1401	140200	0.000124822
1402	140300	0.000124822
1403	140400	0.000124822
1404	140500	0.000124822
1405	140600	0.000124822
1406	140700	0.000124822
1407	140800	0.000124822
1408	140900	0.000124822
1409	141000	0.000124822
1410	141100	0.000124822
1411	141200	0.000124822
1412	141300	0.000124822
1413	141400	0.000124822
1414	141500	0.000124822
1415	141600	0.000124822
1416	141700	0.000124822
1417	141800	0.000124822
1418	141900	0.000124822
1419	142000	0.000124822
1420	142100	0.000124822
1421	142200	0.000124822
1422	142300	0.000124822
1423	142400	0.000124822
1424	142500	0.000124822
1425	142600	0.000124822
1426	142700	0.000124822
1427	142800	0.000124822
1428	142900	0.000124822
1429	143000	0.000124822
1430	143100	0.000124822
1431	143200	0.000124822
1432	143300	0.000124822
1433	143400	0.000124822
1434	143500	0.000124822
1435	143600	0.000124822
1436	143700	0.000124822
1437	143800	0.000124822
1438	143900	0.000124822
1439	144000	0.000124822
1440	144100	0.000124822
1441	144200	0.000124822
1442	144300	0.000124822
1443	144400	0.000124822
1444	144500	0.000124822
1445	144600	0.000124822
1446	144700	0.000124822
1447	144800	0.000124822
1448	144900	0.000124822
1449	145000	0.000124822
1450	145100	0.000124822
1451	145200	0.000124822
1452	145300	0.000124822
1453	145400	0.000124822
1454	145500	0.000124822
1455	145600	0.000124822
1456	145700	0.000124822
1457	145800	0.000124822
1458	145900	0.000124822
1459	146000	0.000124822
1460	146100	0.000124822
1461	146200	0.000124822
1462	146300	0.000124822
1463	146400	0.000124822
1464	146500	0.000124822
1465	146600	0.000124822
1466	146700	0.000124822
1467	146800	0.000124822
1468	146900	0.000124822
1469	147000	0.000124822
1470	147100	0.000124822
1471	147200	0.000124822
1472	147300	0.000124822
1473	147400	0.000124822
1474	147500	0.000124822
1475	147600	0.000124822
1476	147700	0.000124822
1477	147800	0.000124822
1478	147900	0.000124822
1479	148000	0.000124822
1480	148100	0.000124822
1481	148200	0.000124822
1482	148300	0.000124822
1483	148400	0.000124822
1484	148500	0.000124822
1485	148600	0.000124822
1486	148700	0.000124822
1487	148800	0.000124822
1488	148900	0.000124822
1489	149000	0.000124822
1490	149100	0.000124822
1491	149200	0.000124822
1492	149300	0.000124822
1493	149400	0.000124822
1494	149500	0.000124822
1495	149600	0.000124822
1496	149700	0.000124822
1497	149800	0.000124822
1498	149900	0.000124822
1499	150000	0.000124822
1500	150100	0.000124822
1501	150200	0.000124822
1502	150300	0.000124822
1503	150400	0.000124822
1504	150500	0.000124822
1505	150600	0.000124822
1506	150700	0.000124822
1507	150800	0.000124822
1508	150900	0.000124822
1509	151000	0.000124822
1510	151100	0.000124822
1511	151200	0.000124822
1512	151300	0.000124822
1513	151400	0.000124822
1514	151500	0.000124822
1515	151600	0.000124822
1516	151700	0.000124822
1517	151800	0.000124822
1518	151900	0.000124822
1519	152000	0.000124822
1520	152100	0.000124822
1521	152200	0.000124822
1522	152300	0.000124822
1523	152400	0.000124822
1524	152500	0.000124822
1525	152600	0.000124822
1526	152700	0.000124822
1527	152800	0.000124822
1528	152900	0.000124822
1529	153000	0.000124822
1530	153100	0.000124822
1531	153200	0.000124822
1532	153300	0.000124822
1533	153400	0.000124822
1534	153500	0.000124822
1535	153600	0.000124822
1536	153700	0.000124822
1537	153800	0.000124822
1538	153900	0.000124822
1539	154000	0.000124822
1540	154100	0.000124822
1541	154200	0.000124822
1542	154300	0.000124822
1543	154400	0.000124822
1544	154500	0.000124822
1545	154600	0.000124822
1546	154700	0.000124822
1547	154800	0.000124822
1548	154900	0.000124822
1549	155000	0.000120109
1550	155100	0.000120109
1551	155200	0.000120109
1552	155300	0.000120109
1553	155400	0.000120109
1554	155500	0.000120109
1555	155600	0.000120109
1556	155700	0.000120109
1557	155800	0.000120109
1558	155900	0.000120109
1559	156000	0.000120109
1560	156100	0.000120109
1561	156200	0.000120109
1562	156300	0.000120109
1563	156400	0.000120109
1564	156500	0.000120109
1565	156600	0.000120109
1566	156700	0.000120109
1567	156800	0.000120109
1568	156900	0.000120109
1569	157000	0.000120109
1570	157100	0.000120109
1571	157200	0.000120109
1572	157300	0.000120109
1573	157400	0.000120109
1574	157500	0.000120109
1575	157600	0.000120109
1576	157700	0.000120109
1577	157800	0.000120109
1578	157900	0.000120109
1579	158000	0.000120109
1580	158100	0.000120109
1581	158200	0.000120109
1582	158300	0.000120109
1583	158400	0.000120109
1584	158500	0.000120109
1585	158600	0.000120109
1586	158700	0.000120109
1587	158800	0.000120109
1588	158900	0.000120109
1589	159000	0.000120109
1590	159100	0.000120109
1591	159200	0.000120109
1592	159300	0.000120109
1593	159400	0.000120109
1594	159500	0.000120109
1595	159600	0.000120109
1596	159700	0.000120109
1597	159800	0.000120109
1598	159900	0.000120109
1599	160000	0.000120109
1600	160100	0.000120109
1601	160200	0.000120109
1602	160300	0.000120109
1603	160400	0.000120109
1604	160500	0.000120109
1605	160600	0.000120109
1606	160700	0.000120109
1607	160800	0.000120109
1608	160900	0.000120109
1609	161000	0.000120109
1610	161100	0.000120109
1611	161200	0.000120109
1612	161300	0.000120109
1613	161400	0.000120109
1614	161500	0.000120109
1615	161600	0.000120109
1616	161700	0.000120109
1617	161800	0.000120109
1618	161900	0.000120109
1619	162000	0.000120109
1620	162100	0.000120109
1621	162200	0.000120109
1622	162300	0.000120109
1623	162400	0.000120109
1624	162500	0.000120109
1625	162600	0.000120109
1626	162700	0.000120109
1627	162800	0.000120109
1628	162900	0.000120109
1629	163000	0.000120109
1630	163100	0.000120109
1631	163200	0.000120109
1632	163300	0.000120109
1633	163400	0.000120109
1634	163500	0.000120109
1635	163600	0.000120109
1636	163700	0.000120109
1637	163800	0.000120109
1638	163900	0.000120109
1639	164000	0.000120109
1640	164100	0.000120109
1641	164200	0.000120109
1642	164300	0.000120109
1643	164400	0.000120109
1644	164500	0.000120109
1645	164600	0.000120109
1646	164700	0.000120109
1647	164800	0.000120109
1648	164900	0.000120109
1649	165000	0.000120109
1650	165100	0.000120109
1651	165200	0.000120109
1652	165300	0.000120109
1653	165400	0.000120109
1654	165500	0.000120109
1655	165600	0.000120109
1656	165700	0.000120109
1657	165800	0.000120109
1658	165900	0.000120109
1659	166000	0.000120109
1660	166100	0.000120109
1661	166200	0.000120109
1662	166300	0.000120109
1663	166400	0.000120109
1664	166500	0.000120109
1665	166600	0.000120109
1666	166700	0.000120109
1667	166800	0.000120109
1668	166900	0.000120109
1669	167000	0.000120109
1670	167100	0.000120109
1671	167200	0.000120109
1672	167300	0.000120109
1673	167400	0.000120109
1674	167500	0.000120109
1675	167600	0.000120109
1676	167700	0.000120109
1677	167800	0.000120109
1678	167900	0.000120109
1679	168000	0.000120109
1680	168100	0.000120109
1681	168200	0.000120109
1682	168300	0.000120109
1683	168400	0.000120109
1684	168500	0.000120109
1685	168600	0.000120109
1686	168700	0.000120109
1687	168800	0.000120109
1688	168900	0.000120109
1689	169000	0.000120109
1690	169100	0.000120109
1691	169200	0.000120109
1692	169300	0.000120109
1693	169400	0.000120109
1694	169500	0.000120109
1695	169600	0.000120109
1696	169700	0.000120109
1697	169800	0.000120109
1698	169900	0.000120109
1699	170000	0.000120109
1700	170100	0.000120109
1701	170200	0.000120109
1702	170300	0.000120109
1703	170400	0.000120109
1704	170500	0.000120109
1705	170600	0.000120109
1706	170700	0.000120109
1707	170800	0.000120109
1708	170900	0.000120109
1709	171000	0.000120109
1710	171100	0.000120109
1711	171200	0.000120109
1712	171300	0.000120109
1713	171400	0.000120109
1714	171500	0.000120109
1715	171600	0.000120109
1716	171700	0.000120109
1717	171800	0.000120109
1718	171900	0.000120109
1719	172000	0.000120109
1720	172100	0.000120109
1721	172200	0.000120109
1722	172300	0.000120109
1723	172400	0.000120109
1724	172500	0.000120109
1725	172600	0.000120109
1726	172700	0.000120109
1727	172800	0.000120109
1728	172900	0.000120109
1729	173000	0.000120109
1730	173100	0.000120109
1731	173200	0.000120109
1732	173300	0.000120109
1733	173400	0.000120109
1734	173500	0.000120109
1735	173600	0.000120109
1736	173700	0.000120109
1737	173800	0.000120109
1738	173900	0.000120109
1739	174000	0.000120109
1740	174100	0.000120109
1741	174200	0.000120109
1742	174300	0.000120109
1743	174400	0.000120109
1744	174500	0.000120109
1745	174600	0.000120109
1746	174700	0.000120109
1747	174800	0.000120109
1748	174900	0.000120109
1749	175000	0.000120109
1750	175100	0.000120109
1751	175200	0.000120109
1752	175300	0.000120109
1753	175400	0.000120109
1754	175500	0.000120109
1755	175600	0.000120109
1756	175700	0.000120109
1757	175800	0.000120109
1758	175900	0.000120109
1759	176000	0.000120109
1760	176100	0.000120109
1761	176200	0.000120109
1762	176300	0.000120109
1763	176400	0.000120109
1764	176500	0.000120109
1765	176600	0.000120109
1766	176700	0.000120109
1767	176800	0.000120109
1768	176900	0.000120109
1769	177000	0.000120109
1770	177100	0.000120109
1771	177200	0.000120109
1772	177300	0.000120109
1773	177400	0.000120109
1774	177500	0.000120109
1775	177600	0.000120109
1776	177700	0.000120109
1777	177800	0.000120109
1778	177900	0.000120109
1779	178000	0.000120109
1780	178100	0.000120109
1781	178200	0.000120109
1782	178300	0.000120109
1783	178400	0.000120109
1784	178500	0.000120109
1785	178600	0.000120109
1786	178700	0.000120109
1787	178800	0.000120109
1788	178900	0.000120109
1789	179000	0.000120109
1790	179100	0.000120109
1791	179200	0.000120109
1792	179300	0.000120109
1793	179400	0.000120109
1794	179500	0.000120109
1795	179600	0.000120109
1796	179700	0.000120109
1797	179800	0.000120109
1798	179900	0.000120109
1799	180000	0.000120109
1800	180100	0.000120109
1801	180200	0.000120109
1802	180300	0.000120109
1803	180400	0.000120109
1804	180500	0.000120109
1805	180600	0.000120109
1806	180700	0.000120109
1807	180800	0.000120109
1808	180900	0.000120109
1809	181000	0.000120109
1810	181100	0.000120109
1811	181200	0.000120109
1812	181300	0.000120109
1813	181400	0.000120109
1814	181500	0.000120109
1815	181600	0.000120109
1816	181700	0.000120109
1817	181800	0.000120109
1818	181900	0.000120109
1819	182000	0.000120109
1820	182100	0.000120109
1821	182200	0.000120109
1822	182300	0.000120109
1823	182400	0.000120109
1824	182500	0.000120109
1825	182600	0.000120109
1826	182700	0.000120109
1827	182800	0.000120109
1828	182900	0.000120109
1829	183000	0.000120109
1830	183100	0.000120109
1831	183200	0.000120109
1832	183300	0.000120109
1833	183400	0.000120109
1834	183500	0.000120109
1835	183600	0.000120109
1836	183700	0.000120109
1837	183800	0.000120109
1838	183900	0.000120109
1839	184000	0.000120109
1840	184100	0.000120109
1841	184200	0.000120109
1842	184300	0.000120109
1843	184400	0.000120109
1844	184500	0.000120109
1845	184600	0.000120109
1846	184700	0.000120109
1847	184800	0.000120109
1848	184900	0.000120109
1849	185000	0.000120109
1850	185100	0.000120109
1851	185200	0.000120109
1852	185300	0.000120109
1853	185400	0.000120109
1854	185500	0.000120109
1855	185600	0.000120109
1856	185700	0.000120109
1857	185800	0.000120109
1858	185900	0.000120109
1859	186000	0.000120109
1860	186100	0.000120109
1861	186200	0.000120109
1862	186300	0.000120109
1863	186400	0.000120109
1864	186500	0.000120109
1865	186600	0.000120109
1866	186700	0.000120109
1867	186800	0.000120109
1868	186900	0.000120109
1869	187000	0.000120109
1870	187100	0.000120109
1871	187200	0.000120109
1872	187300	0.000120109
1873	187400	0.000120109
1874	187500	0.000120109
1875	187600	0.000120109
1876	187700	0.000120109
1877	187800	0.000120109
1878	187900	0.000120109
1879	188000	0.000120109
1880	188100	0.000120109
1881	188200	0.000120109
1882	188300	0.000120109
1883	188400	0.000120109
1884	188500	0.000120109
1885	188600	0.000120109
1886	188700	0.000120109
1887	188800	0.000120109
1888	188900	0.000120109
1889	189000	0.000120109
1890	189100	0.000120109
1891	189200	0.000120109
1892	189300	0.000120109
1893	189400	0.000120109
1894	189500	0.000120109
1895	189600	0.000120109
1896	189700	0.000120109
1897	189800	0.000120109
1898	189900	0.000120109
1899	190000	0.000120109
1900	190100	0.000120109
1901	190200	0.000120109
1902	190300	0.000120109
1903	190400	0.000120109
1904	190500	0.000120109
1905	190600	0.000120109
1906	190700	0.000120109
1907	190800	0.000120109
1908	190900	0.000120109
1909	191000	0.000120109
1910	191100	0.000120109
1911	191200	0.000120109
1912	191300	0.000120109
1913	191400	0.000120109
1914	191500	0.000120109
1915	191600	0.000120109
1916	191700	0.000120109
1917	191800	0.000120109
1918	191900	0.000120109
1919	192000	0.000120109
1920	192100	0.000120109
1921	192200	0.000120109
1922	192300	0.000120109
1923	192400	0.000120109
1924	192500	0.000120109
1925	192600	0.000120109
1926	192700	0.000120109
1927	192800	0.000120109
1928	192900	0.000120109
1929	193000	0.000120109
1930	193100	0.000120109
1931	193200	0.000120109
1932	193300	0.000120109
1933	193400	0.000120109
1934	193500	0.000120109
1935	193600	0.000120109
1936	193700	0.000120109
1937	193800	0.000120109
1938	193900	0.000120109
1939	194000	0.000120109
1940	194100	0.000120109
1941	194200	0.000120109
1942	194300	0.000120109
1943	194400	0.000120109
1944	194500	0.000120109
1945	194600	0.000120109
1946	194700	0.000120109
1947	194800	0.000120109
1948	194900	0.000120109
1949	195000	0.000120109
1950	195100	0.000120109
1951	195200	0.000120109
1952	195300	0.000120109
1953	195400	0.000120109
1954	195500	0.000120109
1955	195600	0.000120109
1956	195700	0.000120109
1957	195800	0.000120109
1958	195900	0.000120109
1959	196000	0.000120109
1960	196100	0.000120109
1961	196200	7.11566e-005
1962	196300	7.11566e-005
1963	196400	7.11566e-005
1964	196500	7.11566e-005
1965	196600	7.11566e-005
1966	196700	7.11566e-005
1967	196800	7.11566e-005
1968	196900	7.11566e-005
1969	197000	7.11566e-005
1970	197100	7.11566e-005
1971	197200	7.11566e-005
1972	197300	7.11566e-005
1973	197400	7.11566e-005
1974	197500	7.11566e-005
1975	197600	7.11566e-005
1976	197700	7.11566e-005
1977	197800	7.11566e-005
1978	197900	7.11566e-005
1979	198000	7.11566e-005
1980	198100	7.11566e-005
1981	198200	7.11566e-005
1982	198300	7.11566e-005
1983	198400	7.11566e-005
1984	198500	7.11566e-005
1985	198600	7.11566e-005
1986	198700	7.11566e-005
1987	198800	7.11566e-005
1988	198900	7.11566e-005
1989	199000	7.11566e-005
1990	199100	7.11566e-005
1991	199200	7.11566e-005
1992	199300	7.11566e-005
1993	199400	7.11566e-005
1994	199500	7.11566e-005
1995	199600	7.11566e-005
1996	199700	7.11566e-005
1997	199800	7.11566e-005
1998	199900	7.11566e-005
1999	200000	7.11566e-005
2000	200100	7.11566e-005
