1	200	399.546
2	300	116.214
3	400	66.7218
4	500	45.8181
5	600	44.161
6	700	22.9256
7	800	19.1569
8	900	19.1569
9	1000	18.3191
10	1100	13.6269
11	1200	10.6144
12	1300	9.24147
13	1400	5.63104
14	1500	5.32883
15	1600	4.19888
16	1700	4.18879
17	1800	3.05884
18	1900	3.05884
19	2000	2.92507
20	2100	2.92507
21	2200	2.92507
22	2300	2.1072
23	2400	2.1072
24	2500	1.9233
25	2600	1.9233
26	2700	1.9233
27	2800	1.51219
28	2900	1.46895
29	3000	1.46895
30	3100	1.46895
31	3200	1.46895
32	3300	1.46895
33	3400	1.46895
34	3500	1.46895
35	3600	1.46895
36	3700	1.42047
37	3800	1.42047
38	3900	1.42047
39	4000	0.825729
40	4100	0.825729
41	4200	0.825729
42	4300	0.825729
43	4400	0.763161
44	4500	0.525657
45	4600	0.525657
46	4700	0.525657
47	4800	0.496825
48	4900	0.496825
49	5000	0.496825
50	5100	0.428593
51	5200	0.428593
52	5300	0.428593
53	5400	0.428593
54	5500	0.428593
55	5600	0.428593
56	5700	0.364249
57	5800	0.364249
58	5900	0.364249
59	6000	0.222714
60	6100	0.222714
61	6200	0.222714
62	6300	0.222714
63	6400	0.217325
64	6500	0.217325
65	6600	0.217325
66	6700	0.181545
67	6800	0.181545
68	6900	0.181545
69	7000	0.153585
70	7100	0.153585
71	7200	0.153585
72	7300	0.153585
73	7400	0.0644021
74	7500	0.0644021
75	7600	0.0644021
76	7700	0.0644021
77	7800	0.0561256
78	7900	0.0561256
79	8000	0.0561256
80	8100	0.0459136
81	8200	0.0459136
82	8300	0.0459136
83	8400	0.0459136
84	8500	0.0459136
85	8600	0.0459136
86	8700	0.0459136
87	8800	0.0459136
88	8900	0.0459136
89	9000	0.0459136
90	9100	0.0459136
91	9200	0.0459136
92	9300	0.0459136
93	9400	0.0459136
94	9500	0.0459136
95	9600	0.0459136
96	9700	0.0459136
97	9800	0.0459136
98	9900	0.0459136
99	10000	0.0459136
100	10100	0.0459136
101	10200	0.0459136
102	10300	0.0459136
103	10400	0.0459136
104	10500	0.0459136
105	10600	0.0459136
106	10700	0.0459136
107	10800	0.0459136
108	10900	0.0459136
109	11000	0.0459136
110	11100	0.0459136
111	11200	0.0459136
112	11300	0.0459136
113	11400	0.0459136
114	11500	0.0459136
115	11600	0.0459136
116	11700	0.0459136
117	11800	0.0459136
118	11900	0.0459136
119	12000	0.0459136
120	12100	0.0459136
121	12200	0.0459136
122	12300	0.0459136
123	12400	0.0459136
124	12500	0.0459136
125	12600	0.0459136
126	12700	0.0459136
127	12800	0.0459136
128	12900	0.0459136
129	13000	0.0362297
130	13100	0.0362297
131	13200	0.0238809
132	13300	0.022385
133	13400	0.022385
134	13500	0.022385
135	13600	0.022385
136	13700	0.022385
137	13800	0.022385
138	13900	0.022385
139	14000	0.0146749
140	14100	0.0146749
141	14200	0.0146749
142	14300	0.0146749
143	14400	0.0146749
144	14500	0.0146749
145	14600	0.0146749
146	14700	0.0146749
147	14800	0.0146749
148	14900	0.0146749
149	15000	0.0146749
150	15100	0.0146749
151	15200	0.0146749
152	15300	0.0146749
153	15400	0.0146749
154	15500	0.0146749
155	15600	0.0146749
156	15700	0.0146749
157	15800	0.0146749
158	15900	0.0146749
159	16000	0.0146749
160	16100	0.0146749
161	16200	0.0146749
162	16300	0.0146749
163	16400	0.0146749
164	16500	0.0146749
165	16600	0.0146749
166	16700	0.0146749
167	16800	0.0146749
168	16900	0.0146749
169	17000	0.0146749
170	17100	0.0146749
171	17200	0.0146749
172	17300	0.0146749
173	17400	0.0146749
174	17500	0.0122882
175	17600	0.0122882
176	17700	0.0122882
177	17800	0.0122882
178	17900	0.0122882
179	18000	0.0122882
180	18100	0.0122882
181	18200	0.0122882
182	18300	0.0122882
183	18400	0.0122882
184	18500	0.0122882
185	18600	0.0122882
186	18700	0.0122882
187	18800	0.0122882
188	18900	0.0122882
189	19000	0.0122882
190	19100	0.0122882
191	19200	0.0122882
192	19300	0.0122882
193	19400	0.0122882
194	19500	0.0122882
195	19600	0.0122882
196	19700	0.0122882
197	19800	0.0122882
198	19900	0.0122882
199	20000	0.0122882
200	20100	0.00952012
201	20200	0.00952012
202	20300	0.00952012
203	20400	0.00945178
204	20500	0.00945178
205	20600	0.00945178
206	20700	0.00945178
207	20800	0.00945178
208	20900	0.00945178
209	21000	0.00945178
210	21100	0.00945178
211	21200	0.00945178
212	21300	0.00945178
213	21400	0.00945178
214	21500	0.00945178
215	21600	0.00945178
216	21700	0.00945178
217	21800	0.00945178
218	21900	0.00945178
219	22000	0.00945178
220	22100	0.00945178
221	22200	0.00945178
222	22300	0.00945178
223	22400	0.00945178
224	22500	0.00945178
225	22600	0.00945178
226	22700	0.00945178
227	22800	0.00945178
228	22900	0.00945178
229	23000	0.00945178
230	23100	0.00945178
231	23200	0.00945178
232	23300	0.00945178
233	23400	0.00945178
234	23500	0.00945178
235	23600	0.00945178
236	23700	0.00945178
237	23800	0.00945178
238	23900	0.00945178
239	24000	0.00945178
240	24100	0.00945178
241	24200	0.00945178
242	24300	0.00945178
243	24400	0.00945178
244	24500	0.00945178
245	24600	0.00945178
246	24700	0.00945178
247	24800	0.00945178
248	24900	0.00945178
249	25000	0.00945178
250	25100	0.00945178
251	25200	0.00945178
252	25300	0.00945178
253	25400	0.00945178
254	25500	0.00945178
255	25600	0.00945178
256	25700	0.00945178
257	25800	0.00945178
258	25900	0.00945178
259	26000	0.00945178
260	26100	0.00945178
261	26200	0.00945178
262	26300	0.00945178
263	26400	0.00945178
264	26500	0.00945178
265	26600	0.00945178
266	26700	0.00945178
267	26800	0.00680544
268	26900	0.00680544
269	27000	0.00680544
270	27100	0.00680544
271	27200	0.00657922
272	27300	0.00657922
273	27400	0.00657922
274	27500	0.00657922
275	27600	0.00657922
276	27700	0.00657922
277	27800	0.00657922
278	27900	0.00657922
279	28000	0.00657922
280	28100	0.00657922
281	28200	0.00657922
282	28300	0.00657922
283	28400	0.00657922
284	28500	0.00657922
285	28600	0.00657922
286	28700	0.00657922
287	28800	0.00657922
288	28900	0.00657922
289	29000	0.00657922
290	29100	0.00657922
291	29200	0.00657922
292	29300	0.00657922
293	29400	0.00657922
294	29500	0.00657922
295	29600	0.00657922
296	29700	0.00657922
297	29800	0.00657922
298	29900	0.00657922
299	30000	0.00657922
300	30100	0.00657922
301	30200	0.00657922
302	30300	0.00657922
303	30400	0.00657922
304	30500	0.00657922
305	30600	0.00657922
306	30700	0.00657922
307	30800	0.00657922
308	30900	0.00657922
309	31000	0.00657922
310	31100	0.00657922
311	31200	0.00657922
312	31300	0.00657922
313	31400	0.00657922
314	31500	0.00657922
315	31600	0.00657922
316	31700	0.00657922
317	31800	0.00657922
318	31900	0.00657922
319	32000	0.00657922
320	32100	0.00657922
321	32200	0.00657922
322	32300	0.00657922
323	32400	0.00657922
324	32500	0.00657922
325	32600	0.00657922
326	32700	0.00657922
327	32800	0.00657922
328	32900	0.00657922
329	33000	0.00657922
330	33100	0.00657922
331	33200	0.00657922
332	33300	0.00657922
333	33400	0.00657922
334	33500	0.00410974
335	33600	0.00410974
336	33700	0.00410974
337	33800	0.00410974
338	33900	0.00410974
339	34000	0.00410974
340	34100	0.00410974
341	34200	0.00410974
342	34300	0.00410974
343	34400	0.00410974
344	34500	0.00410974
345	34600	0.00410974
346	34700	0.00410974
347	34800	0.00410974
348	34900	0.00410974
349	35000	0.00410974
350	35100	0.00387593
351	35200	0.00387593
352	35300	0.00387593
353	35400	0.00387593
354	35500	0.00387593
355	35600	0.00387593
356	35700	0.00387593
357	35800	0.00387593
358	35900	0.00387593
359	36000	0.00387593
360	36100	0.00387593
361	36200	0.00387593
362	36300	0.00387593
363	36400	0.00387593
364	36500	0.00387593
365	36600	0.00387593
366	36700	0.00387593
367	36800	0.00387593
368	36900	0.00387593
369	37000	0.00387593
370	37100	0.00387593
371	37200	0.00387593
372	37300	0.00387593
373	37400	0.00387593
374	37500	0.00387593
375	37600	0.00387593
376	37700	0.00387593
377	37800	0.00387593
378	37900	0.00387593
379	38000	0.00387593
380	38100	0.00387593
381	38200	0.00387593
382	38300	0.00387593
383	38400	0.00387593
384	38500	0.00387593
385	38600	0.00387593
386	38700	0.00387593
387	38800	0.00387593
388	38900	0.00387593
389	39000	0.00387593
390	39100	0.00373871
391	39200	0.00373871
392	39300	0.00373871
393	39400	0.00373871
394	39500	0.00373871
395	39600	0.00373871
396	39700	0.00373871
397	39800	0.00373871
398	39900	0.0035846
399	40000	0.0035846
400	40100	0.0035846
401	40200	0.0035846
402	40300	0.0035846
403	40400	0.0035846
404	40500	0.0035846
405	40600	0.0035846
406	40700	0.0035846
407	40800	0.0035846
408	40900	0.0035846
409	41000	0.0035846
410	41100	0.0035846
411	41200	0.0035846
412	41300	0.0035846
413	41400	0.0035846
414	41500	0.0035846
415	41600	0.0035846
416	41700	0.0035846
417	41800	0.0035846
418	41900	0.0035846
419	42000	0.0035846
420	42100	0.0035846
421	42200	0.0035846
422	42300	0.0035846
423	42400	0.0035846
424	42500	0.0035846
425	42600	0.0035846
426	42700	0.0035846
427	42800	0.0035846
428	42900	0.0035846
429	43000	0.0035846
430	43100	0.0035846
431	43200	0.0035846
432	43300	0.0018704
433	43400	0.0018704
434	43500	0.0018704
435	43600	0.0018704
436	43700	0.0018704
437	43800	0.0018704
438	43900	0.0018704
439	44000	0.0018704
440	44100	0.0018704
441	44200	0.0018704
442	44300	0.0018704
443	44400	0.0018704
444	44500	0.0018704
445	44600	0.0018704
446	44700	0.0018704
447	44800	0.0018704
448	44900	0.0018704
449	45000	0.0018704
450	45100	0.0018704
451	45200	0.0018704
452	45300	0.0018704
453	45400	0.0018704
454	45500	0.0018704
455	45600	0.0018704
456	45700	0.0018704
457	45800	0.0018704
458	45900	0.0018704
459	46000	0.0018704
460	46100	0.0018704
461	46200	0.0018704
462	46300	0.0018704
463	46400	0.0018704
464	46500	0.0018704
465	46600	0.0018704
466	46700	0.0018704
467	46800	0.0018704
468	46900	0.0018704
469	47000	0.0018704
470	47100	0.0018704
471	47200	0.0018704
472	47300	0.0018704
473	47400	0.0018704
474	47500	0.0018704
475	47600	0.0018704
476	47700	0.0018704
477	47800	0.0018704
478	47900	0.0018704
479	48000	0.0018704
480	48100	0.0018704
481	48200	0.0018704
482	48300	0.0018704
483	48400	0.0018704
484	48500	0.0018704
485	48600	0.0018704
486	48700	0.0018704
487	48800	0.0018704
488	48900	0.0018704
489	49000	0.0018704
490	49100	0.0018704
491	49200	0.0018704
492	49300	0.0018704
493	49400	0.0018704
494	49500	0.0018704
495	49600	0.0018704
496	49700	0.0018704
497	49800	0.0018704
498	49900	0.0018704
499	50000	0.0018704
500	50100	0.0018704
501	50200	0.0018704
502	50300	0.0018704
503	50400	0.0018704
504	50500	0.0018704
505	50600	0.0018704
506	50700	0.0018704
507	50800	0.0018704
508	50900	0.0018704
509	51000	0.0018704
510	51100	0.0018704
511	51200	0.0018704
512	51300	0.0018704
513	51400	0.0018704
514	51500	0.0018704
515	51600	0.0018704
516	51700	0.0018704
517	51800	0.0018704
518	51900	0.0018704
519	52000	0.0018704
520	52100	0.0018704
521	52200	0.0018704
522	52300	0.0018704
523	52400	0.0018704
524	52500	0.0018704
525	52600	0.0018704
526	52700	0.0018704
527	52800	0.0018704
528	52900	0.0018704
529	53000	0.0018704
530	53100	0.0018704
531	53200	0.0018704
532	53300	0.0018704
533	53400	0.0018704
534	53500	0.0018704
535	53600	0.0018704
536	53700	0.0018704
537	53800	0.0018704
538	53900	0.0018704
539	54000	0.0018704
540	54100	0.0018704
541	54200	0.0018704
542	54300	0.0018704
543	54400	0.0018704
544	54500	0.0018704
545	54600	0.0018704
546	54700	0.0018704
547	54800	0.0018704
548	54900	0.0018704
549	55000	0.0018704
550	55100	0.0018704
551	55200	0.0018704
552	55300	0.0018704
553	55400	0.0018704
554	55500	0.0018704
555	55600	0.0018704
556	55700	0.0018704
557	55800	0.0018704
558	55900	0.0018704
559	56000	0.0018704
560	56100	0.0018704
561	56200	0.0018704
562	56300	0.0018704
563	56400	0.0018704
564	56500	0.0018704
565	56600	0.0018704
566	56700	0.0018704
567	56800	0.0018704
568	56900	0.0018704
569	57000	0.0018704
570	57100	0.0018704
571	57200	0.0018704
572	57300	0.0018704
573	57400	0.0018704
574	57500	0.0018704
575	57600	0.0018704
576	57700	0.0018704
577	57800	0.0018704
578	57900	0.0018704
579	58000	0.0018704
580	58100	0.0018704
581	58200	0.0018704
582	58300	0.0018704
583	58400	0.0018704
584	58500	0.0018704
585	58600	0.0018704
586	58700	0.0018704
587	58800	0.0018704
588	58900	0.0018704
589	59000	0.0018704
590	59100	0.0018704
591	59200	0.0018704
592	59300	0.0018704
593	59400	0.0018704
594	59500	0.0018704
595	59600	0.0018704
596	59700	0.0018704
597	59800	0.0018704
598	59900	0.0018704
599	60000	0.0018704
600	60100	0.0018704
601	60200	0.0018704
602	60300	0.0018704
603	60400	0.0018704
604	60500	0.0018704
605	60600	0.0018704
606	60700	0.0018704
607	60800	0.0018704
608	60900	0.0018704
609	61000	0.00136918
610	61100	0.00136918
611	61200	0.00136918
612	61300	0.00136918
613	61400	0.00136918
614	61500	0.00136918
615	61600	0.00136918
616	61700	0.00136918
617	61800	0.00136918
618	61900	0.00136918
619	62000	0.00136918
620	62100	0.00136918
621	62200	0.00136918
622	62300	0.00136918
623	62400	0.00136918
624	62500	0.00136918
625	62600	0.00136918
626	62700	0.00136918
627	62800	0.00132437
628	62900	0.00132437
629	63000	0.00132437
630	63100	0.00132437
631	63200	0.00132437
632	63300	0.00132437
633	63400	0.00132437
634	63500	0.00132437
635	63600	0.00132437
636	63700	0.00132437
637	63800	0.00132437
638	63900	0.00132437
639	64000	0.00132437
640	64100	0.00132437
641	64200	0.00132437
642	64300	0.00132437
643	64400	0.00132437
644	64500	0.00132437
645	64600	0.00132437
646	64700	0.00132437
647	64800	0.00132437
648	64900	0.00132437
649	65000	0.00132437
650	65100	0.00132437
651	65200	0.00132437
652	65300	0.00132437
653	65400	0.00132437
654	65500	0.00132437
655	65600	0.00132437
656	65700	0.00132437
657	65800	0.00132437
658	65900	0.00132437
659	66000	0.00132437
660	66100	0.00132437
661	66200	0.00132437
662	66300	0.00132437
663	66400	0.00119985
664	66500	0.00119985
665	66600	0.00119985
666	66700	0.00119985
667	66800	0.00119985
668	66900	0.00119985
669	67000	0.00119985
670	67100	0.00119985
671	67200	0.00119985
672	67300	0.00119985
673	67400	0.00119985
674	67500	0.00119985
675	67600	0.00119985
676	67700	0.00119985
677	67800	0.00119985
678	67900	0.00119985
679	68000	0.00119985
680	68100	0.00119985
681	68200	0.00119985
682	68300	0.00119985
683	68400	0.00119985
684	68500	0.00119985
685	68600	0.00119985
686	68700	0.00119985
687	68800	0.00119985
688	68900	0.00119985
689	69000	0.00119985
690	69100	0.00118708
691	69200	0.00118708
692	69300	0.00118708
693	69400	0.00118708
694	69500	0.00118708
695	69600	0.00118708
696	69700	0.00118708
697	69800	0.00118708
698	69900	0.00118708
699	70000	0.00118708
700	70100	0.00118708
701	70200	0.00118708
702	70300	0.00118708
703	70400	0.00118708
704	70500	0.00118708
705	70600	0.00118708
706	70700	0.00118708
707	70800	0.00118708
708	70900	0.00118708
709	71000	0.00118708
710	71100	0.00118708
711	71200	0.00118708
712	71300	0.00118708
713	71400	0.00118708
714	71500	0.00118708
715	71600	0.00118708
716	71700	0.00118708
717	71800	0.00118708
718	71900	0.00118708
719	72000	0.000771338
720	72100	0.000771338
721	72200	0.000771338
722	72300	0.000771338
723	72400	0.000771338
724	72500	0.000771338
725	72600	0.000771338
726	72700	0.000771338
727	72800	0.000771338
728	72900	0.000771338
729	73000	0.000771338
730	73100	0.000771338
731	73200	0.000771338
732	73300	0.000769375
733	73400	0.000769375
734	73500	0.000769375
735	73600	0.000769375
736	73700	0.000769375
737	73800	0.000769375
738	73900	0.000769375
739	74000	0.000769375
740	74100	0.000769375
741	74200	0.000769375
742	74300	0.000769375
743	74400	0.000769375
744	74500	0.000769375
745	74600	0.000769375
746	74700	0.000769375
747	74800	0.000769375
748	74900	0.000769375
749	75000	0.000769375
750	75100	0.000769375
751	75200	0.000769375
752	75300	0.000769375
753	75400	0.000769375
754	75500	0.000769375
755	75600	0.000769375
756	75700	0.000769375
757	75800	0.000769375
758	75900	0.000769375
759	76000	0.000496163
760	76100	0.000496163
761	76200	0.000496163
762	76300	0.000496163
763	76400	0.000496163
764	76500	0.000496163
765	76600	0.000496163
766	76700	0.000496163
767	76800	0.000496163
768	76900	0.000496163
769	77000	0.000496163
770	77100	0.000496163
771	77200	0.000496163
772	77300	0.000496163
773	77400	0.000496163
774	77500	0.000496163
775	77600	0.000496163
776	77700	0.000496163
777	77800	0.000496163
778	77900	0.000496163
779	78000	0.000496163
780	78100	0.000496163
781	78200	0.000496163
782	78300	0.000496163
783	78400	0.000496163
784	78500	0.000496163
785	78600	0.000310274
786	78700	0.000310274
787	78800	0.000310274
788	78900	0.000310274
789	79000	0.000310274
790	79100	0.000310274
791	79200	0.000310274
792	79300	0.000310274
793	79400	0.000310274
794	79500	0.000310274
795	79600	0.000310274
796	79700	0.000310274
797	79800	0.000310274
798	79900	0.000310274
799	80000	0.000310274
800	80100	0.000310274
801	80200	0.000310274
802	80300	0.000310274
803	80400	0.000310274
804	80500	0.000310274
805	80600	0.000310274
806	80700	0.000310274
807	80800	0.000310274
808	80900	0.000310274
809	81000	0.000310274
810	81100	0.000310274
811	81200	0.000310274
812	81300	0.000310274
813	81400	0.000310274
814	81500	0.000310274
815	81600	0.000310274
816	81700	0.000310274
817	81800	0.000310274
818	81900	0.000310274
819	82000	0.000310274
820	82100	0.000310274
821	82200	0.000310274
822	82300	0.000310274
823	82400	0.000310274
824	82500	0.000310274
825	82600	0.000310274
826	82700	0.000310274
827	82800	0.000310274
828	82900	0.000310274
829	83000	0.000310274
830	83100	0.000310274
831	83200	0.000310274
832	83300	0.000310274
833	83400	0.000310274
834	83500	0.000310274
835	83600	0.000310274
836	83700	0.000310274
837	83800	0.000310274
838	83900	0.000310274
839	84000	0.000310274
840	84100	0.000310274
841	84200	0.000310274
842	84300	0.000310274
843	84400	0.000310274
844	84500	0.000310274
845	84600	0.000310274
846	84700	0.000310274
847	84800	0.000310274
848	84900	0.000310274
849	85000	0.000310274
850	85100	0.000310274
851	85200	0.000310274
852	85300	0.000310274
853	85400	0.000310274
854	85500	0.000310274
855	85600	0.000310274
856	85700	0.000310274
857	85800	0.000310274
858	85900	0.000310274
859	86000	0.000310274
860	86100	0.000310274
861	86200	0.000310274
862	86300	0.000310274
863	86400	0.000310274
864	86500	0.000310274
865	86600	0.000310274
866	86700	0.000310274
867	86800	0.000310274
868	86900	0.000310274
869	87000	0.000310274
870	87100	0.000310274
871	87200	0.000310274
872	87300	0.000310274
873	87400	0.000310274
874	87500	0.000310274
875	87600	0.000310274
876	87700	0.000310274
877	87800	0.000310274
878	87900	0.000310274
879	88000	0.000310274
880	88100	0.000310274
881	88200	0.000310274
882	88300	0.000310274
883	88400	0.000310274
884	88500	0.000310274
885	88600	0.000310274
886	88700	0.000310274
887	88800	0.000310274
888	88900	0.000310274
889	89000	0.000310274
890	89100	0.000310274
891	89200	0.000310274
892	89300	0.000310274
893	89400	0.000310274
894	89500	0.000310274
895	89600	0.000310274
896	89700	0.000310274
897	89800	0.000310274
898	89900	0.000310274
899	90000	0.000310274
900	90100	0.000310274
901	90200	0.000310274
902	90300	0.000310274
903	90400	0.000310274
904	90500	0.000310274
905	90600	0.000310274
906	90700	0.000310274
907	90800	0.000310274
908	90900	0.000310274
909	91000	0.000310274
910	91100	0.000310274
911	91200	0.000310274
912	91300	0.000310274
913	91400	0.000310274
914	91500	0.000310274
915	91600	0.000310274
916	91700	0.000310274
917	91800	0.000310274
918	91900	0.000310274
919	92000	0.000310274
920	92100	0.000310274
921	92200	0.000310274
922	92300	0.000310274
923	92400	0.000310274
924	92500	0.000310274
925	92600	0.000310274
926	92700	0.000310274
927	92800	0.000310274
928	92900	0.000310274
929	93000	0.000310274
930	93100	0.000310274
931	93200	0.000310274
932	93300	0.000310274
933	93400	0.000310274
934	93500	0.000310274
935	93600	0.000310274
936	93700	0.000310274
937	93800	0.000310274
938	93900	0.000310274
939	94000	0.000310274
940	94100	0.000310274
941	94200	0.000310274
942	94300	0.000310274
943	94400	0.000310274
944	94500	0.000310274
945	94600	0.000310274
946	94700	0.000310274
947	94800	0.000310274
948	94900	0.000310274
949	95000	0.000310274
950	95100	0.000310274
951	95200	0.000310274
952	95300	0.000196482
953	95400	0.000196482
954	95500	0.000196482
955	95600	0.000196482
956	95700	0.000196482
957	95800	0.000196482
958	95900	0.000196482
959	96000	0.000196482
960	96100	0.000196482
961	96200	0.000196482
962	96300	0.000196482
963	96400	0.000196482
964	96500	0.000196482
965	96600	0.000196482
966	96700	0.000196482
967	96800	0.000196482
968	96900	0.000196482
969	97000	0.000196482
970	97100	0.000196482
971	97200	0.000196482
972	97300	0.000196482
973	97400	0.000196482
974	97500	0.000196482
975	97600	0.000196482
976	97700	0.000196482
977	97800	0.000196482
978	97900	0.000196482
979	98000	0.000196482
980	98100	0.000196482
981	98200	0.000196482
982	98300	0.000196482
983	98400	0.000196482
984	98500	0.000196482
985	98600	0.000196482
986	98700	0.000196482
987	98800	0.000196482
988	98900	0.000196482
989	99000	0.000196482
990	99100	0.000196482
991	99200	0.000196482
992	99300	0.000196482
993	99400	0.000196482
994	99500	0.000196482
995	99600	0.000196482
996	99700	0.000196482
997	99800	0.000196482
998	99900	0.000196482
999	100000	0.000196482
1000	100100	0.000196482
1001	100200	0.000196482
1002	100300	0.000196482
1003	100400	0.000196482
1004	100500	0.000196482
1005	100600	0.000196482
1006	100700	0.000196482
1007	100800	0.000196482
1008	100900	0.000196482
1009	101000	0.000196482
1010	101100	0.000196482
1011	101200	0.000196482
1012	101300	0.000196482
1013	101400	0.000196482
1014	101500	0.000196482
1015	101600	0.000196482
1016	101700	0.000196482
1017	101800	0.000196482
1018	101900	0.000196482
1019	102000	0.000196482
1020	102100	0.000196482
1021	102200	0.000196482
1022	102300	0.000196482
1023	102400	0.000196482
1024	102500	0.000196482
1025	102600	0.000196482
1026	102700	0.000196482
1027	102800	0.000196482
1028	102900	0.000196482
1029	103000	0.000196482
1030	103100	0.000196482
1031	103200	0.000196482
1032	103300	0.000196482
1033	103400	0.000196482
1034	103500	0.000196482
1035	103600	0.000196482
1036	103700	0.000196482
1037	103800	0.000196482
1038	103900	0.000196482
1039	104000	0.000196482
1040	104100	0.000196482
1041	104200	0.000196482
1042	104300	0.000196482
1043	104400	0.000196482
1044	104500	0.000196482
1045	104600	0.000196482
1046	104700	0.000196482
1047	104800	0.000196482
1048	104900	0.000196482
1049	105000	0.000196482
1050	105100	0.000196482
1051	105200	0.000196482
1052	105300	0.000196482
1053	105400	0.000196482
1054	105500	0.000196482
1055	105600	0.000196482
1056	105700	0.000196482
1057	105800	0.000196482
1058	105900	0.000196482
1059	106000	0.000196482
1060	106100	0.000196482
1061	106200	0.000196482
1062	106300	0.000196482
1063	106400	0.000196482
1064	106500	0.000196482
1065	106600	0.000196482
1066	106700	0.000196482
1067	106800	0.000196482
1068	106900	0.000196482
1069	107000	0.000196482
1070	107100	0.000196482
1071	107200	0.000196482
1072	107300	0.000196482
1073	107400	0.000196482
1074	107500	0.000196482
1075	107600	0.000196482
1076	107700	0.000196482
1077	107800	0.000196482
1078	107900	0.000196482
1079	108000	0.000196482
1080	108100	0.000196482
1081	108200	0.000196482
1082	108300	0.000196482
1083	108400	0.000196482
1084	108500	0.000196482
1085	108600	0.000196482
1086	108700	0.000196482
1087	108800	0.000196482
1088	108900	0.000196482
1089	109000	0.000196482
1090	109100	0.000196482
1091	109200	0.000196482
1092	109300	0.000196482
1093	109400	0.000196482
1094	109500	0.000196482
1095	109600	0.000196482
1096	109700	0.000196482
1097	109800	0.000196482
1098	109900	0.000196482
1099	110000	0.000196482
1100	110100	0.000196482
1101	110200	0.000196482
1102	110300	0.000196482
1103	110400	0.000196482
1104	110500	0.000196482
1105	110600	0.000196482
1106	110700	0.000196482
1107	110800	0.000196482
1108	110900	0.000196482
1109	111000	0.000196482
1110	111100	0.000196482
1111	111200	0.000196482
1112	111300	0.000196482
1113	111400	0.000196482
1114	111500	0.000196482
1115	111600	0.000196482
1116	111700	0.000196482
1117	111800	0.000196482
1118	111900	0.000196482
1119	112000	0.000196482
1120	112100	0.000196482
1121	112200	0.000196482
1122	112300	0.000196482
1123	112400	0.000196482
1124	112500	0.000196482
1125	112600	0.000196482
1126	112700	0.000196482
1127	112800	0.000196482
1128	112900	0.000196482
1129	113000	0.000196482
1130	113100	0.000196482
1131	113200	0.000196482
1132	113300	0.000196482
1133	113400	0.000196482
1134	113500	0.000196482
1135	113600	0.000196482
1136	113700	0.000196482
1137	113800	0.000196482
1138	113900	0.000196482
1139	114000	0.000196482
1140	114100	0.000196482
1141	114200	0.000196482
1142	114300	0.000196482
1143	114400	0.000196482
1144	114500	0.000196482
1145	114600	0.000196482
1146	114700	0.000196482
1147	114800	0.000196482
1148	114900	0.000196482
1149	115000	0.000196482
1150	115100	0.000196482
1151	115200	0.000196482
1152	115300	0.000196482
1153	115400	0.000196482
1154	115500	0.000196482
1155	115600	0.000196482
1156	115700	0.000196482
1157	115800	0.000196482
1158	115900	0.000196482
1159	116000	0.000196482
1160	116100	0.000196482
1161	116200	0.000196482
1162	116300	0.000196482
1163	116400	0.000196482
1164	116500	0.000196482
1165	116600	0.000196482
1166	116700	0.000196482
1167	116800	0.000196482
1168	116900	0.000196482
1169	117000	0.000196482
1170	117100	0.000196482
1171	117200	0.000196482
1172	117300	0.000196482
1173	117400	0.000196482
1174	117500	0.000196482
1175	117600	0.000196482
1176	117700	0.000196482
1177	117800	0.000196482
1178	117900	0.000196482
1179	118000	0.000196482
1180	118100	0.000196482
1181	118200	0.000196482
1182	118300	0.000196482
1183	118400	0.000196482
1184	118500	0.000196482
1185	118600	0.000196482
1186	118700	0.000196482
1187	118800	0.000196482
1188	118900	0.000196482
1189	119000	0.000196482
1190	119100	0.000196482
1191	119200	0.000196482
1192	119300	0.000196482
1193	119400	0.000196482
1194	119500	0.000196482
1195	119600	0.000196482
1196	119700	0.000196482
1197	119800	0.000196482
1198	119900	0.000196482
1199	120000	0.000196482
1200	120100	0.000196482
1201	120200	0.000196482
1202	120300	0.000196482
1203	120400	0.000196482
1204	120500	0.000196482
1205	120600	0.000196482
1206	120700	0.000196482
1207	120800	0.000196482
1208	120900	0.000196482
1209	121000	0.000196482
1210	121100	0.000196482
1211	121200	0.000196482
1212	121300	0.000196482
1213	121400	0.000196482
1214	121500	0.000196482
1215	121600	0.000196482
1216	121700	0.000196482
1217	121800	0.000196482
1218	121900	0.000196482
1219	122000	0.000196482
1220	122100	0.000196482
1221	122200	0.000196482
1222	122300	0.000196482
1223	122400	0.000196482
1224	122500	0.000196482
1225	122600	0.000196482
1226	122700	0.000196482
1227	122800	0.000196482
1228	122900	0.000196482
1229	123000	0.000196482
1230	123100	0.000196482
1231	123200	0.000196482
1232	123300	0.000196482
1233	123400	0.000196482
1234	123500	0.000196482
1235	123600	0.000196482
1236	123700	0.000196482
1237	123800	0.000196482
1238	123900	0.000196482
1239	124000	0.000196482
1240	124100	0.000196482
1241	124200	0.000196482
1242	124300	0.000196482
1243	124400	0.000196482
1244	124500	0.000196482
1245	124600	0.000196482
1246	124700	0.000196482
1247	124800	0.000196482
1248	124900	0.000196482
1249	125000	0.000196482
1250	125100	0.000196482
1251	125200	0.000196482
1252	125300	0.000196482
1253	125400	0.000196482
1254	125500	0.000196482
1255	125600	0.000196482
1256	125700	0.000196482
1257	125800	0.000196482
1258	125900	0.000196482
1259	126000	0.000196482
1260	126100	0.000196482
1261	126200	0.000196482
1262	126300	0.000185704
1263	126400	0.000185704
1264	126500	0.000185704
1265	126600	0.000185704
1266	126700	0.000185704
1267	126800	0.000185704
1268	126900	0.000185704
1269	127000	0.000185704
1270	127100	0.000185704
1271	127200	0.000185704
1272	127300	0.000185704
1273	127400	0.000185704
1274	127500	0.000185704
1275	127600	0.000185704
1276	127700	0.000185704
1277	127800	0.000185704
1278	127900	0.000185704
1279	128000	0.000185704
1280	128100	0.000185704
1281	128200	0.000185704
1282	128300	0.000185704
1283	128400	0.000185704
1284	128500	0.000185704
1285	128600	0.000185704
1286	128700	0.000185704
1287	128800	0.000185704
1288	128900	0.000185704
1289	129000	0.000185704
1290	129100	0.000185704
1291	129200	0.000185704
1292	129300	0.000185704
1293	129400	0.000185704
1294	129500	0.000185704
1295	129600	0.000185704
1296	129700	0.000185704
1297	129800	0.000185704
1298	129900	0.000185704
1299	130000	0.000185704
1300	130100	0.000185704
1301	130200	0.000185704
1302	130300	0.000185704
1303	130400	0.000185704
1304	130500	0.000185704
1305	130600	0.000185704
1306	130700	0.000185704
1307	130800	0.000185704
1308	130900	0.000185704
1309	131000	0.000185704
1310	131100	0.000185704
1311	131200	0.000185704
1312	131300	0.000185704
1313	131400	0.000185704
1314	131500	0.000185704
1315	131600	0.000185704
1316	131700	0.000185704
1317	131800	0.000185704
1318	131900	0.000185704
1319	132000	0.000185704
1320	132100	0.000185704
1321	132200	0.000185704
1322	132300	0.000185704
1323	132400	0.000185704
1324	132500	0.000185704
1325	132600	0.000185704
1326	132700	0.000185704
1327	132800	0.000185704
1328	132900	0.000185704
1329	133000	0.000185704
1330	133100	0.000185704
1331	133200	0.000185704
1332	133300	0.000185704
1333	133400	0.000185704
1334	133500	0.000185704
1335	133600	0.000185704
1336	133700	0.000185704
1337	133800	0.000185704
1338	133900	0.000185704
1339	134000	0.000185704
1340	134100	0.000185704
1341	134200	0.000185704
1342	134300	0.000185704
1343	134400	0.000185704
1344	134500	0.000185704
1345	134600	0.000185704
1346	134700	0.000185704
1347	134800	0.000185704
1348	134900	0.000185704
1349	135000	0.000185704
1350	135100	0.000185704
1351	135200	0.000185704
1352	135300	0.000185704
1353	135400	0.000185704
1354	135500	0.000185704
1355	135600	0.000185704
1356	135700	0.000185704
1357	135800	0.000185704
1358	135900	0.000185704
1359	136000	0.000185704
1360	136100	0.000185704
1361	136200	0.000185704
1362	136300	0.000185704
1363	136400	0.000185704
1364	136500	0.000185704
1365	136600	0.000185704
1366	136700	0.000185704
1367	136800	0.000185704
1368	136900	0.000185704
1369	137000	0.000185704
1370	137100	0.000185704
1371	137200	0.000185704
1372	137300	0.000185704
1373	137400	0.000185704
1374	137500	0.000185704
1375	137600	0.000185704
1376	137700	0.000185704
1377	137800	0.000185704
1378	137900	0.000185704
1379	138000	0.000185704
1380	138100	0.000185704
1381	138200	0.000185704
1382	138300	0.000185704
1383	138400	0.000185704
1384	138500	0.000185704
1385	138600	0.000185704
1386	138700	0.000185704
1387	138800	0.000185704
1388	138900	0.000185704
1389	139000	0.000185704
1390	139100	0.000185704
1391	139200	0.000185704
1392	139300	0.000185704
1393	139400	0.000185704
1394	139500	0.000185704
1395	139600	0.000185704
1396	139700	0.000185704
1397	139800	0.000185704
1398	139900	0.000185704
1399	140000	0.000185704
1400	140100	0.000185704
1401	140200	0.000185704
1402	140300	0.000185704
1403	140400	0.000185704
1404	140500	0.000185704
1405	140600	0.000185704
1406	140700	0.000185704
1407	140800	0.000185704
1408	140900	0.000185704
1409	141000	0.000185704
1410	141100	0.000185704
1411	141200	0.000185704
1412	141300	0.000185704
1413	141400	0.000185704
1414	141500	0.000185704
1415	141600	0.000185704
1416	141700	0.000185704
1417	141800	0.000185704
1418	141900	0.000185704
1419	142000	0.000185704
1420	142100	0.000185704
1421	142200	0.000185704
1422	142300	0.000185704
1423	142400	0.000185704
1424	142500	0.000185704
1425	142600	0.000185704
1426	142700	0.000185704
1427	142800	0.000185704
1428	142900	0.000185704
1429	143000	0.000185704
1430	143100	0.000185704
1431	143200	0.000185704
1432	143300	0.000185704
1433	143400	0.000185704
1434	143500	0.000185704
1435	143600	0.000185704
1436	143700	0.000185704
1437	143800	0.000185704
1438	143900	0.000185704
1439	144000	0.000185704
1440	144100	0.000185704
1441	144200	0.000185704
1442	144300	0.000185704
1443	144400	0.000185704
1444	144500	0.000185704
1445	144600	0.000185704
1446	144700	0.000185704
1447	144800	0.000185704
1448	144900	0.000185704
1449	145000	0.000185704
1450	145100	0.000185704
1451	145200	0.000185704
1452	145300	0.000185704
1453	145400	0.000185704
1454	145500	0.000185704
1455	145600	0.000185704
1456	145700	0.000185704
1457	145800	0.000185704
1458	145900	0.000185704
1459	146000	0.000185704
1460	146100	0.000185704
1461	146200	0.000185704
1462	146300	0.000185704
1463	146400	0.000185704
1464	146500	0.000185704
1465	146600	0.000185704
1466	146700	0.000185704
1467	146800	0.000185704
1468	146900	0.000185704
1469	147000	0.000185704
1470	147100	0.000185704
1471	147200	0.000185704
1472	147300	0.000185704
1473	147400	0.000185704
1474	147500	0.000185704
1475	147600	0.000185704
1476	147700	0.000185704
1477	147800	0.000185704
1478	147900	0.000185704
1479	148000	0.000185704
1480	148100	0.000185704
1481	148200	0.000185704
1482	148300	0.000185704
1483	148400	0.000185704
1484	148500	0.000185704
1485	148600	0.000185704
1486	148700	0.000185704
1487	148800	0.000185704
1488	148900	0.000185704
1489	149000	0.000185704
1490	149100	0.000185704
1491	149200	0.000185704
1492	149300	0.000185704
1493	149400	0.000185704
1494	149500	0.000185704
1495	149600	0.000185704
1496	149700	0.000185704
1497	149800	0.000185704
1498	149900	0.000185704
1499	150000	0.000185704
1500	150100	0.000185704
1501	150200	0.000185704
1502	150300	0.000185704
1503	150400	0.000185704
1504	150500	0.000185704
1505	150600	0.000185704
1506	150700	0.000185704
1507	150800	0.000185704
1508	150900	0.000185704
1509	151000	0.000185704
1510	151100	0.000185704
1511	151200	0.000185704
1512	151300	0.000185704
1513	151400	0.000185704
1514	151500	0.000185704
1515	151600	0.000185704
1516	151700	0.000185704
1517	151800	0.000185704
1518	151900	0.000185704
1519	152000	0.000185704
1520	152100	0.000185704
1521	152200	0.000185704
1522	152300	0.000185704
1523	152400	0.000185704
1524	152500	0.000185704
1525	152600	0.000185704
1526	152700	0.000185704
1527	152800	0.000185704
1528	152900	0.000185704
1529	153000	0.000185704
1530	153100	0.000185704
1531	153200	0.000185704
1532	153300	0.000185704
1533	153400	0.000185704
1534	153500	0.000185704
1535	153600	0.000185704
1536	153700	0.000185704
1537	153800	0.000185704
1538	153900	0.000185704
1539	154000	0.000185704
1540	154100	0.000185704
1541	154200	0.000185704
1542	154300	0.000185704
1543	154400	0.000185704
1544	154500	0.000185704
1545	154600	0.000185704
1546	154700	0.000185704
1547	154800	0.000185704
1548	154900	0.000185704
1549	155000	0.000185704
1550	155100	0.000185704
1551	155200	0.000185704
1552	155300	0.000185704
1553	155400	0.000185704
1554	155500	0.000185704
1555	155600	0.000185704
1556	155700	0.000185704
1557	155800	0.000185704
1558	155900	0.000185704
1559	156000	0.000185704
1560	156100	0.000185704
1561	156200	0.000185704
1562	156300	0.000185704
1563	156400	0.000185704
1564	156500	0.000185704
1565	156600	0.000185704
1566	156700	0.000185704
1567	156800	0.000185704
1568	156900	0.000185704
1569	157000	0.000185704
1570	157100	0.000185704
1571	157200	0.000185704
1572	157300	0.000185704
1573	157400	0.000185704
1574	157500	0.000185704
1575	157600	0.000185704
1576	157700	0.000185704
1577	157800	0.000185704
1578	157900	0.000185704
1579	158000	0.000185704
1580	158100	0.000185704
1581	158200	0.000185704
1582	158300	0.000185704
1583	158400	0.000185704
1584	158500	0.000185704
1585	158600	0.000185704
1586	158700	0.000185704
1587	158800	0.000185704
1588	158900	0.000185704
1589	159000	0.000185704
1590	159100	0.000185704
1591	159200	0.000185704
1592	159300	0.000185704
1593	159400	0.000185704
1594	159500	0.000185704
1595	159600	0.000185704
1596	159700	0.000185704
1597	159800	0.000185704
1598	159900	0.000185704
1599	160000	0.000185704
1600	160100	0.000185704
1601	160200	0.000185704
1602	160300	0.000185704
1603	160400	0.000185704
1604	160500	0.000185704
1605	160600	0.000185704
1606	160700	0.000185704
1607	160800	0.000185704
1608	160900	0.000185704
1609	161000	0.000185704
1610	161100	0.000185704
1611	161200	0.000185704
1612	161300	0.000185704
1613	161400	0.000185704
1614	161500	0.000185704
1615	161600	0.000185704
1616	161700	0.000185704
1617	161800	0.000185704
1618	161900	0.000185704
1619	162000	0.000185704
1620	162100	0.000185704
1621	162200	0.000185704
1622	162300	0.000185704
1623	162400	0.000185704
1624	162500	0.000185704
1625	162600	0.000185704
1626	162700	0.000185704
1627	162800	0.000185704
1628	162900	0.000185704
1629	163000	0.000185704
1630	163100	0.000185704
1631	163200	0.000185704
1632	163300	0.000185704
1633	163400	0.000185704
1634	163500	0.000185704
1635	163600	0.000185704
1636	163700	0.000185704
1637	163800	0.000185704
1638	163900	0.000185704
1639	164000	0.000185704
1640	164100	0.000185704
1641	164200	0.000185704
1642	164300	0.000185704
1643	164400	0.000185704
1644	164500	0.000185704
1645	164600	0.000185704
1646	164700	0.000185704
1647	164800	0.000185704
1648	164900	0.000185704
1649	165000	0.000185704
1650	165100	0.000185704
1651	165200	0.000185704
1652	165300	0.000185704
1653	165400	0.000185704
1654	165500	0.000185704
1655	165600	0.000185704
1656	165700	0.000185704
1657	165800	0.000185704
1658	165900	0.000185704
1659	166000	0.000185704
1660	166100	0.000185704
1661	166200	0.000185704
1662	166300	0.000185704
1663	166400	0.000185704
1664	166500	0.000185704
1665	166600	0.000185704
1666	166700	0.000185704
1667	166800	0.000185704
1668	166900	0.000185704
1669	167000	0.000185704
1670	167100	0.000185704
1671	167200	0.000185704
1672	167300	0.000185704
1673	167400	0.000185704
1674	167500	0.000185704
1675	167600	0.000185704
1676	167700	0.000185704
1677	167800	0.000185704
1678	167900	0.000185704
1679	168000	0.000185704
1680	168100	0.000185704
1681	168200	0.000185704
1682	168300	0.000185704
1683	168400	0.000185704
1684	168500	0.000185704
1685	168600	0.000185704
1686	168700	0.000185704
1687	168800	0.000185704
1688	168900	0.000185704
1689	169000	0.000185704
1690	169100	0.000122388
1691	169200	0.000122388
1692	169300	0.000122388
1693	169400	0.000122388
1694	169500	0.000122388
1695	169600	0.000122388
1696	169700	0.000122388
1697	169800	0.000122388
1698	169900	0.000122388
1699	170000	0.000122388
1700	170100	0.000122388
1701	170200	0.000122388
1702	170300	0.000122388
1703	170400	0.000122388
1704	170500	0.000122388
1705	170600	0.000122388
1706	170700	0.000122388
1707	170800	0.000122388
1708	170900	0.000122388
1709	171000	0.000122388
1710	171100	0.000122388
1711	171200	0.000122388
1712	171300	0.000122388
1713	171400	0.000122388
1714	171500	0.000122388
1715	171600	0.000122388
1716	171700	0.000122388
1717	171800	0.000122388
1718	171900	0.000122388
1719	172000	0.000122388
1720	172100	0.000122388
1721	172200	0.000122388
1722	172300	0.000122388
1723	172400	0.000122388
1724	172500	0.000122388
1725	172600	0.000122388
1726	172700	0.000122388
1727	172800	0.000122388
1728	172900	0.000122388
1729	173000	0.000122388
1730	173100	0.000122388
1731	173200	0.000122388
1732	173300	0.000122388
1733	173400	0.000122388
1734	173500	0.000122388
1735	173600	0.000122388
1736	173700	0.000122388
1737	173800	0.000122388
1738	173900	0.000122388
1739	174000	0.000122388
1740	174100	0.000122388
1741	174200	0.000122388
1742	174300	0.000122388
1743	174400	0.000122388
1744	174500	0.000122388
1745	174600	0.000122388
1746	174700	0.000122388
1747	174800	0.000122388
1748	174900	0.000122388
1749	175000	0.000122388
1750	175100	0.000122388
1751	175200	0.000122388
1752	175300	0.000122388
1753	175400	0.000122388
1754	175500	0.000122388
1755	175600	0.000122388
1756	175700	0.000122388
1757	175800	0.000122388
1758	175900	0.000122388
1759	176000	0.000122388
1760	176100	0.000122388
1761	176200	0.000122388
1762	176300	0.000122388
1763	176400	0.000122388
1764	176500	0.000122388
1765	176600	0.000122388
1766	176700	0.000122388
1767	176800	0.000122388
1768	176900	0.000122388
1769	177000	0.000122388
1770	177100	0.000122388
1771	177200	0.000122388
1772	177300	0.000122388
1773	177400	0.000122388
1774	177500	0.000122388
1775	177600	0.000122388
1776	177700	0.000122388
1777	177800	0.000122388
1778	177900	0.000122388
1779	178000	0.000122388
1780	178100	0.000122388
1781	178200	0.000122388
1782	178300	0.000122388
1783	178400	0.000122388
1784	178500	0.000122388
1785	178600	0.000122388
1786	178700	0.000122388
1787	178800	0.000122388
1788	178900	0.000122388
1789	179000	0.000122388
1790	179100	0.000122388
1791	179200	0.000122388
1792	179300	0.000122388
1793	179400	0.000122388
1794	179500	0.000122388
1795	179600	0.000122388
1796	179700	0.000122388
1797	179800	0.000122388
1798	179900	0.000122388
1799	180000	0.000122388
1800	180100	0.000122388
1801	180200	0.000122388
1802	180300	0.000122388
1803	180400	0.000122388
1804	180500	0.000122388
1805	180600	0.000122388
1806	180700	0.000122388
1807	180800	0.000122388
1808	180900	0.000122388
1809	181000	0.000122388
1810	181100	0.000122388
1811	181200	0.000122388
1812	181300	0.000122388
1813	181400	0.000122388
1814	181500	0.000122388
1815	181600	0.000122388
1816	181700	0.000122388
1817	181800	0.000122388
1818	181900	0.000122388
1819	182000	0.000122388
1820	182100	0.000122388
1821	182200	0.000122388
1822	182300	0.000122388
1823	182400	0.000122388
1824	182500	0.000122388
1825	182600	0.000122388
1826	182700	0.000122388
1827	182800	0.000122388
1828	182900	0.000122388
1829	183000	0.000122388
1830	183100	0.000122388
1831	183200	0.000122388
1832	183300	0.000122388
1833	183400	0.000122388
1834	183500	0.000122388
1835	183600	0.000122388
1836	183700	0.000122388
1837	183800	0.000122388
1838	183900	0.000122388
1839	184000	0.000122388
1840	184100	0.000122388
1841	184200	0.000122388
1842	184300	0.000122388
1843	184400	0.000122388
1844	184500	0.000122388
1845	184600	0.000122388
1846	184700	0.000122388
1847	184800	0.000122388
1848	184900	0.000122388
1849	185000	0.000122388
1850	185100	0.000122388
1851	185200	0.000122388
1852	185300	0.000122388
1853	185400	0.000122388
1854	185500	0.000122388
1855	185600	0.000122388
1856	185700	0.000122388
1857	185800	0.000122388
1858	185900	0.000122388
1859	186000	0.000122388
1860	186100	0.000122388
1861	186200	0.000122388
1862	186300	0.000122388
1863	186400	0.000122388
1864	186500	0.000122388
1865	186600	0.000122388
1866	186700	0.000122388
1867	186800	0.000122388
1868	186900	0.000122388
1869	187000	0.000122388
1870	187100	0.000122388
1871	187200	0.000122388
1872	187300	0.000122388
1873	187400	0.000122388
1874	187500	0.000122388
1875	187600	0.000122388
1876	187700	0.000122388
1877	187800	0.000122388
1878	187900	0.000122388
1879	188000	0.000122388
1880	188100	0.000122388
1881	188200	0.000122388
1882	188300	0.000122388
1883	188400	0.000122388
1884	188500	0.000122388
1885	188600	0.000122388
1886	188700	0.000122388
1887	188800	0.000122388
1888	188900	0.000122388
1889	189000	0.000122388
1890	189100	0.000122388
1891	189200	0.000122388
1892	189300	0.000122388
1893	189400	0.000122388
1894	189500	0.000122388
1895	189600	0.000122388
1896	189700	0.000122388
1897	189800	0.000122388
1898	189900	0.000122388
1899	190000	0.000122388
1900	190100	0.000122388
1901	190200	0.000122388
1902	190300	0.000122388
1903	190400	0.000122388
1904	190500	0.000122388
1905	190600	0.000122388
1906	190700	0.000122388
1907	190800	0.000122388
1908	190900	0.000122388
1909	191000	0.000122388
1910	191100	0.000122388
1911	191200	0.000122388
1912	191300	0.000122388
1913	191400	0.000122388
1914	191500	0.000122388
1915	191600	0.000122388
1916	191700	0.000122388
1917	191800	0.000122388
1918	191900	0.000122388
1919	192000	0.000122388
1920	192100	0.000122388
1921	192200	0.000122388
1922	192300	0.000122388
1923	192400	0.000122388
1924	192500	0.000122388
1925	192600	0.000122388
1926	192700	0.000122388
1927	192800	0.000122388
1928	192900	0.000122388
1929	193000	0.000122388
1930	193100	0.000122388
1931	193200	0.000122388
1932	193300	0.000122388
1933	193400	0.000122388
1934	193500	0.000122388
1935	193600	0.000122388
1936	193700	0.000122388
1937	193800	0.000122388
1938	193900	0.000122388
1939	194000	0.000122388
1940	194100	0.000122388
1941	194200	0.000122388
1942	194300	0.000122388
1943	194400	0.000122388
1944	194500	0.000122388
1945	194600	0.000122388
1946	194700	0.000122388
1947	194800	0.000122388
1948	194900	0.000122388
1949	195000	0.000122388
1950	195100	0.000122388
1951	195200	0.000122388
1952	195300	0.000122388
1953	195400	0.000122388
1954	195500	0.000122388
1955	195600	0.000122388
1956	195700	0.000122388
1957	195800	0.000122388
1958	195900	0.000122388
1959	196000	0.000122388
1960	196100	0.000122388
1961	196200	0.000122388
1962	196300	0.000122388
1963	196400	0.000122388
1964	196500	0.000122388
1965	196600	0.000122388
1966	196700	0.000122388
1967	196800	0.000122388
1968	196900	0.000122388
1969	197000	0.000122388
1970	197100	0.000122388
1971	197200	0.000122388
1972	197300	0.000122388
1973	197400	0.000122388
1974	197500	0.000122388
1975	197600	0.000122388
1976	197700	0.000122388
1977	197800	0.000122388
1978	197900	0.000122388
1979	198000	0.000122388
1980	198100	0.000122388
1981	198200	0.000122388
1982	198300	0.000122388
1983	198400	0.000122388
1984	198500	0.000122388
1985	198600	0.000122388
1986	198700	0.000122388
1987	198800	0.000122388
1988	198900	0.000122388
1989	199000	0.000122388
1990	199100	0.000122388
1991	199200	0.000122388
1992	199300	0.000122388
1993	199400	0.000122388
1994	199500	0.000122388
1995	199600	0.000122388
1996	199700	0.000122388
1997	199800	0.000122388
1998	199900	0.000122388
1999	200000	0.000122388
2000	200100	0.000122388
