1	200	203.661
2	300	131.398
3	400	56.8038
4	500	46.8687
5	600	37.9831
6	700	31.0168
7	800	31.0168
8	900	26.6064
9	1000	17.5262
10	1100	11.5703
11	1200	11.5703
12	1300	11.5703
13	1400	5.59193
14	1500	4.44937
15	1600	4.44206
16	1700	4.44206
17	1800	3.12008
18	1900	2.97032
19	2000	2.74457
20	2100	2.6074
21	2200	2.6074
22	2300	2.6074
23	2400	2.6074
24	2500	2.6074
25	2600	2.11341
26	2700	2.11341
27	2800	2.11341
28	2900	1.63448
29	3000	1.63448
30	3100	1.63096
31	3200	1.50608
32	3300	1.33989
33	3400	0.713359
34	3500	0.588479
35	3600	0.588479
36	3700	0.588479
37	3800	0.588479
38	3900	0.588479
39	4000	0.326278
40	4100	0.326278
41	4200	0.326278
42	4300	0.326278
43	4400	0.326278
44	4500	0.326278
45	4600	0.326278
46	4700	0.326278
47	4800	0.326278
48	4900	0.326278
49	5000	0.316093
50	5100	0.316093
51	5200	0.308813
52	5300	0.298628
53	5400	0.286995
54	5500	0.286995
55	5600	0.286995
56	5700	0.286995
57	5800	0.286995
58	5900	0.286995
59	6000	0.286578
60	6100	0.286578
61	6200	0.286578
62	6300	0.286578
63	6400	0.286578
64	6500	0.286578
65	6600	0.268681
66	6700	0.268681
67	6800	0.259448
68	6900	0.259448
69	7000	0.259448
70	7100	0.259448
71	7200	0.259448
72	7300	0.259448
73	7400	0.259448
74	7500	0.259448
75	7600	0.259448
76	7700	0.259448
77	7800	0.259448
78	7900	0.259448
79	8000	0.259448
80	8100	0.239958
81	8200	0.239958
82	8300	0.239958
83	8400	0.239958
84	8500	0.221072
85	8600	0.221072
86	8700	0.221072
87	8800	0.221072
88	8900	0.221072
89	9000	0.221072
90	9100	0.208834
91	9200	0.208834
92	9300	0.208834
93	9400	0.208834
94	9500	0.208834
95	9600	0.208834
96	9700	0.0971573
97	9800	0.0971573
98	9900	0.0971573
99	10000	0.0971573
100	10100	0.0971573
101	10200	0.0971573
102	10300	0.0971573
103	10400	0.0971573
104	10500	0.0971573
105	10600	0.0971573
106	10700	0.0971573
107	10800	0.0971573
108	10900	0.0742228
109	11000	0.0742228
110	11100	0.0742228
111	11200	0.0736729
112	11300	0.0736729
113	11400	0.0736729
114	11500	0.0736729
115	11600	0.0704389
116	11700	0.0704389
117	11800	0.0704389
118	11900	0.0704389
119	12000	0.0704389
120	12100	0.0704389
121	12200	0.0704389
122	12300	0.0704389
123	12400	0.0704389
124	12500	0.0704389
125	12600	0.0678539
126	12700	0.0678539
127	12800	0.0678539
128	12900	0.0678539
129	13000	0.0678539
130	13100	0.0678539
131	13200	0.0624605
132	13300	0.0624605
133	13400	0.0624605
134	13500	0.0624605
135	13600	0.0624605
136	13700	0.0624605
137	13800	0.0624605
138	13900	0.0624605
139	14000	0.0590016
140	14100	0.0590016
141	14200	0.0590016
142	14300	0.0590016
143	14400	0.0590016
144	14500	0.0590016
145	14600	0.0590016
146	14700	0.0590016
147	14800	0.0590016
148	14900	0.0589941
149	15000	0.0589941
150	15100	0.0589941
151	15200	0.0589941
152	15300	0.0589941
153	15400	0.0589941
154	15500	0.0589941
155	15600	0.0589941
156	15700	0.0589941
157	15800	0.0589941
158	15900	0.0589941
159	16000	0.0589941
160	16100	0.0589941
161	16200	0.0589941
162	16300	0.0589941
163	16400	0.0589941
164	16500	0.0589941
165	16600	0.0589941
166	16700	0.0589941
167	16800	0.0589941
168	16900	0.0589941
169	17000	0.0589941
170	17100	0.0589941
171	17200	0.0589941
172	17300	0.0589941
173	17400	0.0589941
174	17500	0.0589941
175	17600	0.0589941
176	17700	0.0589941
177	17800	0.0589941
178	17900	0.0589941
179	18000	0.0589941
180	18100	0.0589941
181	18200	0.0589941
182	18300	0.0589941
183	18400	0.0543753
184	18500	0.0543753
185	18600	0.0543753
186	18700	0.0519426
187	18800	0.0519426
188	18900	0.0519426
189	19000	0.0472359
190	19100	0.0472359
191	19200	0.0472359
192	19300	0.0472359
193	19400	0.0472359
194	19500	0.0472359
195	19600	0.0472359
196	19700	0.0472359
197	19800	0.0472359
198	19900	0.0472359
199	20000	0.0472359
200	20100	0.0472359
201	20200	0.0472359
202	20300	0.0472359
203	20400	0.0222516
204	20500	0.0222516
205	20600	0.0222516
206	20700	0.0222516
207	20800	0.0222516
208	20900	0.0222516
209	21000	0.0222516
210	21100	0.0222516
211	21200	0.0222516
212	21300	0.0222516
213	21400	0.0222516
214	21500	0.0222516
215	21600	0.0222516
216	21700	0.0222516
217	21800	0.0222516
218	21900	0.0222516
219	22000	0.0222516
220	22100	0.0198762
221	22200	0.0198762
222	22300	0.0198762
223	22400	0.0198762
224	22500	0.0198762
225	22600	0.0198762
226	22700	0.0198762
227	22800	0.0198762
228	22900	0.0198762
229	23000	0.0198762
230	23100	0.0198762
231	23200	0.0198762
232	23300	0.0198762
233	23400	0.0198762
234	23500	0.0198762
235	23600	0.0198762
236	23700	0.0198762
237	23800	0.0198762
238	23900	0.0198762
239	24000	0.0198762
240	24100	0.0198762
241	24200	0.0198762
242	24300	0.0198762
243	24400	0.0198762
244	24500	0.0198762
245	24600	0.0198762
246	24700	0.0198762
247	24800	0.0198762
248	24900	0.0198762
249	25000	0.0198762
250	25100	0.0198762
251	25200	0.0198762
252	25300	0.0198762
253	25400	0.0198762
254	25500	0.0198762
255	25600	0.0198762
256	25700	0.0198762
257	25800	0.0198762
258	25900	0.0198762
259	26000	0.0137797
260	26100	0.0137797
261	26200	0.0137797
262	26300	0.0137797
263	26400	0.0137797
264	26500	0.0137797
265	26600	0.0116678
266	26700	0.0116678
267	26800	0.0116678
268	26900	0.0116678
269	27000	0.0116678
270	27100	0.0116678
271	27200	0.0116678
272	27300	0.0116678
273	27400	0.0116678
274	27500	0.0116678
275	27600	0.0116678
276	27700	0.0116678
277	27800	0.0116678
278	27900	0.0116678
279	28000	0.0116678
280	28100	0.0116678
281	28200	0.0116678
282	28300	0.0116678
283	28400	0.0116678
284	28500	0.0116678
285	28600	0.0116678
286	28700	0.0116678
287	28800	0.0116678
288	28900	0.0116678
289	29000	0.0116678
290	29100	0.0116678
291	29200	0.0116678
292	29300	0.0116678
293	29400	0.0116678
294	29500	0.0116678
295	29600	0.0116678
296	29700	0.0116678
297	29800	0.0116678
298	29900	0.0116678
299	30000	0.0116678
300	30100	0.0116678
301	30200	0.0116678
302	30300	0.0116678
303	30400	0.0116678
304	30500	0.0116678
305	30600	0.0116678
306	30700	0.0116678
307	30800	0.0116678
308	30900	0.0116678
309	31000	0.0116678
310	31100	0.0116678
311	31200	0.0116678
312	31300	0.0116678
313	31400	0.0113106
314	31500	0.0113106
315	31600	0.0113106
316	31700	0.0113106
317	31800	0.0113106
318	31900	0.0113106
319	32000	0.0113106
320	32100	0.0113106
321	32200	0.0113106
322	32300	0.0113106
323	32400	0.00553876
324	32500	0.00553876
325	32600	0.00553876
326	32700	0.00553876
327	32800	0.00553876
328	32900	0.00388847
329	33000	0.00388847
330	33100	0.00388847
331	33200	0.00388847
332	33300	0.00388847
333	33400	0.00388847
334	33500	0.00388847
335	33600	0.00388847
336	33700	0.00388847
337	33800	0.00388847
338	33900	0.00388847
339	34000	0.00388847
340	34100	0.00388847
341	34200	0.0038195
342	34300	0.0038195
343	34400	0.0038195
344	34500	0.0038195
345	34600	0.0038195
346	34700	0.0038195
347	34800	0.0038195
348	34900	0.0038195
349	35000	0.0038195
350	35100	0.0038195
351	35200	0.0038195
352	35300	0.0038195
353	35400	0.0038195
354	35500	0.0038195
355	35600	0.0038195
356	35700	0.0038195
357	35800	0.0038195
358	35900	0.0038195
359	36000	0.0038195
360	36100	0.0038195
361	36200	0.0038195
362	36300	0.0038195
363	36400	0.0038195
364	36500	0.0038195
365	36600	0.0038195
366	36700	0.0038195
367	36800	0.0038195
368	36900	0.0038195
369	37000	0.0038195
370	37100	0.0038195
371	37200	0.0038195
372	37300	0.0038195
373	37400	0.0038195
374	37500	0.0038195
375	37600	0.0038195
376	37700	0.0038195
377	37800	0.0038195
378	37900	0.0038195
379	38000	0.0038195
380	38100	0.0038195
381	38200	0.0038195
382	38300	0.00319728
383	38400	0.0029965
384	38500	0.0029965
385	38600	0.0029965
386	38700	0.0029965
387	38800	0.0029965
388	38900	0.0029965
389	39000	0.0029965
390	39100	0.0029965
391	39200	0.0029965
392	39300	0.0029965
393	39400	0.0029965
394	39500	0.0029965
395	39600	0.0029965
396	39700	0.0029965
397	39800	0.0029965
398	39900	0.0029965
399	40000	0.0029965
400	40100	0.0029965
401	40200	0.0029965
402	40300	0.0029965
403	40400	0.0029965
404	40500	0.0029965
405	40600	0.0029965
406	40700	0.0029965
407	40800	0.0029965
408	40900	0.00248103
409	41000	0.00248103
410	41100	0.00248103
411	41200	0.00248103
412	41300	0.00248103
413	41400	0.00248103
414	41500	0.00248103
415	41600	0.00248103
416	41700	0.00248103
417	41800	0.00248103
418	41900	0.00248103
419	42000	0.00248103
420	42100	0.00248103
421	42200	0.00248103
422	42300	0.00201872
423	42400	0.00201872
424	42500	0.00201872
425	42600	0.00201872
426	42700	0.00201872
427	42800	0.00201872
428	42900	0.00201872
429	43000	0.00201872
430	43100	0.00201872
431	43200	0.00201872
432	43300	0.00201872
433	43400	0.00201872
434	43500	0.00201872
435	43600	0.00201872
436	43700	0.00176099
437	43800	0.00176099
438	43900	0.00176099
439	44000	0.00176099
440	44100	0.00176099
441	44200	0.00176099
442	44300	0.00176099
443	44400	0.00176099
444	44500	0.00176099
445	44600	0.00176099
446	44700	0.00176099
447	44800	0.00176099
448	44900	0.00176099
449	45000	0.00176099
450	45100	0.00176099
451	45200	0.00176099
452	45300	0.00176099
453	45400	0.00176099
454	45500	0.00176099
455	45600	0.00176099
456	45700	0.00176099
457	45800	0.00176099
458	45900	0.00176099
459	46000	0.00176099
460	46100	0.00176099
461	46200	0.00176099
462	46300	0.00176099
463	46400	0.00176099
464	46500	0.00176099
465	46600	0.00176099
466	46700	0.00176099
467	46800	0.00176099
468	46900	0.00176099
469	47000	0.00176099
470	47100	0.00176099
471	47200	0.00176099
472	47300	0.00176099
473	47400	0.00176099
474	47500	0.00176099
475	47600	0.00176099
476	47700	0.00176099
477	47800	0.00176099
478	47900	0.00176099
479	48000	0.00176099
480	48100	0.00176099
481	48200	0.00176099
482	48300	0.00176099
483	48400	0.00176099
484	48500	0.00176099
485	48600	0.00176099
486	48700	0.00176099
487	48800	0.00176099
488	48900	0.00176099
489	49000	0.00176099
490	49100	0.00176099
491	49200	0.00176099
492	49300	0.00176099
493	49400	0.00176099
494	49500	0.00176099
495	49600	0.00176099
496	49700	0.00176099
497	49800	0.00176099
498	49900	0.00176099
499	50000	0.00176099
500	50100	0.00176099
501	50200	0.00176099
502	50300	0.00176099
503	50400	0.00176099
504	50500	0.00176099
505	50600	0.00176099
506	50700	0.00176099
507	50800	0.00176099
508	50900	0.00176099
509	51000	0.00176099
510	51100	0.00176099
511	51200	0.00176099
512	51300	0.00176099
513	51400	0.00176099
514	51500	0.00176099
515	51600	0.00176099
516	51700	0.00176099
517	51800	0.00176099
518	51900	0.00176099
519	52000	0.00176099
520	52100	0.00176099
521	52200	0.00176099
522	52300	0.00176099
523	52400	0.00176099
524	52500	0.00176099
525	52600	0.00176099
526	52700	0.00176099
527	52800	0.00176099
528	52900	0.00176099
529	53000	0.00176099
530	53100	0.00176099
531	53200	0.00176099
532	53300	0.00176099
533	53400	0.00176099
534	53500	0.00176099
535	53600	0.00176099
536	53700	0.00176099
537	53800	0.00176099
538	53900	0.00176099
539	54000	0.00176099
540	54100	0.00176099
541	54200	0.00176099
542	54300	0.00176099
543	54400	0.00176099
544	54500	0.00176099
545	54600	0.00176099
546	54700	0.00176099
547	54800	0.00176099
548	54900	0.00176099
549	55000	0.00176099
550	55100	0.00176099
551	55200	0.00176099
552	55300	0.00176099
553	55400	0.00176099
554	55500	0.00176099
555	55600	0.00176099
556	55700	0.00176099
557	55800	0.00176099
558	55900	0.00176099
559	56000	0.00176099
560	56100	0.00176099
561	56200	0.00176099
562	56300	0.00176099
563	56400	0.00176099
564	56500	0.00176099
565	56600	0.00176099
566	56700	0.00176099
567	56800	0.00176099
568	56900	0.00176099
569	57000	0.00176099
570	57100	0.00176099
571	57200	0.00176099
572	57300	0.00176099
573	57400	0.00176099
574	57500	0.00176099
575	57600	0.00176099
576	57700	0.00176099
577	57800	0.00176099
578	57900	0.00176099
579	58000	0.00176099
580	58100	0.00176099
581	58200	0.00176099
582	58300	0.00176099
583	58400	0.00176099
584	58500	0.00176099
585	58600	0.00176099
586	58700	0.00176099
587	58800	0.00176099
588	58900	0.00176099
589	59000	0.00176099
590	59100	0.00176099
591	59200	0.00176099
592	59300	0.00176099
593	59400	0.00176099
594	59500	0.00176099
595	59600	0.00176099
596	59700	0.00176099
597	59800	0.00176099
598	59900	0.00176099
599	60000	0.00176099
600	60100	0.00176099
601	60200	0.00176099
602	60300	0.00176099
603	60400	0.00176099
604	60500	0.00176099
605	60600	0.00176099
606	60700	0.00176099
607	60800	0.00173315
608	60900	0.00173315
609	61000	0.00173315
610	61100	0.00173315
611	61200	0.00173315
612	61300	0.00173315
613	61400	0.00173315
614	61500	0.00173315
615	61600	0.00173315
616	61700	0.00173315
617	61800	0.00173315
618	61900	0.00173315
619	62000	0.00173315
620	62100	0.00173315
621	62200	0.00173315
622	62300	0.00173315
623	62400	0.00173315
624	62500	0.00173315
625	62600	0.00173315
626	62700	0.00173315
627	62800	0.00173315
628	62900	0.00173315
629	63000	0.00173315
630	63100	0.00173315
631	63200	0.00173315
632	63300	0.00173315
633	63400	0.00173315
634	63500	0.00173315
635	63600	0.00173315
636	63700	0.00173315
637	63800	0.00173315
638	63900	0.00173315
639	64000	0.00173315
640	64100	0.00173315
641	64200	0.00173315
642	64300	0.00173315
643	64400	0.00173315
644	64500	0.00173315
645	64600	0.00173315
646	64700	0.00173315
647	64800	0.00173315
648	64900	0.00173315
649	65000	0.00173315
650	65100	0.00173315
651	65200	0.00173315
652	65300	0.00173315
653	65400	0.00173315
654	65500	0.00173315
655	65600	0.00173315
656	65700	0.00173315
657	65800	0.00173315
658	65900	0.00173315
659	66000	0.00173315
660	66100	0.00173315
661	66200	0.00173315
662	66300	0.00173315
663	66400	0.00173315
664	66500	0.00173315
665	66600	0.00173315
666	66700	0.00173315
667	66800	0.00173315
668	66900	0.00173315
669	67000	0.00173315
670	67100	0.00173315
671	67200	0.00173315
672	67300	0.00173315
673	67400	0.00173315
674	67500	0.00173315
675	67600	0.00173315
676	67700	0.00173315
677	67800	0.00173315
678	67900	0.00173315
679	68000	0.00173315
680	68100	0.00173315
681	68200	0.00173315
682	68300	0.00173315
683	68400	0.00173315
684	68500	0.00173315
685	68600	0.00173315
686	68700	0.00173315
687	68800	0.00173315
688	68900	0.00173315
689	69000	0.00173315
690	69100	0.00158213
691	69200	0.00158213
692	69300	0.00149295
693	69400	0.00149295
694	69500	0.00149295
695	69600	0.00149295
696	69700	0.00149295
697	69800	0.00149295
698	69900	0.00149295
699	70000	0.00149295
700	70100	0.00149295
701	70200	0.00149295
702	70300	0.00149295
703	70400	0.00149295
704	70500	0.00149295
705	70600	0.00149295
706	70700	0.00149295
707	70800	0.00149295
708	70900	0.00149295
709	71000	0.00149295
710	71100	0.00149295
711	71200	0.00149295
712	71300	0.00149295
713	71400	0.00149295
714	71500	0.00149295
715	71600	0.00149295
716	71700	0.00149295
717	71800	0.00149295
718	71900	0.00149295
719	72000	0.00149295
720	72100	0.00149295
721	72200	0.00149295
722	72300	0.00149295
723	72400	0.00149295
724	72500	0.00149295
725	72600	0.00149295
726	72700	0.00149295
727	72800	0.00149295
728	72900	0.00149295
729	73000	0.00149295
730	73100	0.00149295
731	73200	0.00149295
732	73300	0.00149295
733	73400	0.00149295
734	73500	0.00149295
735	73600	0.00149295
736	73700	0.00149295
737	73800	0.00149295
738	73900	0.00149295
739	74000	0.00149295
740	74100	0.00149295
741	74200	0.00149295
742	74300	0.00145499
743	74400	0.00145499
744	74500	0.00145499
745	74600	0.00145499
746	74700	0.00145499
747	74800	0.00145499
748	74900	0.00145499
749	75000	0.00145499
750	75100	0.00145499
751	75200	0.00145499
752	75300	0.00145499
753	75400	0.00145499
754	75500	0.00133755
755	75600	0.00133755
756	75700	0.00133755
757	75800	0.00133755
758	75900	0.00133755
759	76000	0.00133755
760	76100	0.00133755
761	76200	0.00133755
762	76300	0.00133755
763	76400	0.00133755
764	76500	0.00133755
765	76600	0.00133755
766	76700	0.00133755
767	76800	0.00133755
768	76900	0.00133755
769	77000	0.00133755
770	77100	0.00133755
771	77200	0.00133755
772	77300	0.00133755
773	77400	0.00133755
774	77500	0.00133755
775	77600	0.00133755
776	77700	0.00133755
777	77800	0.00133755
778	77900	0.00133755
779	78000	0.00133755
780	78100	0.00133755
781	78200	0.00133755
782	78300	0.00133755
783	78400	0.00133755
784	78500	0.00133755
785	78600	0.00133755
786	78700	0.00133755
787	78800	0.00133755
788	78900	0.00126995
789	79000	0.00126995
790	79100	0.00126995
791	79200	0.00126995
792	79300	0.00126995
793	79400	0.00126995
794	79500	0.00126995
795	79600	0.00120825
796	79700	0.00120825
797	79800	0.00120825
798	79900	0.00120825
799	80000	0.00120825
800	80100	0.00120825
801	80200	0.00120825
802	80300	0.00120825
803	80400	0.00120825
804	80500	0.00120825
805	80600	0.00120825
806	80700	0.00120825
807	80800	0.00105696
808	80900	0.00105696
809	81000	0.00105696
810	81100	0.00105696
811	81200	0.00105696
812	81300	0.00105696
813	81400	0.00105696
814	81500	0.00105696
815	81600	0.00105696
816	81700	0.00105696
817	81800	0.00105696
818	81900	0.00105696
819	82000	0.00105696
820	82100	0.00105696
821	82200	0.00105696
822	82300	0.00105696
823	82400	0.00105696
824	82500	0.00105696
825	82600	0.00105696
826	82700	0.000366257
827	82800	0.000366257
828	82900	0.000366257
829	83000	0.000366257
830	83100	0.000366257
831	83200	0.000366257
832	83300	0.000366257
833	83400	0.000366257
834	83500	0.000366257
835	83600	0.000366257
836	83700	0.000366257
837	83800	0.000366257
838	83900	0.000366257
839	84000	0.000366257
840	84100	0.000366257
841	84200	0.000366257
842	84300	0.000366257
843	84400	0.000366257
844	84500	0.000366257
845	84600	0.000366257
846	84700	0.000366257
847	84800	0.000366257
848	84900	0.000366257
849	85000	0.000366257
850	85100	0.000366257
851	85200	0.000366257
852	85300	0.000366257
853	85400	0.000366257
854	85500	0.000366257
855	85600	0.000366257
856	85700	0.000366257
857	85800	0.000366257
858	85900	0.000366257
859	86000	0.000366257
860	86100	0.000366257
861	86200	0.000366257
862	86300	0.000366257
863	86400	0.000366257
864	86500	0.000366257
865	86600	0.000366257
866	86700	0.000366257
867	86800	0.000366257
868	86900	0.000366257
869	87000	0.000366257
870	87100	0.000366257
871	87200	0.000366257
872	87300	0.000366257
873	87400	0.000366257
874	87500	0.000366257
875	87600	0.000366257
876	87700	0.000366257
877	87800	0.000366257
878	87900	0.000366257
879	88000	0.000366257
880	88100	0.000366257
881	88200	0.000366257
882	88300	0.000366257
883	88400	0.000366257
884	88500	0.000366257
885	88600	0.000366257
886	88700	0.000366257
887	88800	0.000366257
888	88900	0.000366257
889	89000	0.000366257
890	89100	0.000366257
891	89200	0.000366257
892	89300	0.000366257
893	89400	0.000366257
894	89500	0.000366257
895	89600	0.000366257
896	89700	0.000366257
897	89800	0.000366257
898	89900	0.000366257
899	90000	0.000366257
900	90100	0.000366257
901	90200	0.000366257
902	90300	0.000366257
903	90400	0.000366257
904	90500	0.000366257
905	90600	0.000366257
906	90700	0.000366257
907	90800	0.000366257
908	90900	0.000366257
909	91000	0.000366257
910	91100	0.000366257
911	91200	0.000366257
912	91300	0.000366257
913	91400	0.000366257
914	91500	0.000366257
915	91600	0.000366257
916	91700	0.000366257
917	91800	0.000366257
918	91900	0.000366257
919	92000	0.000366257
920	92100	0.000366257
921	92200	0.000366257
922	92300	0.000366257
923	92400	0.000366257
924	92500	0.000366257
925	92600	0.000366257
926	92700	0.000366257
927	92800	0.000366257
928	92900	0.000366257
929	93000	0.000366257
930	93100	0.000366257
931	93200	0.000366257
932	93300	0.000366257
933	93400	0.000366257
934	93500	0.000366257
935	93600	0.000366257
936	93700	0.000366257
937	93800	0.000366257
938	93900	0.000366257
939	94000	0.000366257
940	94100	0.000366257
941	94200	0.000366257
942	94300	0.000366257
943	94400	0.000366257
944	94500	0.000366257
945	94600	0.000366257
946	94700	0.000366257
947	94800	0.000366257
948	94900	0.000366257
949	95000	0.000366257
950	95100	0.000178185
951	95200	0.000178185
952	95300	0.000178185
953	95400	0.000178185
954	95500	0.000178185
955	95600	0.000178185
956	95700	0.000178185
957	95800	0.000178185
958	95900	0.000178185
959	96000	0.000178185
960	96100	0.000178185
961	96200	0.000178185
962	96300	0.000178185
963	96400	0.000178185
964	96500	0.000178185
965	96600	0.000178185
966	96700	0.000178185
967	96800	0.000178185
968	96900	0.000178185
969	97000	0.000178185
970	97100	0.000178185
971	97200	0.000178185
972	97300	0.000178185
973	97400	0.000178185
974	97500	0.000178185
975	97600	0.000178185
976	97700	0.000178185
977	97800	0.000178185
978	97900	0.000178185
979	98000	0.000178185
980	98100	0.000178185
981	98200	0.000178185
982	98300	0.000178185
983	98400	0.000178185
984	98500	0.000178185
985	98600	0.000178185
986	98700	0.000178185
987	98800	0.000178185
988	98900	0.000178185
989	99000	0.000178185
990	99100	0.000178185
991	99200	0.000178185
992	99300	0.000178185
993	99400	0.000178185
994	99500	0.000178185
995	99600	0.000178185
996	99700	0.000178185
997	99800	0.000178185
998	99900	0.000178185
999	100000	0.000178185
1000	100100	0.000178185
1001	100200	0.000178185
1002	100300	0.000178185
1003	100400	0.000178185
1004	100500	0.000178185
1005	100600	0.000178185
1006	100700	0.000178185
1007	100800	0.000178185
1008	100900	0.000178185
1009	101000	0.000178185
1010	101100	0.000178185
1011	101200	0.000178185
1012	101300	0.000178185
1013	101400	0.000178185
1014	101500	0.000178185
1015	101600	0.000178185
1016	101700	0.000178185
1017	101800	0.000178185
1018	101900	0.000178185
1019	102000	0.000178185
1020	102100	0.000178185
1021	102200	0.000178185
1022	102300	0.000178185
1023	102400	0.000178185
1024	102500	0.000178185
1025	102600	0.000178185
1026	102700	0.000178185
1027	102800	0.000178185
1028	102900	0.000178185
1029	103000	0.000178185
1030	103100	0.000178185
1031	103200	0.000178185
1032	103300	0.000178185
1033	103400	0.000178185
1034	103500	0.000178185
1035	103600	0.000178185
1036	103700	0.000178185
1037	103800	0.000178185
1038	103900	0.000178185
1039	104000	0.000178185
1040	104100	0.000178185
1041	104200	0.000178185
1042	104300	0.000178185
1043	104400	0.000178185
1044	104500	0.000178185
1045	104600	0.000178185
1046	104700	0.000178185
1047	104800	0.000178185
1048	104900	0.000178185
1049	105000	0.000178185
1050	105100	0.000178185
1051	105200	0.000178185
1052	105300	0.000178185
1053	105400	0.000178185
1054	105500	0.000178185
1055	105600	0.000178185
1056	105700	0.000178185
1057	105800	0.000178185
1058	105900	0.000178185
1059	106000	0.000178185
1060	106100	0.000178185
1061	106200	0.000178185
1062	106300	0.000178185
1063	106400	0.000178185
1064	106500	0.000178185
1065	106600	0.000178185
1066	106700	0.000178185
1067	106800	0.000178185
1068	106900	0.000178185
1069	107000	0.000178185
1070	107100	0.000178185
1071	107200	0.000178185
1072	107300	0.000178185
1073	107400	0.000178185
1074	107500	0.000178185
1075	107600	0.000178185
1076	107700	0.000178185
1077	107800	0.000178185
1078	107900	0.000178185
1079	108000	0.000178185
1080	108100	0.000178185
1081	108200	0.000178185
1082	108300	0.000178185
1083	108400	0.000178185
1084	108500	0.000178185
1085	108600	0.000178185
1086	108700	0.000178185
1087	108800	0.000178185
1088	108900	0.000178185
1089	109000	0.000178185
1090	109100	0.000178185
1091	109200	0.000178185
1092	109300	0.000178185
1093	109400	0.000178185
1094	109500	0.000178185
1095	109600	0.000178185
1096	109700	0.000178185
1097	109800	0.000178185
1098	109900	0.000178185
1099	110000	0.000178185
1100	110100	0.000178185
1101	110200	0.000178185
1102	110300	0.000178185
1103	110400	0.000178185
1104	110500	0.000178185
1105	110600	0.000178185
1106	110700	0.000178185
1107	110800	0.000178185
1108	110900	0.000178185
1109	111000	0.000178185
1110	111100	0.000178185
1111	111200	0.000178185
1112	111300	0.000178185
1113	111400	0.000178185
1114	111500	0.000178185
1115	111600	0.000178185
1116	111700	0.000178185
1117	111800	0.000178185
1118	111900	0.000178185
1119	112000	0.000178185
1120	112100	0.000178185
1121	112200	0.000178185
1122	112300	0.000178185
1123	112400	0.000178185
1124	112500	0.000169429
1125	112600	0.000169429
1126	112700	0.000169429
1127	112800	0.000169429
1128	112900	0.000169429
1129	113000	0.000169429
1130	113100	0.000169429
1131	113200	0.000126529
1132	113300	0.000126529
1133	113400	0.000126529
1134	113500	0.000126529
1135	113600	0.000126529
1136	113700	0.000126529
1137	113800	0.000117427
1138	113900	0.000117427
1139	114000	0.000117427
1140	114100	0.000117427
1141	114200	0.000117427
1142	114300	0.000117427
1143	114400	0.000117427
1144	114500	0.000117427
1145	114600	0.000117427
1146	114700	0.000117427
1147	114800	0.000117427
1148	114900	0.000117427
1149	115000	0.000117427
1150	115100	0.000117427
1151	115200	0.000117427
1152	115300	0.000117427
1153	115400	0.000117427
1154	115500	0.000117427
1155	115600	0.000117427
1156	115700	0.000117427
1157	115800	0.000117427
1158	115900	0.000117427
1159	116000	0.000117427
1160	116100	0.000117427
1161	116200	0.000117427
1162	116300	0.000117427
1163	116400	0.000117427
1164	116500	0.000117427
1165	116600	0.000117427
1166	116700	0.000117427
1167	116800	0.000117427
1168	116900	0.000117427
1169	117000	0.000117427
1170	117100	0.000117427
1171	117200	0.000117427
1172	117300	0.000117427
1173	117400	0.000117427
1174	117500	0.000117427
1175	117600	0.000117427
1176	117700	0.000117427
1177	117800	0.000117427
1178	117900	0.000117427
1179	118000	0.000117427
1180	118100	0.000117427
1181	118200	0.000117427
1182	118300	0.000117427
1183	118400	0.000117427
1184	118500	0.000117427
1185	118600	0.000117427
1186	118700	0.000117427
1187	118800	0.000117427
1188	118900	0.000117427
1189	119000	0.000117427
1190	119100	0.000117427
1191	119200	0.000117427
1192	119300	0.000117427
1193	119400	0.000117427
1194	119500	0.000117427
1195	119600	0.000117427
1196	119700	0.000117427
1197	119800	0.000117427
1198	119900	0.000117427
1199	120000	0.000117427
1200	120100	0.000117427
1201	120200	0.000117427
1202	120300	0.000117427
1203	120400	0.000117427
1204	120500	0.000117427
1205	120600	0.000117427
1206	120700	0.000117427
1207	120800	0.000117427
1208	120900	0.000117427
1209	121000	0.000117427
1210	121100	0.000117427
1211	121200	0.000117427
1212	121300	0.000117427
1213	121400	0.000117427
1214	121500	0.000117427
1215	121600	0.000117427
1216	121700	0.000117427
1217	121800	0.000117427
1218	121900	0.000117427
1219	122000	0.000117427
1220	122100	0.000117427
1221	122200	0.000117427
1222	122300	0.000117427
1223	122400	0.000117427
1224	122500	0.000117427
1225	122600	0.000117427
1226	122700	0.000117427
1227	122800	0.000117427
1228	122900	0.000117427
1229	123000	0.000117427
1230	123100	0.000117427
1231	123200	0.000117427
1232	123300	0.000117427
1233	123400	0.000117427
1234	123500	0.000117427
1235	123600	0.000117427
1236	123700	0.000117427
1237	123800	0.000117427
1238	123900	0.000117427
1239	124000	0.000117427
1240	124100	0.000117427
1241	124200	0.000117427
1242	124300	0.000117427
1243	124400	0.000117427
1244	124500	0.000117427
1245	124600	0.000117427
1246	124700	0.000117427
1247	124800	0.000117427
1248	124900	0.000117427
1249	125000	0.000117427
1250	125100	0.000117427
1251	125200	0.000117427
1252	125300	0.000117427
1253	125400	0.000117427
1254	125500	0.000117427
1255	125600	0.000117427
1256	125700	0.000117427
1257	125800	0.000117427
1258	125900	0.000117427
1259	126000	0.000117427
1260	126100	0.000117427
1261	126200	0.000117427
1262	126300	0.000117427
1263	126400	0.000117427
1264	126500	0.000117427
1265	126600	0.000117427
1266	126700	0.000117427
1267	126800	0.000117427
1268	126900	0.000117427
1269	127000	0.000117427
1270	127100	0.000117427
1271	127200	0.000117427
1272	127300	0.000117427
1273	127400	0.000117427
1274	127500	0.000117427
1275	127600	0.000117427
1276	127700	0.000117427
1277	127800	0.000117427
1278	127900	0.000117427
1279	128000	0.000117427
1280	128100	0.000117427
1281	128200	0.000117427
1282	128300	0.000117427
1283	128400	0.000117427
1284	128500	0.000117427
1285	128600	0.000117427
1286	128700	0.000117427
1287	128800	0.000117427
1288	128900	0.000117427
1289	129000	0.000117427
1290	129100	0.000117427
1291	129200	0.000117427
1292	129300	0.000117427
1293	129400	0.000117427
1294	129500	0.000117427
1295	129600	0.000117427
1296	129700	0.000117427
1297	129800	0.000117427
1298	129900	0.000117427
1299	130000	0.000117427
1300	130100	0.000117427
1301	130200	0.000117427
1302	130300	0.000117427
1303	130400	0.000117427
1304	130500	0.000117427
1305	130600	0.000117427
1306	130700	0.000117427
1307	130800	0.000117427
1308	130900	0.000117427
1309	131000	0.000117427
1310	131100	0.000117427
1311	131200	0.000117427
1312	131300	0.000117427
1313	131400	0.000117427
1314	131500	0.000117427
1315	131600	0.000117427
1316	131700	0.000117427
1317	131800	0.000117427
1318	131900	0.000117427
1319	132000	0.000117427
1320	132100	0.000117427
1321	132200	0.000117427
1322	132300	0.000117427
1323	132400	0.000117427
1324	132500	0.000117427
1325	132600	0.000117427
1326	132700	0.000117427
1327	132800	0.000117427
1328	132900	0.000117427
1329	133000	0.000117427
1330	133100	0.000117427
1331	133200	0.000117427
1332	133300	0.000117427
1333	133400	0.000117427
1334	133500	0.000117427
1335	133600	0.000117427
1336	133700	0.000117423
1337	133800	0.000117423
1338	133900	0.000117423
1339	134000	0.000117423
1340	134100	0.000117423
1341	134200	0.000117423
1342	134300	0.000117423
1343	134400	0.000117423
1344	134500	0.000117423
1345	134600	0.000117423
1346	134700	0.000117423
1347	134800	0.000117423
1348	134900	0.000117423
1349	135000	0.000117423
1350	135100	0.000117423
1351	135200	0.000117423
1352	135300	0.000117423
1353	135400	0.000117423
1354	135500	0.000117423
1355	135600	0.000117423
1356	135700	0.000117423
1357	135800	0.000117423
1358	135900	0.000117423
1359	136000	0.000117423
1360	136100	0.000117423
1361	136200	0.000117423
1362	136300	0.000117423
1363	136400	0.000117423
1364	136500	0.000117423
1365	136600	0.000117423
1366	136700	0.000117423
1367	136800	0.000117423
1368	136900	0.000117423
1369	137000	0.000117423
1370	137100	0.000117423
1371	137200	0.000117423
1372	137300	0.000113002
1373	137400	0.000113002
1374	137500	0.000113002
1375	137600	0.000113002
1376	137700	0.000113002
1377	137800	0.000113002
1378	137900	0.000113002
1379	138000	0.000113002
1380	138100	0.000113002
1381	138200	0.000113002
1382	138300	0.000113002
1383	138400	0.000113002
1384	138500	0.000113002
1385	138600	0.000113002
1386	138700	0.000113002
1387	138800	0.000113002
1388	138900	0.000113002
1389	139000	0.000113002
1390	139100	0.000113002
1391	139200	0.000113002
1392	139300	0.000113002
1393	139400	0.000113002
1394	139500	0.000113002
1395	139600	0.000113002
1396	139700	0.000113002
1397	139800	0.000113002
1398	139900	0.000113002
1399	140000	0.000113002
1400	140100	0.000113002
1401	140200	0.000113002
1402	140300	0.000113002
1403	140400	0.000113002
1404	140500	0.000113002
1405	140600	0.000113002
1406	140700	0.000113002
1407	140800	0.000113002
1408	140900	0.000113002
1409	141000	0.000113002
1410	141100	0.000113002
1411	141200	0.000113002
1412	141300	0.000113002
1413	141400	0.000113002
1414	141500	0.000113002
1415	141600	0.000113002
1416	141700	0.000113002
1417	141800	0.000113002
1418	141900	0.000113002
1419	142000	0.000113002
1420	142100	0.000113002
1421	142200	0.000113002
1422	142300	0.000113002
1423	142400	0.000113002
1424	142500	0.000113002
1425	142600	0.000113002
1426	142700	0.000113002
1427	142800	0.000113002
1428	142900	0.000113002
1429	143000	0.000113002
1430	143100	0.000113002
1431	143200	0.000113002
1432	143300	0.000113002
1433	143400	0.000113002
1434	143500	0.000113002
1435	143600	0.000113002
1436	143700	0.000113002
1437	143800	0.000113002
1438	143900	0.000113002
1439	144000	8.97385e-005
1440	144100	8.97385e-005
1441	144200	8.97385e-005
1442	144300	8.97385e-005
1443	144400	8.97385e-005
1444	144500	8.97385e-005
1445	144600	8.97385e-005
1446	144700	8.97385e-005
1447	144800	8.97385e-005
1448	144900	8.97385e-005
1449	145000	8.97385e-005
1450	145100	8.97385e-005
1451	145200	8.97385e-005
1452	145300	8.97385e-005
1453	145400	8.97385e-005
1454	145500	8.97385e-005
1455	145600	8.97385e-005
1456	145700	8.97385e-005
1457	145800	8.97385e-005
1458	145900	8.97385e-005
1459	146000	8.97385e-005
1460	146100	8.97385e-005
1461	146200	8.97385e-005
1462	146300	8.97385e-005
1463	146400	8.97385e-005
1464	146500	8.97385e-005
1465	146600	8.97385e-005
1466	146700	8.97385e-005
1467	146800	8.97385e-005
1468	146900	8.97385e-005
1469	147000	8.97385e-005
1470	147100	8.97385e-005
1471	147200	8.97385e-005
1472	147300	8.97385e-005
1473	147400	8.97385e-005
1474	147500	8.97385e-005
1475	147600	8.97385e-005
1476	147700	8.97385e-005
1477	147800	8.97385e-005
1478	147900	8.97385e-005
1479	148000	8.97385e-005
1480	148100	8.97385e-005
1481	148200	8.97385e-005
1482	148300	8.97385e-005
1483	148400	8.97385e-005
1484	148500	8.97385e-005
1485	148600	8.97385e-005
1486	148700	8.97385e-005
1487	148800	8.97385e-005
1488	148900	8.97385e-005
1489	149000	8.97385e-005
1490	149100	8.97385e-005
1491	149200	8.97385e-005
1492	149300	8.97385e-005
1493	149400	8.97385e-005
1494	149500	8.97385e-005
1495	149600	8.97385e-005
1496	149700	8.97385e-005
1497	149800	8.97385e-005
1498	149900	8.97385e-005
1499	150000	8.97385e-005
1500	150100	8.97385e-005
1501	150200	8.97385e-005
1502	150300	8.97385e-005
1503	150400	8.97385e-005
1504	150500	8.97385e-005
1505	150600	8.97385e-005
1506	150700	8.97385e-005
1507	150800	8.97385e-005
1508	150900	8.97385e-005
1509	151000	8.97385e-005
1510	151100	8.97385e-005
1511	151200	8.97385e-005
1512	151300	8.97385e-005
1513	151400	8.97385e-005
1514	151500	8.97385e-005
1515	151600	8.97385e-005
1516	151700	8.97385e-005
1517	151800	8.97385e-005
1518	151900	8.97385e-005
1519	152000	8.97385e-005
1520	152100	8.97385e-005
1521	152200	8.97385e-005
1522	152300	8.97385e-005
1523	152400	8.97385e-005
1524	152500	8.97385e-005
1525	152600	8.97385e-005
1526	152700	8.97385e-005
1527	152800	8.97385e-005
1528	152900	8.97385e-005
1529	153000	8.97385e-005
1530	153100	8.97385e-005
1531	153200	8.97385e-005
1532	153300	8.97385e-005
1533	153400	8.97385e-005
1534	153500	8.97385e-005
1535	153600	8.97385e-005
1536	153700	8.97385e-005
1537	153800	8.97385e-005
1538	153900	8.97385e-005
1539	154000	8.97385e-005
1540	154100	8.97385e-005
1541	154200	8.97385e-005
1542	154300	8.97385e-005
1543	154400	8.97385e-005
1544	154500	8.97385e-005
1545	154600	8.97385e-005
1546	154700	8.97385e-005
1547	154800	8.97385e-005
1548	154900	8.97385e-005
1549	155000	8.97385e-005
1550	155100	8.97385e-005
1551	155200	8.97385e-005
1552	155300	8.97385e-005
1553	155400	8.97385e-005
1554	155500	8.97385e-005
1555	155600	8.97385e-005
1556	155700	8.97385e-005
1557	155800	8.97385e-005
1558	155900	8.97385e-005
1559	156000	8.97385e-005
1560	156100	8.97385e-005
1561	156200	8.97385e-005
1562	156300	8.97385e-005
1563	156400	8.97385e-005
1564	156500	8.97385e-005
1565	156600	8.97385e-005
1566	156700	8.97385e-005
1567	156800	8.97385e-005
1568	156900	8.97385e-005
1569	157000	8.97385e-005
1570	157100	8.97385e-005
1571	157200	8.97385e-005
1572	157300	8.97385e-005
1573	157400	8.97385e-005
1574	157500	8.97385e-005
1575	157600	8.97385e-005
1576	157700	8.97385e-005
1577	157800	8.97385e-005
1578	157900	8.97385e-005
1579	158000	8.97385e-005
1580	158100	8.97385e-005
1581	158200	8.97385e-005
1582	158300	8.97385e-005
1583	158400	8.97385e-005
1584	158500	8.97385e-005
1585	158600	8.97385e-005
1586	158700	8.97385e-005
1587	158800	8.97385e-005
1588	158900	8.97385e-005
1589	159000	8.97385e-005
1590	159100	8.97385e-005
1591	159200	8.97385e-005
1592	159300	8.97385e-005
1593	159400	8.97385e-005
1594	159500	8.97385e-005
1595	159600	8.97385e-005
1596	159700	8.97385e-005
1597	159800	8.97385e-005
1598	159900	8.97385e-005
1599	160000	8.97385e-005
1600	160100	8.97385e-005
1601	160200	8.97385e-005
1602	160300	8.97385e-005
1603	160400	8.97385e-005
1604	160500	8.97385e-005
1605	160600	8.97385e-005
1606	160700	8.97385e-005
1607	160800	8.97385e-005
1608	160900	8.97385e-005
1609	161000	8.97385e-005
1610	161100	8.97385e-005
1611	161200	8.97385e-005
1612	161300	8.97385e-005
1613	161400	8.97385e-005
1614	161500	8.97385e-005
1615	161600	8.97385e-005
1616	161700	8.97385e-005
1617	161800	8.97385e-005
1618	161900	8.97385e-005
1619	162000	8.97385e-005
1620	162100	8.97385e-005
1621	162200	8.97385e-005
1622	162300	8.97385e-005
1623	162400	8.97385e-005
1624	162500	8.42845e-005
1625	162600	8.42845e-005
1626	162700	8.42845e-005
1627	162800	8.42845e-005
1628	162900	8.42845e-005
1629	163000	8.42845e-005
1630	163100	8.42845e-005
1631	163200	8.42845e-005
1632	163300	8.42845e-005
1633	163400	8.42845e-005
1634	163500	8.42845e-005
1635	163600	8.03779e-005
1636	163700	8.03779e-005
1637	163800	8.03779e-005
1638	163900	8.03779e-005
1639	164000	8.03779e-005
1640	164100	8.03779e-005
1641	164200	8.03779e-005
1642	164300	8.03779e-005
1643	164400	8.03779e-005
1644	164500	8.03779e-005
1645	164600	8.03779e-005
1646	164700	8.03779e-005
1647	164800	8.03779e-005
1648	164900	8.03779e-005
1649	165000	8.03779e-005
1650	165100	8.03779e-005
1651	165200	8.03779e-005
1652	165300	8.03779e-005
1653	165400	8.03779e-005
1654	165500	8.03779e-005
1655	165600	8.03779e-005
1656	165700	8.03779e-005
1657	165800	8.03779e-005
1658	165900	8.03779e-005
1659	166000	8.03779e-005
1660	166100	8.03779e-005
1661	166200	8.03779e-005
1662	166300	8.03779e-005
1663	166400	8.03779e-005
1664	166500	8.03779e-005
1665	166600	8.03779e-005
1666	166700	8.03779e-005
1667	166800	8.03779e-005
1668	166900	8.03779e-005
1669	167000	8.03779e-005
1670	167100	8.03779e-005
1671	167200	8.03779e-005
1672	167300	8.03779e-005
1673	167400	8.03779e-005
1674	167500	8.03779e-005
1675	167600	8.03779e-005
1676	167700	8.03779e-005
1677	167800	8.03779e-005
1678	167900	8.03779e-005
1679	168000	8.03779e-005
1680	168100	8.03779e-005
1681	168200	5.65738e-005
1682	168300	5.65738e-005
1683	168400	5.65738e-005
1684	168500	5.65738e-005
1685	168600	5.65738e-005
1686	168700	5.65738e-005
1687	168800	5.65738e-005
1688	168900	5.65738e-005
1689	169000	5.65738e-005
1690	169100	5.65738e-005
1691	169200	5.65738e-005
1692	169300	5.65738e-005
1693	169400	5.65738e-005
1694	169500	5.65738e-005
1695	169600	5.65738e-005
1696	169700	5.65738e-005
1697	169800	5.65738e-005
1698	169900	5.65738e-005
1699	170000	5.65738e-005
1700	170100	5.65738e-005
1701	170200	5.65738e-005
1702	170300	5.65738e-005
1703	170400	5.65738e-005
1704	170500	5.65738e-005
1705	170600	5.65738e-005
1706	170700	5.65738e-005
1707	170800	5.65738e-005
1708	170900	5.65738e-005
1709	171000	5.65738e-005
1710	171100	5.65738e-005
1711	171200	5.65738e-005
1712	171300	5.65738e-005
1713	171400	5.65738e-005
1714	171500	5.65738e-005
1715	171600	5.65738e-005
1716	171700	5.65738e-005
1717	171800	5.65738e-005
1718	171900	5.65738e-005
1719	172000	5.65738e-005
1720	172100	5.65738e-005
1721	172200	5.65738e-005
1722	172300	5.65738e-005
1723	172400	5.65738e-005
1724	172500	5.65738e-005
1725	172600	5.65738e-005
1726	172700	5.65738e-005
1727	172800	5.65738e-005
1728	172900	5.65738e-005
1729	173000	5.65738e-005
1730	173100	5.65738e-005
1731	173200	5.65738e-005
1732	173300	5.65738e-005
1733	173400	5.65738e-005
1734	173500	5.65738e-005
1735	173600	5.65738e-005
1736	173700	5.65738e-005
1737	173800	5.65738e-005
1738	173900	5.65738e-005
1739	174000	5.65738e-005
1740	174100	5.65738e-005
1741	174200	5.65738e-005
1742	174300	5.65738e-005
1743	174400	5.65738e-005
1744	174500	5.65738e-005
1745	174600	5.65738e-005
1746	174700	5.65738e-005
1747	174800	5.65738e-005
1748	174900	5.65738e-005
1749	175000	5.65738e-005
1750	175100	5.65738e-005
1751	175200	5.65738e-005
1752	175300	5.65738e-005
1753	175400	5.65738e-005
1754	175500	5.65738e-005
1755	175600	5.65738e-005
1756	175700	5.65738e-005
1757	175800	5.65738e-005
1758	175900	5.65738e-005
1759	176000	5.65738e-005
1760	176100	5.65738e-005
1761	176200	5.65738e-005
1762	176300	5.65738e-005
1763	176400	5.65738e-005
1764	176500	5.65738e-005
1765	176600	5.65738e-005
1766	176700	5.65738e-005
1767	176800	5.65738e-005
1768	176900	5.65738e-005
1769	177000	5.65738e-005
1770	177100	5.65738e-005
1771	177200	5.65738e-005
1772	177300	5.65738e-005
1773	177400	5.65738e-005
1774	177500	5.65738e-005
1775	177600	5.65738e-005
1776	177700	5.65738e-005
1777	177800	5.65738e-005
1778	177900	5.65738e-005
1779	178000	5.65738e-005
1780	178100	5.65738e-005
1781	178200	5.65738e-005
1782	178300	5.65738e-005
1783	178400	5.65738e-005
1784	178500	5.65738e-005
1785	178600	5.65738e-005
1786	178700	5.65738e-005
1787	178800	5.65738e-005
1788	178900	5.65738e-005
1789	179000	5.65738e-005
1790	179100	5.65738e-005
1791	179200	5.65738e-005
1792	179300	5.65738e-005
1793	179400	5.65738e-005
1794	179500	5.65738e-005
1795	179600	5.65738e-005
1796	179700	5.65738e-005
1797	179800	5.65738e-005
1798	179900	5.65738e-005
1799	180000	5.65738e-005
1800	180100	5.65738e-005
1801	180200	5.65738e-005
1802	180300	5.65738e-005
1803	180400	5.65738e-005
1804	180500	5.65738e-005
1805	180600	5.65738e-005
1806	180700	5.65738e-005
1807	180800	5.65738e-005
1808	180900	5.65738e-005
1809	181000	5.65738e-005
1810	181100	5.65738e-005
1811	181200	5.65738e-005
1812	181300	5.65738e-005
1813	181400	5.65738e-005
1814	181500	5.65738e-005
1815	181600	5.65738e-005
1816	181700	5.65738e-005
1817	181800	5.65738e-005
1818	181900	5.65738e-005
1819	182000	5.65738e-005
1820	182100	5.65738e-005
1821	182200	5.65738e-005
1822	182300	5.65738e-005
1823	182400	5.65738e-005
1824	182500	5.65738e-005
1825	182600	5.65738e-005
1826	182700	5.65738e-005
1827	182800	5.65738e-005
1828	182900	5.65738e-005
1829	183000	5.65738e-005
1830	183100	5.65738e-005
1831	183200	5.65738e-005
1832	183300	5.65738e-005
1833	183400	5.65738e-005
1834	183500	5.65738e-005
1835	183600	5.65738e-005
1836	183700	5.65738e-005
1837	183800	5.65738e-005
1838	183900	5.65738e-005
1839	184000	5.65738e-005
1840	184100	5.65738e-005
1841	184200	5.65738e-005
1842	184300	5.65738e-005
1843	184400	5.65738e-005
1844	184500	5.65738e-005
1845	184600	5.65738e-005
1846	184700	5.65738e-005
1847	184800	5.65738e-005
1848	184900	5.65738e-005
1849	185000	5.65738e-005
1850	185100	5.65738e-005
1851	185200	5.65738e-005
1852	185300	5.65738e-005
1853	185400	5.65738e-005
1854	185500	5.65738e-005
1855	185600	5.65738e-005
1856	185700	5.65738e-005
1857	185800	5.65738e-005
1858	185900	5.65738e-005
1859	186000	5.65738e-005
1860	186100	5.65738e-005
1861	186200	5.65738e-005
1862	186300	5.65738e-005
1863	186400	5.65738e-005
1864	186500	5.65738e-005
1865	186600	5.65738e-005
1866	186700	5.65738e-005
1867	186800	5.65738e-005
1868	186900	5.65738e-005
1869	187000	5.65738e-005
1870	187100	5.65738e-005
1871	187200	5.65738e-005
1872	187300	5.65738e-005
1873	187400	5.65738e-005
1874	187500	5.65738e-005
1875	187600	5.65738e-005
1876	187700	5.65738e-005
1877	187800	5.65738e-005
1878	187900	5.65738e-005
1879	188000	5.65738e-005
1880	188100	5.65738e-005
1881	188200	5.65738e-005
1882	188300	5.65738e-005
1883	188400	5.65738e-005
1884	188500	5.65738e-005
1885	188600	5.65738e-005
1886	188700	5.65738e-005
1887	188800	5.65738e-005
1888	188900	5.65738e-005
1889	189000	5.65738e-005
1890	189100	5.65738e-005
1891	189200	5.65738e-005
1892	189300	5.65738e-005
1893	189400	5.65738e-005
1894	189500	5.65738e-005
1895	189600	5.65738e-005
1896	189700	5.65738e-005
1897	189800	5.65738e-005
1898	189900	5.65738e-005
1899	190000	5.65738e-005
1900	190100	5.65738e-005
1901	190200	5.65738e-005
1902	190300	5.65738e-005
1903	190400	5.65738e-005
1904	190500	5.65738e-005
1905	190600	5.65738e-005
1906	190700	5.65738e-005
1907	190800	5.65738e-005
1908	190900	5.65738e-005
1909	191000	5.65738e-005
1910	191100	5.65738e-005
1911	191200	5.65738e-005
1912	191300	5.65738e-005
1913	191400	5.65738e-005
1914	191500	5.65738e-005
1915	191600	5.65738e-005
1916	191700	5.65738e-005
1917	191800	5.65738e-005
1918	191900	5.65738e-005
1919	192000	5.65738e-005
1920	192100	5.65738e-005
1921	192200	5.65738e-005
1922	192300	5.65738e-005
1923	192400	5.65738e-005
1924	192500	5.65738e-005
1925	192600	5.65738e-005
1926	192700	5.65738e-005
1927	192800	5.65738e-005
1928	192900	5.65738e-005
1929	193000	5.65738e-005
1930	193100	5.65738e-005
1931	193200	5.65738e-005
1932	193300	5.65738e-005
1933	193400	5.65738e-005
1934	193500	5.65738e-005
1935	193600	5.65738e-005
1936	193700	5.65738e-005
1937	193800	5.65738e-005
1938	193900	5.65738e-005
1939	194000	5.65738e-005
1940	194100	5.65738e-005
1941	194200	5.65738e-005
1942	194300	5.65738e-005
1943	194400	5.65738e-005
1944	194500	5.65738e-005
1945	194600	5.65738e-005
1946	194700	5.65738e-005
1947	194800	5.65738e-005
1948	194900	5.65738e-005
1949	195000	5.65738e-005
1950	195100	5.65738e-005
1951	195200	5.65738e-005
1952	195300	5.65738e-005
1953	195400	5.65738e-005
1954	195500	5.65738e-005
1955	195600	5.65738e-005
1956	195700	5.65738e-005
1957	195800	5.65738e-005
1958	195900	5.65738e-005
1959	196000	5.65738e-005
1960	196100	5.65738e-005
1961	196200	5.65738e-005
1962	196300	5.65738e-005
1963	196400	5.65738e-005
1964	196500	5.65738e-005
1965	196600	5.65738e-005
1966	196700	5.65738e-005
1967	196800	5.65738e-005
1968	196900	5.65738e-005
1969	197000	5.65738e-005
1970	197100	5.65738e-005
1971	197200	5.65738e-005
1972	197300	5.65738e-005
1973	197400	5.65738e-005
1974	197500	5.65738e-005
1975	197600	5.65738e-005
1976	197700	5.65738e-005
1977	197800	5.65738e-005
1978	197900	5.65738e-005
1979	198000	5.65738e-005
1980	198100	5.65738e-005
1981	198200	5.65738e-005
1982	198300	5.65738e-005
1983	198400	5.65738e-005
1984	198500	5.65738e-005
1985	198600	5.65738e-005
1986	198700	5.65738e-005
1987	198800	5.65738e-005
1988	198900	5.65738e-005
1989	199000	5.65738e-005
1990	199100	5.65738e-005
1991	199200	5.65738e-005
1992	199300	5.65738e-005
1993	199400	5.65738e-005
1994	199500	5.65738e-005
1995	199600	5.65738e-005
1996	199700	5.65738e-005
1997	199800	5.65738e-005
1998	199900	5.65738e-005
1999	200000	5.65738e-005
2000	200100	5.65738e-005
