1	200	208.684
2	300	75.0157
3	400	47.5805
4	500	27.8328
5	600	11.6794
6	700	11.6794
7	800	11.6794
8	900	9.06823
9	1000	8.85957
10	1100	8.85957
11	1200	7.31441
12	1300	4.77401
13	1400	3.93753
14	1500	3.93753
15	1600	3.93753
16	1700	3.1813
17	1800	3.1813
18	1900	2.90911
19	2000	2.90911
20	2100	2.81985
21	2200	2.67695
22	2300	2.67695
23	2400	2.60923
24	2500	2.60923
25	2600	1.33048
26	2700	1.33048
27	2800	1.33048
28	2900	1.33048
29	3000	1.33048
30	3100	1.22685
31	3200	1.22685
32	3300	1.22685
33	3400	1.22685
34	3500	1.22685
35	3600	1.03031
36	3700	0.980656
37	3800	0.965061
38	3900	0.965061
39	4000	0.965061
40	4100	0.965061
41	4200	0.965061
42	4300	0.965061
43	4400	0.965061
44	4500	0.965061
45	4600	0.965061
46	4700	0.883182
47	4800	0.883182
48	4900	0.625526
49	5000	0.625526
50	5100	0.625526
51	5200	0.625526
52	5300	0.625526
53	5400	0.625437
54	5500	0.625437
55	5600	0.625437
56	5700	0.625437
57	5800	0.625437
58	5900	0.625437
59	6000	0.460178
60	6100	0.460178
61	6200	0.460178
62	6300	0.460178
63	6400	0.404332
64	6500	0.404332
65	6600	0.404332
66	6700	0.404332
67	6800	0.404332
68	6900	0.404332
69	7000	0.404332
70	7100	0.404332
71	7200	0.404332
72	7300	0.404332
73	7400	0.404332
74	7500	0.404332
75	7600	0.268176
76	7700	0.268176
77	7800	0.24016
78	7900	0.178413
79	8000	0.178413
80	8100	0.178413
81	8200	0.178413
82	8300	0.178413
83	8400	0.178413
84	8500	0.178413
85	8600	0.178413
86	8700	0.178413
87	8800	0.17418
88	8900	0.17418
89	9000	0.17418
90	9100	0.17418
91	9200	0.126778
92	9300	0.126778
93	9400	0.126778
94	9500	0.126778
95	9600	0.108823
96	9700	0.108823
97	9800	0.108823
98	9900	0.108823
99	10000	0.108823
100	10100	0.108823
101	10200	0.0863291
102	10300	0.0863291
103	10400	0.0863291
104	10500	0.0863291
105	10600	0.0863291
106	10700	0.0859453
107	10800	0.0859453
108	10900	0.0859453
109	11000	0.0859453
110	11100	0.0859453
111	11200	0.0859453
112	11300	0.0859453
113	11400	0.0859453
114	11500	0.0859453
115	11600	0.0859453
116	11700	0.0859453
117	11800	0.0859453
118	11900	0.0859453
119	12000	0.0859453
120	12100	0.0859453
121	12200	0.0859453
122	12300	0.0859453
123	12400	0.0859453
124	12500	0.0836233
125	12600	0.0776221
126	12700	0.0776221
127	12800	0.0776221
128	12900	0.0776221
129	13000	0.0776221
130	13100	0.0776221
131	13200	0.0776221
132	13300	0.0776221
133	13400	0.0413591
134	13500	0.0413591
135	13600	0.0413591
136	13700	0.0413591
137	13800	0.0413591
138	13900	0.0413591
139	14000	0.0413591
140	14100	0.0413591
141	14200	0.0413591
142	14300	0.0413591
143	14400	0.0413591
144	14500	0.0413591
145	14600	0.0413591
146	14700	0.0413591
147	14800	0.0413591
148	14900	0.0413591
149	15000	0.0413591
150	15100	0.0413591
151	15200	0.0413591
152	15300	0.0413591
153	15400	0.0410971
154	15500	0.0410971
155	15600	0.0410971
156	15700	0.0410971
157	15800	0.0410971
158	15900	0.0410971
159	16000	0.0215561
160	16100	0.0215561
161	16200	0.0215561
162	16300	0.0215561
163	16400	0.0215561
164	16500	0.0215561
165	16600	0.0215561
166	16700	0.0215561
167	16800	0.0215561
168	16900	0.0215561
169	17000	0.0215561
170	17100	0.0215561
171	17200	0.0215561
172	17300	0.0215561
173	17400	0.0215561
174	17500	0.0215561
175	17600	0.0215561
176	17700	0.0215561
177	17800	0.0215561
178	17900	0.0215561
179	18000	0.0215561
180	18100	0.0206572
181	18200	0.0206572
182	18300	0.0206572
183	18400	0.0206572
184	18500	0.0137181
185	18600	0.0137181
186	18700	0.0137181
187	18800	0.0137181
188	18900	0.0137181
189	19000	0.0137181
190	19100	0.0137181
191	19200	0.0137181
192	19300	0.0137181
193	19400	0.0137181
194	19500	0.0137181
195	19600	0.0137181
196	19700	0.0137181
197	19800	0.0137181
198	19900	0.0137181
199	20000	0.0137181
200	20100	0.0137181
201	20200	0.00792028
202	20300	0.00792028
203	20400	0.00792028
204	20500	0.00792028
205	20600	0.00792028
206	20700	0.00792028
207	20800	0.00792028
208	20900	0.00792028
209	21000	0.00783249
210	21100	0.00783249
211	21200	0.00783249
212	21300	0.00783249
213	21400	0.00783249
214	21500	0.00783249
215	21600	0.00783249
216	21700	0.00783249
217	21800	0.00783249
218	21900	0.00783249
219	22000	0.00783249
220	22100	0.00783249
221	22200	0.00783249
222	22300	0.00783249
223	22400	0.00783249
224	22500	0.00783249
225	22600	0.00783249
226	22700	0.00783249
227	22800	0.00783249
228	22900	0.00783249
229	23000	0.00783249
230	23100	0.00783249
231	23200	0.00783249
232	23300	0.00783249
233	23400	0.00783249
234	23500	0.00783249
235	23600	0.00783249
236	23700	0.00783249
237	23800	0.00783249
238	23900	0.00713876
239	24000	0.00713876
240	24100	0.00713876
241	24200	0.00310572
242	24300	0.00310572
243	24400	0.00310572
244	24500	0.00310572
245	24600	0.00310572
246	24700	0.00310572
247	24800	0.00310572
248	24900	0.00310572
249	25000	0.00310572
250	25100	0.00310572
251	25200	0.00310572
252	25300	0.00310572
253	25400	0.00310572
254	25500	0.00310572
255	25600	0.00310572
256	25700	0.00310572
257	25800	0.00310572
258	25900	0.00310572
259	26000	0.00310572
260	26100	0.00284696
261	26200	0.00284696
262	26300	0.00284696
263	26400	0.00284696
264	26500	0.00284696
265	26600	0.00284696
266	26700	0.00284696
267	26800	0.00284696
268	26900	0.00284696
269	27000	0.00284696
270	27100	0.00284696
271	27200	0.00284696
272	27300	0.00284696
273	27400	0.00284696
274	27500	0.00284696
275	27600	0.00284696
276	27700	0.00284696
277	27800	0.00284696
278	27900	0.00284696
279	28000	0.00284696
280	28100	0.00284696
281	28200	0.00284696
282	28300	0.00284696
283	28400	0.00284696
284	28500	0.00284696
285	28600	0.00284696
286	28700	0.00284696
287	28800	0.00284696
288	28900	0.00284696
289	29000	0.00284696
290	29100	0.00284696
291	29200	0.00284696
292	29300	0.00284696
293	29400	0.00284696
294	29500	0.00284696
295	29600	0.00284696
296	29700	0.00284696
297	29800	0.00284696
298	29900	0.00284696
299	30000	0.00284696
300	30100	0.00284696
301	30200	0.00284696
302	30300	0.00284696
303	30400	0.00284696
304	30500	0.00284696
305	30600	0.00284696
306	30700	0.00284696
307	30800	0.00284696
308	30900	0.00284696
309	31000	0.00284696
310	31100	0.00284696
311	31200	0.00284696
312	31300	0.00284696
313	31400	0.00284696
314	31500	0.00284696
315	31600	0.00284696
316	31700	0.00284696
317	31800	0.00284696
318	31900	0.00284696
319	32000	0.00284696
320	32100	0.00284696
321	32200	0.00284696
322	32300	0.00284696
323	32400	0.00284696
324	32500	0.00284696
325	32600	0.00284696
326	32700	0.00284696
327	32800	0.00284696
328	32900	0.00284696
329	33000	0.00284696
330	33100	0.00284696
331	33200	0.00252057
332	33300	0.00252057
333	33400	0.00252057
334	33500	0.00252057
335	33600	0.00252057
336	33700	0.00252057
337	33800	0.00252057
338	33900	0.00252057
339	34000	0.00252057
340	34100	0.00252057
341	34200	0.00252057
342	34300	0.00252057
343	34400	0.00252057
344	34500	0.00230095
345	34600	0.00230095
346	34700	0.00230095
347	34800	0.00230095
348	34900	0.00230095
349	35000	0.00230095
350	35100	0.00230095
351	35200	0.00230095
352	35300	0.00230095
353	35400	0.00230095
354	35500	0.00230095
355	35600	0.00230095
356	35700	0.00230095
357	35800	0.00230095
358	35900	0.00230095
359	36000	0.00230095
360	36100	0.00230095
361	36200	0.00230095
362	36300	0.00230095
363	36400	0.00230095
364	36500	0.00230095
365	36600	0.00230095
366	36700	0.00230095
367	36800	0.00230095
368	36900	0.00230095
369	37000	0.00230095
370	37100	0.00230095
371	37200	0.00230095
372	37300	0.00230095
373	37400	0.00230095
374	37500	0.00230095
375	37600	0.00230095
376	37700	0.00230095
377	37800	0.00230095
378	37900	0.00230095
379	38000	0.00230095
380	38100	0.00230095
381	38200	0.00230095
382	38300	0.00230095
383	38400	0.00230095
384	38500	0.00230095
385	38600	0.00230095
386	38700	0.00230095
387	38800	0.00230095
388	38900	0.00230095
389	39000	0.00230095
390	39100	0.00230095
391	39200	0.00230095
392	39300	0.00230095
393	39400	0.00230095
394	39500	0.00230095
395	39600	0.00230095
396	39700	0.00230095
397	39800	0.00230095
398	39900	0.00230095
399	40000	0.00230095
400	40100	0.00230095
401	40200	0.00230095
402	40300	0.00230095
403	40400	0.00230095
404	40500	0.00230095
405	40600	0.00230095
406	40700	0.00230095
407	40800	0.00230095
408	40900	0.00230095
409	41000	0.00230095
410	41100	0.00230095
411	41200	0.00230095
412	41300	0.00230095
413	41400	0.00230095
414	41500	0.00230095
415	41600	0.00230095
416	41700	0.00230095
417	41800	0.00230095
418	41900	0.00230095
419	42000	0.00225128
420	42100	0.00225128
421	42200	0.00225128
422	42300	0.00225128
423	42400	0.00225128
424	42500	0.00225128
425	42600	0.00225128
426	42700	0.00225128
427	42800	0.00225128
428	42900	0.00225128
429	43000	0.00225128
430	43100	0.00225128
431	43200	0.00225128
432	43300	0.00225128
433	43400	0.00225128
434	43500	0.00225128
435	43600	0.00225128
436	43700	0.00225128
437	43800	0.00225128
438	43900	0.00225128
439	44000	0.00225128
440	44100	0.00225128
441	44200	0.00225128
442	44300	0.00225128
443	44400	0.00225128
444	44500	0.00225128
445	44600	0.00225128
446	44700	0.00225128
447	44800	0.00225128
448	44900	0.00225128
449	45000	0.00225128
450	45100	0.00225033
451	45200	0.00225033
452	45300	0.00225033
453	45400	0.00225033
454	45500	0.00225033
455	45600	0.00225033
456	45700	0.00225033
457	45800	0.00225033
458	45900	0.00225033
459	46000	0.00225033
460	46100	0.00225033
461	46200	0.00225033
462	46300	0.00225033
463	46400	0.00225033
464	46500	0.00225033
465	46600	0.00225033
466	46700	0.00225033
467	46800	0.00225033
468	46900	0.00225033
469	47000	0.00225033
470	47100	0.00225033
471	47200	0.00225033
472	47300	0.00225033
473	47400	0.00225033
474	47500	0.00225033
475	47600	0.00225033
476	47700	0.00225033
477	47800	0.00225033
478	47900	0.00225033
479	48000	0.00225033
480	48100	0.00225033
481	48200	0.00225033
482	48300	0.00225033
483	48400	0.00225033
484	48500	0.00225033
485	48600	0.00225033
486	48700	0.00225033
487	48800	0.00225033
488	48900	0.00225033
489	49000	0.00225033
490	49100	0.00225033
491	49200	0.00225033
492	49300	0.00225033
493	49400	0.00225033
494	49500	0.00225033
495	49600	0.00225033
496	49700	0.00225033
497	49800	0.00225033
498	49900	0.00225033
499	50000	0.00225033
500	50100	0.00225033
501	50200	0.00225033
502	50300	0.00225033
503	50400	0.00225033
504	50500	0.00225033
505	50600	0.00225033
506	50700	0.00225033
507	50800	0.00225033
508	50900	0.00225033
509	51000	0.00225033
510	51100	0.00225033
511	51200	0.00225033
512	51300	0.00225033
513	51400	0.00225033
514	51500	0.00225033
515	51600	0.00225033
516	51700	0.00225033
517	51800	0.00225033
518	51900	0.00225033
519	52000	0.00225033
520	52100	0.00225033
521	52200	0.00225033
522	52300	0.00225033
523	52400	0.00225033
524	52500	0.00225033
525	52600	0.00225033
526	52700	0.00225033
527	52800	0.00225033
528	52900	0.00225033
529	53000	0.00225033
530	53100	0.00225033
531	53200	0.00225033
532	53300	0.00225033
533	53400	0.00225033
534	53500	0.00225033
535	53600	0.00225033
536	53700	0.00225033
537	53800	0.00225033
538	53900	0.00225033
539	54000	0.00225033
540	54100	0.00225033
541	54200	0.00225033
542	54300	0.00225033
543	54400	0.00225033
544	54500	0.00225033
545	54600	0.00225033
546	54700	0.00225033
547	54800	0.00225033
548	54900	0.00225033
549	55000	0.00225033
550	55100	0.00225033
551	55200	0.00225033
552	55300	0.00225033
553	55400	0.00225033
554	55500	0.00225033
555	55600	0.00225033
556	55700	0.00225033
557	55800	0.00225033
558	55900	0.00225033
559	56000	0.00225033
560	56100	0.00225033
561	56200	0.00225033
562	56300	0.00225033
563	56400	0.00225033
564	56500	0.00225033
565	56600	0.00225033
566	56700	0.00225033
567	56800	0.00225033
568	56900	0.00225033
569	57000	0.00225033
570	57100	0.00225033
571	57200	0.00225033
572	57300	0.00225033
573	57400	0.00225033
574	57500	0.00221312
575	57600	0.00221312
576	57700	0.00221312
577	57800	0.00221312
578	57900	0.00221312
579	58000	0.00221312
580	58100	0.00221312
581	58200	0.00221312
582	58300	0.00221312
583	58400	0.00221312
584	58500	0.00221312
585	58600	0.00221312
586	58700	0.00221312
587	58800	0.00221312
588	58900	0.00221312
589	59000	0.00221312
590	59100	0.00221312
591	59200	0.00221312
592	59300	0.00221312
593	59400	0.00142674
594	59500	0.00142674
595	59600	0.00142674
596	59700	0.00142674
597	59800	0.00142674
598	59900	0.00142674
599	60000	0.00142674
600	60100	0.00142674
601	60200	0.00142674
602	60300	0.00142674
603	60400	0.00142674
604	60500	0.00142674
605	60600	0.00142674
606	60700	0.00142674
607	60800	0.00142674
608	60900	0.00142674
609	61000	0.00142674
610	61100	0.00142674
611	61200	0.00142674
612	61300	0.00142674
613	61400	0.00142674
614	61500	0.00142674
615	61600	0.00142674
616	61700	0.00142674
617	61800	0.00142674
618	61900	0.00142674
619	62000	0.00142674
620	62100	0.00142674
621	62200	0.00142674
622	62300	0.00142674
623	62400	0.00142674
624	62500	0.00142674
625	62600	0.00142674
626	62700	0.00142674
627	62800	0.00142674
628	62900	0.00142674
629	63000	0.00142674
630	63100	0.00142674
631	63200	0.00142674
632	63300	0.00142674
633	63400	0.00142674
634	63500	0.00142674
635	63600	0.00142674
636	63700	0.00142674
637	63800	0.00142674
638	63900	0.00142674
639	64000	0.00142674
640	64100	0.00142674
641	64200	0.00142674
642	64300	0.00142674
643	64400	0.00142674
644	64500	0.00142674
645	64600	0.00142674
646	64700	0.00142674
647	64800	0.00142674
648	64900	0.00142674
649	65000	0.00142674
650	65100	0.00142674
651	65200	0.00142674
652	65300	0.00142674
653	65400	0.00142674
654	65500	0.00142674
655	65600	0.00142674
656	65700	0.00142674
657	65800	0.00142674
658	65900	0.00142674
659	66000	0.00142674
660	66100	0.00142674
661	66200	0.00142674
662	66300	0.00142674
663	66400	0.00142674
664	66500	0.00142674
665	66600	0.00142674
666	66700	0.00142674
667	66800	0.00142674
668	66900	0.00142674
669	67000	0.00142674
670	67100	0.00142674
671	67200	0.00142674
672	67300	0.00142674
673	67400	0.00142674
674	67500	0.00142674
675	67600	0.00142674
676	67700	0.00142674
677	67800	0.00142674
678	67900	0.00142674
679	68000	0.00142674
680	68100	0.00142674
681	68200	0.00142674
682	68300	0.00142674
683	68400	0.00142674
684	68500	0.00142674
685	68600	0.00142674
686	68700	0.00142674
687	68800	0.00142674
688	68900	0.00142674
689	69000	0.00142674
690	69100	0.00142674
691	69200	0.00142674
692	69300	0.00142674
693	69400	0.00142674
694	69500	0.00142674
695	69600	0.00142674
696	69700	0.00142674
697	69800	0.00142674
698	69900	0.00142674
699	70000	0.00142674
700	70100	0.00142674
701	70200	0.00142674
702	70300	0.00142674
703	70400	0.00142674
704	70500	0.00142674
705	70600	0.00142674
706	70700	0.00142674
707	70800	0.00142674
708	70900	0.00142674
709	71000	0.00142674
710	71100	0.00142674
711	71200	0.00142674
712	71300	0.00142674
713	71400	0.00142674
714	71500	0.00142674
715	71600	0.00142674
716	71700	0.00142674
717	71800	0.00142674
718	71900	0.00142674
719	72000	0.00142674
720	72100	0.00142674
721	72200	0.00142674
722	72300	0.00142674
723	72400	0.00142674
724	72500	0.00142674
725	72600	0.00142674
726	72700	0.00142674
727	72800	0.00142674
728	72900	0.00142674
729	73000	0.00142674
730	73100	0.00142674
731	73200	0.00142674
732	73300	0.00142674
733	73400	0.00142674
734	73500	0.00142674
735	73600	0.00142674
736	73700	0.00142674
737	73800	0.00142674
738	73900	0.00142674
739	74000	0.00142674
740	74100	0.00142674
741	74200	0.00142674
742	74300	0.00142674
743	74400	0.00142674
744	74500	0.00142674
745	74600	0.00142674
746	74700	0.00142674
747	74800	0.00142674
748	74900	0.00142674
749	75000	0.00142674
750	75100	0.00142674
751	75200	0.00142674
752	75300	0.00142674
753	75400	0.00142674
754	75500	0.00142674
755	75600	0.00142674
756	75700	0.00142674
757	75800	0.00142674
758	75900	0.00142674
759	76000	0.00142674
760	76100	0.00142674
761	76200	0.00142674
762	76300	0.00142674
763	76400	0.00142674
764	76500	0.00142674
765	76600	0.00142674
766	76700	0.00142674
767	76800	0.00142674
768	76900	0.00142674
769	77000	0.00142674
770	77100	0.00142674
771	77200	0.00142674
772	77300	0.00142674
773	77400	0.00142674
774	77500	0.00142674
775	77600	0.00142674
776	77700	0.00142674
777	77800	0.00142674
778	77900	0.00142674
779	78000	0.00142674
780	78100	0.00142674
781	78200	0.00142674
782	78300	0.00142674
783	78400	0.00142674
784	78500	0.00142674
785	78600	0.00142674
786	78700	0.00130025
787	78800	0.00130025
788	78900	0.00130025
789	79000	0.00130025
790	79100	0.00130025
791	79200	0.00130025
792	79300	0.00130025
793	79400	0.00130025
794	79500	0.00130025
795	79600	0.00130025
796	79700	0.00130025
797	79800	0.00130025
798	79900	0.00130025
799	80000	0.00130025
800	80100	0.00130025
801	80200	0.00130025
802	80300	0.00130025
803	80400	0.00130025
804	80500	0.00130025
805	80600	0.00130025
806	80700	0.00130025
807	80800	0.00130025
808	80900	0.00130025
809	81000	0.00130025
810	81100	0.00130025
811	81200	0.00130025
812	81300	0.00130025
813	81400	0.00130025
814	81500	0.00130025
815	81600	0.00130025
816	81700	0.00130025
817	81800	0.00130025
818	81900	0.00130025
819	82000	0.00130025
820	82100	0.00130025
821	82200	0.00130025
822	82300	0.00130025
823	82400	0.00130025
824	82500	0.00130025
825	82600	0.00130025
826	82700	0.00130025
827	82800	0.00130025
828	82900	0.00130025
829	83000	0.00130025
830	83100	0.00130025
831	83200	0.00130025
832	83300	0.00130025
833	83400	0.00130025
834	83500	0.00130025
835	83600	0.00130025
836	83700	0.00130025
837	83800	0.00130025
838	83900	0.00130025
839	84000	0.00130025
840	84100	0.00130025
841	84200	0.00130025
842	84300	0.00130025
843	84400	0.00130025
844	84500	0.00130025
845	84600	0.00130025
846	84700	0.00130025
847	84800	0.00130025
848	84900	0.00130025
849	85000	0.00130025
850	85100	0.00130025
851	85200	0.00130025
852	85300	0.00130025
853	85400	0.00130025
854	85500	0.00130025
855	85600	0.00130025
856	85700	0.00130025
857	85800	0.00130025
858	85900	0.00130025
859	86000	0.00130025
860	86100	0.00130025
861	86200	0.00130025
862	86300	0.00130025
863	86400	0.00130025
864	86500	0.00130025
865	86600	0.00130025
866	86700	0.00130025
867	86800	0.00130025
868	86900	0.00130025
869	87000	0.00130025
870	87100	0.00130025
871	87200	0.00130025
872	87300	0.00130025
873	87400	0.00130025
874	87500	0.00130025
875	87600	0.00130025
876	87700	0.00130025
877	87800	0.00130025
878	87900	0.00130025
879	88000	0.00130025
880	88100	0.00130025
881	88200	0.00130025
882	88300	0.00130025
883	88400	0.00130025
884	88500	0.00130025
885	88600	0.00130025
886	88700	0.00130025
887	88800	0.00130025
888	88900	0.00130025
889	89000	0.00130025
890	89100	0.00130025
891	89200	0.00130025
892	89300	0.00130025
893	89400	0.00130025
894	89500	0.00130025
895	89600	0.00130025
896	89700	0.0012982
897	89800	0.0012982
898	89900	0.0012982
899	90000	0.0012982
900	90100	0.0012982
901	90200	0.0012982
902	90300	0.0012982
903	90400	0.0012982
904	90500	0.0012982
905	90600	0.0012982
906	90700	0.0012982
907	90800	0.0012982
908	90900	0.0012982
909	91000	0.0012982
910	91100	0.0012982
911	91200	0.0012982
912	91300	0.0012982
913	91400	0.0012982
914	91500	0.0012982
915	91600	0.0012982
916	91700	0.0012982
917	91800	0.0012982
918	91900	0.0012982
919	92000	0.0012982
920	92100	0.0012982
921	92200	0.0012982
922	92300	0.0012982
923	92400	0.0012982
924	92500	0.0012982
925	92600	0.0012982
926	92700	0.0012982
927	92800	0.0012982
928	92900	0.0012982
929	93000	0.0012982
930	93100	0.0012982
931	93200	0.0012982
932	93300	0.0012982
933	93400	0.0012982
934	93500	0.0012982
935	93600	0.0012982
936	93700	0.0012982
937	93800	0.0012982
938	93900	0.0012982
939	94000	0.0012982
940	94100	0.0012982
941	94200	0.0012982
942	94300	0.0012982
943	94400	0.0012982
944	94500	0.0012982
945	94600	0.0012982
946	94700	0.0012982
947	94800	0.0012982
948	94900	0.0012982
949	95000	0.0012982
950	95100	0.0012982
951	95200	0.0012982
952	95300	0.0012982
953	95400	0.0012982
954	95500	0.0012982
955	95600	0.0012982
956	95700	0.0012982
957	95800	0.0012982
958	95900	0.0012982
959	96000	0.0012982
960	96100	0.0012982
961	96200	0.0012982
962	96300	0.0012982
963	96400	0.0012982
964	96500	0.0012982
965	96600	0.0012982
966	96700	0.0012982
967	96800	0.0012982
968	96900	0.0012982
969	97000	0.0012982
970	97100	0.0012982
971	97200	0.0012982
972	97300	0.0012982
973	97400	0.0012982
974	97500	0.0012982
975	97600	0.0012982
976	97700	0.0012982
977	97800	0.0012982
978	97900	0.0012982
979	98000	0.0012982
980	98100	0.0012982
981	98200	0.0012982
982	98300	0.0012982
983	98400	0.0012982
984	98500	0.0012982
985	98600	0.0012982
986	98700	0.0012982
987	98800	0.0012982
988	98900	0.0012982
989	99000	0.0012982
990	99100	0.0012982
991	99200	0.0012982
992	99300	0.0012982
993	99400	0.0012982
994	99500	0.0012982
995	99600	0.0012982
996	99700	0.0012982
997	99800	0.0012982
998	99900	0.0012982
999	100000	0.0012982
1000	100100	0.0012982
1001	100200	0.0012982
1002	100300	0.0012982
1003	100400	0.0012982
1004	100500	0.0012982
1005	100600	0.0012982
1006	100700	0.0012982
1007	100800	0.0012982
1008	100900	0.0012982
1009	101000	0.0012982
1010	101100	0.0012982
1011	101200	0.0012982
1012	101300	0.0012982
1013	101400	0.0012982
1014	101500	0.0012982
1015	101600	0.0012982
1016	101700	0.0012982
1017	101800	0.0012982
1018	101900	0.0012982
1019	102000	0.0012982
1020	102100	0.0012982
1021	102200	0.0012982
1022	102300	0.0012982
1023	102400	0.0012982
1024	102500	0.0012982
1025	102600	0.0012982
1026	102700	0.0012982
1027	102800	0.0012982
1028	102900	0.0012982
1029	103000	0.0012982
1030	103100	0.0012982
1031	103200	0.0012982
1032	103300	0.0012982
1033	103400	0.0012982
1034	103500	0.0012982
1035	103600	0.0012982
1036	103700	0.0012982
1037	103800	0.0012982
1038	103900	0.0012982
1039	104000	0.0012982
1040	104100	0.0012982
1041	104200	0.0012982
1042	104300	0.0012982
1043	104400	0.0012982
1044	104500	0.0012982
1045	104600	0.0012982
1046	104700	0.0012982
1047	104800	0.0012982
1048	104900	0.0012982
1049	105000	0.0012982
1050	105100	0.0012982
1051	105200	0.0012982
1052	105300	0.0012982
1053	105400	0.0012982
1054	105500	0.0012982
1055	105600	0.0012982
1056	105700	0.0012982
1057	105800	0.0012982
1058	105900	0.0012982
1059	106000	0.0012982
1060	106100	0.0012982
1061	106200	0.0012982
1062	106300	0.0012982
1063	106400	0.0012982
1064	106500	0.0012982
1065	106600	0.0012982
1066	106700	0.0012982
1067	106800	0.0012982
1068	106900	0.0012982
1069	107000	0.0012982
1070	107100	0.0012982
1071	107200	0.0012982
1072	107300	0.0012982
1073	107400	0.0012982
1074	107500	0.0012982
1075	107600	0.0012982
1076	107700	0.0012982
1077	107800	0.0012982
1078	107900	0.0012982
1079	108000	0.0012982
1080	108100	0.0012982
1081	108200	0.0012982
1082	108300	0.0012982
1083	108400	0.0012982
1084	108500	0.0012982
1085	108600	0.0012982
1086	108700	0.0012982
1087	108800	0.0012982
1088	108900	0.0012982
1089	109000	0.0012982
1090	109100	0.0012982
1091	109200	0.0012982
1092	109300	0.0012982
1093	109400	0.0012982
1094	109500	0.0012982
1095	109600	0.0012982
1096	109700	0.0012982
1097	109800	0.0012982
1098	109900	0.0012982
1099	110000	0.0012982
1100	110100	0.0012982
1101	110200	0.0012982
1102	110300	0.0012982
1103	110400	0.0012982
1104	110500	0.0012982
1105	110600	0.0012982
1106	110700	0.00127857
1107	110800	0.00127857
1108	110900	0.00127857
1109	111000	0.00127857
1110	111100	0.00127857
1111	111200	0.00127857
1112	111300	0.00127857
1113	111400	0.00127857
1114	111500	0.00127857
1115	111600	0.00127857
1116	111700	0.00127857
1117	111800	0.00127857
1118	111900	0.00127857
1119	112000	0.00127857
1120	112100	0.00127857
1121	112200	0.00127857
1122	112300	0.00127857
1123	112400	0.00127857
1124	112500	0.00127857
1125	112600	0.00127857
1126	112700	0.00127857
1127	112800	0.00127857
1128	112900	0.00127857
1129	113000	0.00127857
1130	113100	0.00127857
1131	113200	0.00127857
1132	113300	0.00127857
1133	113400	0.00127857
1134	113500	0.00127857
1135	113600	0.00127857
1136	113700	0.00127857
1137	113800	0.00127857
1138	113900	0.00127857
1139	114000	0.00127857
1140	114100	0.00127857
1141	114200	0.00127857
1142	114300	0.00127857
1143	114400	0.00127857
1144	114500	0.00127857
1145	114600	0.00127857
1146	114700	0.00127857
1147	114800	0.00127857
1148	114900	0.00127857
1149	115000	0.00127857
1150	115100	0.00127857
1151	115200	0.00127857
1152	115300	0.00127857
1153	115400	0.00127857
1154	115500	0.00127857
1155	115600	0.00127857
1156	115700	0.00127857
1157	115800	0.00127857
1158	115900	0.00127857
1159	116000	0.00127857
1160	116100	0.00127857
1161	116200	0.00127857
1162	116300	0.00127857
1163	116400	0.00127857
1164	116500	0.00127857
1165	116600	0.00127857
1166	116700	0.00127857
1167	116800	0.00127857
1168	116900	0.000659445
1169	117000	0.000659445
1170	117100	0.000659445
1171	117200	0.000659445
1172	117300	0.000659445
1173	117400	0.000659445
1174	117500	0.000659445
1175	117600	0.000659445
1176	117700	0.000659445
1177	117800	0.000659445
1178	117900	0.000659445
1179	118000	0.000659445
1180	118100	0.000659445
1181	118200	0.000659445
1182	118300	0.000659445
1183	118400	0.000659445
1184	118500	0.000659445
1185	118600	0.000659445
1186	118700	0.000659445
1187	118800	0.000659445
1188	118900	0.000659445
1189	119000	0.000659445
1190	119100	0.000659445
1191	119200	0.000659445
1192	119300	0.000659445
1193	119400	0.000659445
1194	119500	0.000659445
1195	119600	0.000659445
1196	119700	0.000659445
1197	119800	0.000659445
1198	119900	0.000659445
1199	120000	0.000659445
1200	120100	0.000659445
1201	120200	0.000659445
1202	120300	0.000659445
1203	120400	0.000659445
1204	120500	0.000659445
1205	120600	0.000659445
1206	120700	0.000659445
1207	120800	0.000659445
1208	120900	0.000659445
1209	121000	0.000659445
1210	121100	0.000659445
1211	121200	0.000659445
1212	121300	0.000659445
1213	121400	0.000659445
1214	121500	0.000659445
1215	121600	0.000659445
1216	121700	0.000659445
1217	121800	0.000659445
1218	121900	0.000659445
1219	122000	0.000659445
1220	122100	0.000659445
1221	122200	0.000659445
1222	122300	0.000659445
1223	122400	0.000659445
1224	122500	0.000659445
1225	122600	0.000659445
1226	122700	0.000659445
1227	122800	0.000659445
1228	122900	0.000659445
1229	123000	0.000659445
1230	123100	0.000659445
1231	123200	0.000659445
1232	123300	0.000659445
1233	123400	0.000659445
1234	123500	0.000659445
1235	123600	0.000659445
1236	123700	0.000659445
1237	123800	0.000659445
1238	123900	0.000635261
1239	124000	0.000548704
1240	124100	0.000548704
1241	124200	0.000548704
1242	124300	0.000548704
1243	124400	0.000548704
1244	124500	0.000548704
1245	124600	0.000548704
1246	124700	0.000548704
1247	124800	0.000548704
1248	124900	0.000548704
1249	125000	0.000548704
1250	125100	0.000548704
1251	125200	0.000548704
1252	125300	0.000548704
1253	125400	0.000548704
1254	125500	0.000548704
1255	125600	0.000548704
1256	125700	0.000548704
1257	125800	0.000548704
1258	125900	0.000548704
1259	126000	0.000548704
1260	126100	0.000548704
1261	126200	0.000548704
1262	126300	0.000548704
1263	126400	0.000548704
1264	126500	0.000548704
1265	126600	0.000548704
1266	126700	0.000548704
1267	126800	0.000548704
1268	126900	0.000548704
1269	127000	0.000548704
1270	127100	0.000548704
1271	127200	0.000548704
1272	127300	0.000548704
1273	127400	0.000548704
1274	127500	0.000548704
1275	127600	0.000548704
1276	127700	0.000548704
1277	127800	0.000548704
1278	127900	0.000548704
1279	128000	0.000548704
1280	128100	0.000548704
1281	128200	0.000548704
1282	128300	0.000548704
1283	128400	0.000548704
1284	128500	0.000548704
1285	128600	0.000548704
1286	128700	0.000548704
1287	128800	0.000548704
1288	128900	0.000548704
1289	129000	0.000548704
1290	129100	0.000548704
1291	129200	0.000548704
1292	129300	0.000548704
1293	129400	0.000548704
1294	129500	0.000548704
1295	129600	0.000548704
1296	129700	0.000548704
1297	129800	0.000548704
1298	129900	0.000548704
1299	130000	0.000548704
1300	130100	0.000548704
1301	130200	0.000548704
1302	130300	0.000548704
1303	130400	0.000548704
1304	130500	0.000548704
1305	130600	0.000548704
1306	130700	0.000548704
1307	130800	0.000548704
1308	130900	0.000548704
1309	131000	0.000548704
1310	131100	0.000548704
1311	131200	0.000548704
1312	131300	0.000548704
1313	131400	0.000548704
1314	131500	0.000548704
1315	131600	0.000548704
1316	131700	0.000548704
1317	131800	0.000548704
1318	131900	0.000548704
1319	132000	0.000548704
1320	132100	0.000548704
1321	132200	0.000548704
1322	132300	0.000548704
1323	132400	0.000548704
1324	132500	0.000548704
1325	132600	0.000548704
1326	132700	0.000548704
1327	132800	0.000548704
1328	132900	0.000548704
1329	133000	0.000548704
1330	133100	0.000548704
1331	133200	0.000548704
1332	133300	0.000548704
1333	133400	0.000548704
1334	133500	0.000548704
1335	133600	0.000548704
1336	133700	0.000548704
1337	133800	0.000548704
1338	133900	0.000548704
1339	134000	0.000548704
1340	134100	0.000548704
1341	134200	0.000548704
1342	134300	0.000548704
1343	134400	0.000548704
1344	134500	0.000548704
1345	134600	0.000548704
1346	134700	0.000548704
1347	134800	0.000548704
1348	134900	0.000548704
1349	135000	0.000548704
1350	135100	0.000548704
1351	135200	0.000548704
1352	135300	0.000548704
1353	135400	0.000492286
1354	135500	0.000492286
1355	135600	0.000492286
1356	135700	0.000492286
1357	135800	0.000492286
1358	135900	0.000492286
1359	136000	0.000492286
1360	136100	0.000492286
1361	136200	0.000492286
1362	136300	0.000492286
1363	136400	0.000492286
1364	136500	0.000492286
1365	136600	0.000492286
1366	136700	0.000492286
1367	136800	0.000492286
1368	136900	0.000492286
1369	137000	0.000492286
1370	137100	0.000492286
1371	137200	0.000492286
1372	137300	0.000492286
1373	137400	0.000492286
1374	137500	0.000492286
1375	137600	0.000492286
1376	137700	0.000492286
1377	137800	0.000492286
1378	137900	0.000492286
1379	138000	0.000492286
1380	138100	0.000492286
1381	138200	0.000492286
1382	138300	0.000492286
1383	138400	0.000492286
1384	138500	0.000492286
1385	138600	0.000492286
1386	138700	0.000492286
1387	138800	0.000492286
1388	138900	0.000492286
1389	139000	0.000492286
1390	139100	0.000492286
1391	139200	0.000492286
1392	139300	0.000492286
1393	139400	0.000492286
1394	139500	0.000492286
1395	139600	0.000492286
1396	139700	0.000492286
1397	139800	0.000492286
1398	139900	0.000492286
1399	140000	0.000492286
1400	140100	0.000492286
1401	140200	0.000492286
1402	140300	0.000492286
1403	140400	0.000492286
1404	140500	0.000492286
1405	140600	0.000492286
1406	140700	0.000492286
1407	140800	0.000492286
1408	140900	0.000492286
1409	141000	0.000492286
1410	141100	0.000492286
1411	141200	0.000492286
1412	141300	0.000492286
1413	141400	0.000492286
1414	141500	0.000492286
1415	141600	0.000492286
1416	141700	0.000492286
1417	141800	0.000492286
1418	141900	0.000492286
1419	142000	0.000492286
1420	142100	0.000492286
1421	142200	0.000492286
1422	142300	0.000492286
1423	142400	0.000492286
1424	142500	0.000492286
1425	142600	0.000492286
1426	142700	0.000492286
1427	142800	0.000492286
1428	142900	0.000492286
1429	143000	0.000492286
1430	143100	0.000492286
1431	143200	0.000492286
1432	143300	0.000492286
1433	143400	0.000492286
1434	143500	0.000492286
1435	143600	0.000492286
1436	143700	0.000492286
1437	143800	0.000492286
1438	143900	0.000492286
1439	144000	0.000492286
1440	144100	0.000492286
1441	144200	0.000492286
1442	144300	0.000492286
1443	144400	0.000492286
1444	144500	0.000492286
1445	144600	0.000492286
1446	144700	0.000492286
1447	144800	0.000492286
1448	144900	0.000492286
1449	145000	0.000492286
1450	145100	0.000492286
1451	145200	0.000492286
1452	145300	0.000492286
1453	145400	0.000492286
1454	145500	0.000492286
1455	145600	0.000492286
1456	145700	0.000492286
1457	145800	0.000492286
1458	145900	0.000492286
1459	146000	0.000492286
1460	146100	0.000492286
1461	146200	0.000492286
1462	146300	0.000492286
1463	146400	0.000492286
1464	146500	0.000492286
1465	146600	0.000492286
1466	146700	0.000492286
1467	146800	0.000492286
1468	146900	0.000492286
1469	147000	0.000492286
1470	147100	0.000492286
1471	147200	0.000492286
1472	147300	0.000492286
1473	147400	0.000492286
1474	147500	0.000492286
1475	147600	0.000492286
1476	147700	0.000492286
1477	147800	0.000492286
1478	147900	0.000492286
1479	148000	0.000492286
1480	148100	0.000492286
1481	148200	0.000492286
1482	148300	0.000492286
1483	148400	0.000492286
1484	148500	0.000492286
1485	148600	0.000492286
1486	148700	0.000492286
1487	148800	0.000492286
1488	148900	0.000492286
1489	149000	0.000492286
1490	149100	0.000492286
1491	149200	0.000492286
1492	149300	0.000492286
1493	149400	0.000492286
1494	149500	0.000492286
1495	149600	0.000492286
1496	149700	0.000492286
1497	149800	0.000492286
1498	149900	0.000492286
1499	150000	0.000492286
1500	150100	0.000492286
1501	150200	0.000492286
1502	150300	0.000492286
1503	150400	0.000492286
1504	150500	0.000492286
1505	150600	0.000492286
1506	150700	0.000492286
1507	150800	0.000492286
1508	150900	0.000492286
1509	151000	0.000492286
1510	151100	0.000446967
1511	151200	0.000446967
1512	151300	0.000446967
1513	151400	0.000446967
1514	151500	0.000446967
1515	151600	0.000446967
1516	151700	0.000446967
1517	151800	0.000446967
1518	151900	0.000446967
1519	152000	0.000446967
1520	152100	0.000446967
1521	152200	0.000446967
1522	152300	0.000446967
1523	152400	0.000446967
1524	152500	0.000446967
1525	152600	0.000446967
1526	152700	0.000446967
1527	152800	0.000446967
1528	152900	0.000446967
1529	153000	0.000446967
1530	153100	0.000446967
1531	153200	0.000446967
1532	153300	0.000446967
1533	153400	0.000446967
1534	153500	0.000446967
1535	153600	0.000446967
1536	153700	0.000446967
1537	153800	0.000446967
1538	153900	0.000446967
1539	154000	0.000446967
1540	154100	0.000446967
1541	154200	0.000446967
1542	154300	0.000446967
1543	154400	0.000446967
1544	154500	0.000446967
1545	154600	0.000446967
1546	154700	0.000446967
1547	154800	0.000446967
1548	154900	0.000446967
1549	155000	0.000446967
1550	155100	0.000446967
1551	155200	0.000446967
1552	155300	0.000446967
1553	155400	0.000446967
1554	155500	0.000446967
1555	155600	0.000446967
1556	155700	0.000446967
1557	155800	0.000446967
1558	155900	0.000446967
1559	156000	0.000446967
1560	156100	0.000446967
1561	156200	0.000280435
1562	156300	0.000280435
1563	156400	0.000280435
1564	156500	0.000280435
1565	156600	0.00027889
1566	156700	0.000276842
1567	156800	0.000275297
1568	156900	0.000275297
1569	157000	0.000275297
1570	157100	0.000275297
1571	157200	0.000275297
1572	157300	0.000275297
1573	157400	0.000275297
1574	157500	0.000275297
1575	157600	0.000275297
1576	157700	0.000275297
1577	157800	0.000275297
1578	157900	0.000275297
1579	158000	0.000275297
1580	158100	0.000275297
1581	158200	0.000275297
1582	158300	0.000275297
1583	158400	0.000275297
1584	158500	0.000275297
1585	158600	0.000275297
1586	158700	0.000275297
1587	158800	0.000275297
1588	158900	0.000275297
1589	159000	0.000275297
1590	159100	0.00027382
1591	159200	0.00027382
1592	159300	0.00027382
1593	159400	0.00027382
1594	159500	0.00027382
1595	159600	0.00027382
1596	159700	0.00027382
1597	159800	0.00027382
1598	159900	0.00027382
1599	160000	0.00027382
1600	160100	0.00027382
1601	160200	0.00027382
1602	160300	0.00027382
1603	160400	0.00027382
1604	160500	0.00027382
1605	160600	0.00027382
1606	160700	0.00027382
1607	160800	0.00027382
1608	160900	0.00027382
1609	161000	0.00027382
1610	161100	0.00027382
1611	161200	0.00027382
1612	161300	0.00027382
1613	161400	0.00027382
1614	161500	0.00027382
1615	161600	0.00027382
1616	161700	0.00027382
1617	161800	0.00027382
1618	161900	0.00027382
1619	162000	0.00027382
1620	162100	0.00027382
1621	162200	0.00027382
1622	162300	0.00027382
1623	162400	0.00027382
1624	162500	0.00027382
1625	162600	0.00027382
1626	162700	0.00027382
1627	162800	0.00027382
1628	162900	0.00027382
1629	163000	0.00027382
1630	163100	0.00027382
1631	163200	0.00027382
1632	163300	0.00027382
1633	163400	0.00027382
1634	163500	0.00027382
1635	163600	0.00027382
1636	163700	0.00027382
1637	163800	0.00027382
1638	163900	0.00027382
1639	164000	0.00027382
1640	164100	0.00027382
1641	164200	0.00027382
1642	164300	0.00027382
1643	164400	0.00027382
1644	164500	0.00027382
1645	164600	0.00027382
1646	164700	0.00027382
1647	164800	0.00027382
1648	164900	0.00027382
1649	165000	0.00027382
1650	165100	0.00027382
1651	165200	0.00027382
1652	165300	0.00027382
1653	165400	0.00027382
1654	165500	0.00027382
1655	165600	0.00027382
1656	165700	0.00027382
1657	165800	0.00027382
1658	165900	0.00027382
1659	166000	0.00027382
1660	166100	0.00027382
1661	166200	0.00027382
1662	166300	0.00027382
1663	166400	0.00027382
1664	166500	0.00027382
1665	166600	0.00027382
1666	166700	0.00027382
1667	166800	0.00027382
1668	166900	0.00027382
1669	167000	0.00027382
1670	167100	0.00027382
1671	167200	0.00027382
1672	167300	0.00027382
1673	167400	0.00027382
1674	167500	0.00027382
1675	167600	0.00027382
1676	167700	0.00027382
1677	167800	0.00027382
1678	167900	0.00027382
1679	168000	0.00027382
1680	168100	0.00027382
1681	168200	0.00027382
1682	168300	0.00027382
1683	168400	0.00027382
1684	168500	0.00027382
1685	168600	0.00027382
1686	168700	0.00027382
1687	168800	0.00027382
1688	168900	0.00027382
1689	169000	0.00027382
1690	169100	0.00027382
1691	169200	0.00027382
1692	169300	0.00027382
1693	169400	0.00027382
1694	169500	0.00027382
1695	169600	0.00027382
1696	169700	0.00027382
1697	169800	0.00027382
1698	169900	0.00027382
1699	170000	0.00027382
1700	170100	0.00027382
1701	170200	0.00027382
1702	170300	0.00027382
1703	170400	0.00027382
1704	170500	0.00027382
1705	170600	0.00027382
1706	170700	0.00027382
1707	170800	0.00027382
1708	170900	0.00027382
1709	171000	0.00027382
1710	171100	0.00027382
1711	171200	0.00027382
1712	171300	0.00027382
1713	171400	0.00027382
1714	171500	0.00027382
1715	171600	0.00027382
1716	171700	0.00027382
1717	171800	0.00027382
1718	171900	0.00027382
1719	172000	0.00027382
1720	172100	0.00027382
1721	172200	0.00027382
1722	172300	0.00027382
1723	172400	0.00027382
1724	172500	0.00027382
1725	172600	0.00027382
1726	172700	0.00027382
1727	172800	0.00027382
1728	172900	0.00027382
1729	173000	0.00027382
1730	173100	0.00027382
1731	173200	0.00027382
1732	173300	0.00027382
1733	173400	0.00027382
1734	173500	0.00027382
1735	173600	0.00027382
1736	173700	0.00027382
1737	173800	0.00027382
1738	173900	0.00027382
1739	174000	0.00027382
1740	174100	0.00027382
1741	174200	0.00027382
1742	174300	0.00027382
1743	174400	0.00027382
1744	174500	0.00027382
1745	174600	0.00027382
1746	174700	0.00027382
1747	174800	0.00027382
1748	174900	0.00027382
1749	175000	0.00027382
1750	175100	0.00027382
1751	175200	0.00027382
1752	175300	0.00027382
1753	175400	0.00027382
1754	175500	0.00027382
1755	175600	0.00027382
1756	175700	0.00027382
1757	175800	0.00027382
1758	175900	0.00027382
1759	176000	0.00027382
1760	176100	0.00027382
1761	176200	0.00027382
1762	176300	0.00027382
1763	176400	0.00027382
1764	176500	0.00027382
1765	176600	0.00027382
1766	176700	0.00027382
1767	176800	0.00027382
1768	176900	0.00027382
1769	177000	0.00027382
1770	177100	0.00027382
1771	177200	0.00027382
1772	177300	0.00027382
1773	177400	0.00027382
1774	177500	0.00027382
1775	177600	0.00027382
1776	177700	0.00027382
1777	177800	0.00027382
1778	177900	0.00027382
1779	178000	0.00027382
1780	178100	0.00027382
1781	178200	0.00027382
1782	178300	0.00027382
1783	178400	0.00027382
1784	178500	0.00027382
1785	178600	0.00027382
1786	178700	0.00027382
1787	178800	0.00027382
1788	178900	0.00027382
1789	179000	0.00027382
1790	179100	0.00027382
1791	179200	0.00027382
1792	179300	0.00027382
1793	179400	0.00027382
1794	179500	0.00027382
1795	179600	0.00027382
1796	179700	0.00027382
1797	179800	0.00027382
1798	179900	0.00027382
1799	180000	0.00027382
1800	180100	0.00027382
1801	180200	0.00027382
1802	180300	0.00027382
1803	180400	0.00027382
1804	180500	0.00027382
1805	180600	0.00027382
1806	180700	0.00027382
1807	180800	0.00027382
1808	180900	0.00027382
1809	181000	0.00027382
1810	181100	0.00027382
1811	181200	0.00027382
1812	181300	0.00027382
1813	181400	0.00027382
1814	181500	0.00027382
1815	181600	0.00027382
1816	181700	0.00027382
1817	181800	0.00027382
1818	181900	0.00027382
1819	182000	0.00027382
1820	182100	0.00027382
1821	182200	0.00027382
1822	182300	0.00027382
1823	182400	0.00027382
1824	182500	0.00027382
1825	182600	0.00027382
1826	182700	0.00027382
1827	182800	0.00027382
1828	182900	0.00027382
1829	183000	0.00027382
1830	183100	0.00027382
1831	183200	0.00027382
1832	183300	0.00027382
1833	183400	0.00027382
1834	183500	0.00027382
1835	183600	0.00027382
1836	183700	0.00027382
1837	183800	0.00027382
1838	183900	0.00027382
1839	184000	0.00027382
1840	184100	0.00027382
1841	184200	0.00027382
1842	184300	0.00027382
1843	184400	0.00027382
1844	184500	0.00027382
1845	184600	0.00027382
1846	184700	0.00027382
1847	184800	0.00027382
1848	184900	0.00027382
1849	185000	0.00027382
1850	185100	0.00027382
1851	185200	0.00027382
1852	185300	0.00027382
1853	185400	0.00027382
1854	185500	0.00027382
1855	185600	0.00027382
1856	185700	0.00027382
1857	185800	0.00027382
1858	185900	0.00027382
1859	186000	0.00027382
1860	186100	0.00027382
1861	186200	0.00027382
1862	186300	0.00027382
1863	186400	0.00027382
1864	186500	0.00027382
1865	186600	0.00027382
1866	186700	0.00027382
1867	186800	0.00027382
1868	186900	0.00027382
1869	187000	0.00027382
1870	187100	0.00027382
1871	187200	0.00027382
1872	187300	0.00027382
1873	187400	0.00027382
1874	187500	0.00027382
1875	187600	0.00027382
1876	187700	0.00027382
1877	187800	0.00027382
1878	187900	0.00027382
1879	188000	0.00027382
1880	188100	0.00027382
1881	188200	0.00027382
1882	188300	0.00027382
1883	188400	0.00027382
1884	188500	0.00027382
1885	188600	0.00027382
1886	188700	0.00027382
1887	188800	0.00027382
1888	188900	0.00027382
1889	189000	0.00027382
1890	189100	0.00027382
1891	189200	0.00027382
1892	189300	0.00027382
1893	189400	0.00027382
1894	189500	0.00027382
1895	189600	0.00027382
1896	189700	0.00027382
1897	189800	0.00027382
1898	189900	0.00027382
1899	190000	0.00027382
1900	190100	0.00027382
1901	190200	0.00027382
1902	190300	0.00027382
1903	190400	0.000217295
1904	190500	0.000217295
1905	190600	0.000217295
1906	190700	0.000217295
1907	190800	0.000217295
1908	190900	0.000217295
1909	191000	0.000217295
1910	191100	0.000217295
1911	191200	0.000217295
1912	191300	0.000217295
1913	191400	0.000217295
1914	191500	0.000217295
1915	191600	0.000217295
1916	191700	0.000217295
1917	191800	0.000217295
1918	191900	0.000217295
1919	192000	0.000217295
1920	192100	0.000217295
1921	192200	0.000217295
1922	192300	0.000217295
1923	192400	0.000217295
1924	192500	0.000217295
1925	192600	0.000217295
1926	192700	0.000217295
1927	192800	0.000217295
1928	192900	0.000217295
1929	193000	0.000217295
1930	193100	0.000217295
1931	193200	0.000217295
1932	193300	0.000217295
1933	193400	0.000217295
1934	193500	0.000217295
1935	193600	0.000217295
1936	193700	0.000217295
1937	193800	0.000217295
1938	193900	0.000217295
1939	194000	0.000217295
1940	194100	0.000217295
1941	194200	0.000217295
1942	194300	0.000217295
1943	194400	0.000217295
1944	194500	0.000217295
1945	194600	0.000217295
1946	194700	0.000217295
1947	194800	0.000217295
1948	194900	0.000217295
1949	195000	0.000217295
1950	195100	0.000217295
1951	195200	0.000217295
1952	195300	0.000217295
1953	195400	0.000217295
1954	195500	0.000217295
1955	195600	0.000217295
1956	195700	0.000217295
1957	195800	0.000217295
1958	195900	0.000217295
1959	196000	0.000217295
1960	196100	0.000217295
1961	196200	0.000217295
1962	196300	0.000217295
1963	196400	0.000217295
1964	196500	0.000217295
1965	196600	0.000217295
1966	196700	0.000159038
1967	196800	0.000159038
1968	196900	0.000159038
1969	197000	0.000159038
1970	197100	0.000159038
1971	197200	0.000159038
1972	197300	0.000159038
1973	197400	0.000159038
1974	197500	0.000159038
1975	197600	0.000159038
1976	197700	0.000159038
1977	197800	0.000159038
1978	197900	0.000159038
1979	198000	0.000159038
1980	198100	0.000159038
1981	198200	0.000159038
1982	198300	0.000159038
1983	198400	0.000159038
1984	198500	0.000159038
1985	198600	0.000159038
1986	198700	0.000159038
1987	198800	0.000159038
1988	198900	0.000159038
1989	199000	0.000159038
1990	199100	0.000159038
1991	199200	0.000159038
1992	199300	0.000159038
1993	199400	0.000159038
1994	199500	0.000159038
1995	199600	0.000159038
1996	199700	0.000159038
1997	199800	0.000159038
1998	199900	0.000159038
1999	200000	0.000159038
2000	200100	0.000159038
