295.199
163.169
116.895
78.2952
61.0566
46.6863
35.0878
28.4661
24.2768
20.9453
17.6142
14.3813
11.7438
10.0553
8.84473
7.68077
6.39
5.23767
4.6354
3.93684
3.53319
3.15691
2.9406
2.7821
2.52514
2.42892
2.17659
1.97123
1.78453
1.65473
1.57778
1.41585
1.30773
1.17899
1.13092
1.09823
1.05414
1.00015
0.907514
0.893871
0.842987
0.75205
0.715939
0.626403
0.608623
0.568449
0.556377
0.491196
0.469327
0.440688
0.425884
0.420882
0.405127
0.402794
0.37957
0.374647
0.366691
0.353717
0.325071
0.31829
0.307689
0.298416
0.277044
0.271298
0.261056
0.248806
0.244111
0.244111
0.242686
0.230525
0.219729
0.217722
0.204926
0.200999
0.190618
0.181551
0.177034
0.173932
0.16016
0.155769
0.154938
0.151656
0.141504
0.139711
0.135279
0.133736
0.129024
0.128649
0.128065
0.125489
0.121846
0.120032
0.117784
0.11526
0.114204
0.105948
0.105948
0.10319
0.100817
0.0999892
0.0988645
0.0970509
0.0958802
0.0947098
0.0946474
0.0934101
0.0932539
0.0920278
0.0918894
0.0879125
0.0871494
0.0853496
0.0850447
0.0828621
0.0817402
0.0817323
0.0801839
0.0794541
0.0794541
0.0790873
0.078926
0.0756425
0.0749089
0.0716133
0.0709237
0.0703969
0.0699861
0.0695925
0.0690175
0.0668244
0.0658516
0.0654284
0.0632125
0.0589919
0.0578594
0.0574319
0.0537059
0.0536127
0.0523754
0.0520797
0.0520011
0.0506688
0.0502629
0.0502512
0.0500421
0.0500421
0.0500421
0.0486383
0.0454468
0.0454266
0.0453986
0.04533
0.0441544
0.0438406
0.0433743
0.0432543
0.0426743
0.0425145
0.041234
0.0396505
0.0394138
0.0393687
0.0389639
0.0383251
0.0380939
0.037568
0.037568
0.037568
0.0359654
0.0359089
0.035794
0.0356917
0.0350583
0.0347138
0.0344895
0.0343746
0.0335137
0.0333633
0.0312348
0.0292591
0.0292591
0.0289149
0.0284816
0.0265174
0.0265174
0.0263958
0.0263547
0.0262214
0.025986
0.025559
0.0255306
0.0255306
0.0255306
0.0255306
0.0253996
0.0253996
0.0253321
0.0249593
0.0233013
0.0231284
0.0228385
0.0227709
0.020706
0.0205779
0.0205779
0.0205702
0.0201043
0.0200674
0.020063
0.020063
0.0200027
0.0200027
0.0200027
0.0200027
0.0165274
0.016357
0.0159852
0.0155202
0.0154316
0.0152175
0.0151266
0.0148282
0.0143918
0.0139016
0.013668
0.0135121
0.0135121
0.0135121
0.0134438
0.013294
0.013294
0.0132928
0.0127679
0.0127679
0.0124756
0.0119485
0.0118626
0.0118116
0.011635
0.0114632
0.0112615
0.0112079
0.011097
0.0110798
0.0110798
0.0110291
0.010613
0.010549
0.0105041
0.0105041
0.0105041
0.0103506
0.0103506
0.0101108
0.0101108
0.0101108
0.0101097
0.0101097
0.0097847
0.00976221
0.00976221
0.00975398
0.00965043
0.00965043
0.00954484
0.00954484
0.00941252
0.00937895
0.00937895
0.00937895
0.00936763
0.00936763
0.00917802
0.00914608
0.00914426
0.00914265
0.00914265
0.00914265
0.00914265
0.00914265
0.00914265
0.00905645
0.00905645
0.00903008
0.00895677
0.00879925
0.00874339
0.00873462
0.00873462
0.00873462
0.00873462
0.00871301
0.00866239
0.00866239
0.00866239
0.00866239
0.00866239
0.00865157
0.00865157
0.00784918
0.00781605
0.00781605
0.0077395
0.0077395
0.00767715
0.00767715
0.00767715
0.00767715
0.00767715
0.00767569
0.00754408
0.00753913
0.00741927
0.00733146
0.00732111
0.00732111
0.00732111
0.00719854
0.00719854
0.00719854
0.00719854
0.00716418
0.00687559
0.00687559
0.0068569
0.0068569
0.00685581
0.0067733
0.0067733
0.0065897
0.00642918
0.00642918
0.00642918
0.00626352
0.00626316
0.00583037
0.00583037
0.00583037
0.00582588
0.00582564
0.00579616
0.00579616
0.00579616
0.00578518
0.00547847
0.00547847
0.00547847
0.00547847
0.00540376
0.00539207
0.00538738
0.00538738
0.00537366
0.00535632
0.00534999
0.00534999
0.00534999
0.00534532
0.00534532
0.00534532
0.0053121
0.0053121
0.0053121
0.0053121
0.0053121
0.00528803
0.00528803
0.00494856
0.00494856
0.00492216
0.00492216
0.00492216
0.00492216
0.00492097
0.00492097
0.00492097
0.00492097
0.00473119
0.00473119
0.0047275
0.00424032
0.00420921
0.00414638
0.00408833
0.00408833
0.00408833
0.00408591
0.00408591
0.00408591
0.00407905
0.00407905
0.00407905
0.00407905
0.00407905
0.00407905
0.00406353
0.00406353
0.0039297
0.0039297
0.0039297
0.0039297
0.0039297
0.00386188
0.00386188
0.0037622
0.0037622
0.00369303
0.00366726
0.00366726
0.00366726
0.00366668
0.00366668
0.00366668
0.00366668
0.00366668
0.00366668
0.00366668
0.00366668
0.0036642
0.0036642
0.0036642
0.00364108
0.00362542
0.00362542
0.00362542
0.00362542
0.00362542
0.00362542
0.00362542
0.00362542
0.00330709
0.00322138
0.00322138
0.0032042
0.0032042
0.00317836
0.00317836
0.00306968
0.00306968
0.00306968
0.00306968
0.00306968
0.00306233
0.00306233
0.00306233
0.00306233
0.00303966
0.00303966
0.00303966
0.0030127
0.00299234
0.00292243
0.00292243
0.00292243
0.00292243
0.00292243
0.00292243
0.00292243
0.0029112
0.00290998
0.00290998
0.00290998
0.00290998
0.00290998
0.00290971
0.00290971
0.00290486
0.00290486
0.00290486
0.00290377
0.002847
0.002847
0.002847
0.002847
0.002847
0.002847
0.002847
0.002847
0.002847
0.002847
0.002847
0.002847
0.002847
0.00272023
0.00272023
0.00272023
0.00272023
0.00272023
0.00270971
0.00270971
0.00242508
0.00242508
0.00242508
0.00242508
0.00242508
0.00242109
0.00242109
0.00240637
0.00238056
0.00238056
0.00238056
0.00238056
0.00236003
0.00236003
0.00236003
0.00236003
0.00236003
0.00235913
0.00235913
0.00235913
0.00235727
0.00235727
0.00235707
0.00232134
0.00232114
0.00232114
0.00232114
0.00232114
0.00231962
0.00231962
0.00231932
0.00231932
0.00231932
0.00231932
0.00231932
0.00211988
0.00211988
0.00211988
0.00211988
0.00211988
0.00211988
0.00211988
0.00211988
0.00211988
0.00211955
0.00211955
0.00211955
0.00211955
0.0021192
0.0021192
0.0021192
0.00211487
0.00211487
0.00211487
0.00211487
0.00206228
0.00206228
0.00206228
0.00206228
0.00199404
0.00199404
0.00199404
0.00199404
0.00199404
0.00192453
0.00192453
0.00192453
0.00192453
0.00192453
0.00192453
0.00192453
0.00192453
0.00192453
0.00192453
0.00192453
0.00192453
0.00192453
0.00192439
0.00190653
0.00190515
0.00190515
0.00190514
0.00190514
0.00190194
0.00190194
0.00190194
0.00190194
0.00187664
0.00187664
0.00187664
0.00187664
0.00187664
0.00187664
0.00187664
0.00187664
0.00187664
0.00186138
0.00186138
0.00186138
0.00186138
0.00186138
0.00186138
0.00182206
0.00182206
0.0018182
0.00181071
0.00181071
0.00181071
0.00181071
0.00181071
0.00181071
0.00181058
0.00181058
0.00181058
0.00181058
0.00180438
0.00180299
0.00180299
0.00177793
0.00177793
0.00177793
0.00175815
0.00175815
0.00175815
0.00175713
0.00175004
0.00175004
0.00175004
0.00175004
0.00171437
0.00171437
0.00171437
0.00171355
0.00171275
0.00171275
0.00170428
0.00170204
0.00170204
0.00170204
0.00170204
0.00170204
0.00170204
0.00168542
0.00168542
0.00168542
0.00168408
0.00168408
0.00167908
0.00167908
0.00167836
0.00167836
0.00167836
0.00167836
0.00167836
0.00165159
0.00165159
0.00164632
0.00164632
0.00145572
0.00145339
0.00145339
0.00145158
0.00144255
0.00144255
0.00144101
0.00143276
0.00143276
0.00141799
0.00141799
0.00141799
0.00141799
0.00141799
0.00141176
0.00141176
0.00140318
0.00140318
0.00140318
0.00140318
0.00139251
0.00139251
0.00139251
0.00135432
0.00135432
0.00135432
0.0013538
0.0013538
0.001195
0.001195
0.001195
0.00119468
0.00119468
0.00119468
0.00119468
0.00119468
0.00119468
0.00117318
0.00117318
0.00117318
0.00117289
0.0011647
0.0011647
0.00116025
0.00116025
0.00116025
0.00116025
0.00116025
0.00115779
0.00115779
0.00115779
0.00115779
0.00115779
0.00115779
0.00115779
0.00115779
0.00115779
0.00115779
0.00115779
0.0011577
0.0011577
0.0011577
0.0011577
0.0011577
0.0011577
0.0011577
0.0011577
0.0011577
0.0011577
0.0011577
0.00113691
0.00112336
0.00112336
0.00112336
0.00112336
0.00112336
0.00112245
0.00112245
0.00112245
0.00112245
0.00112245
0.00103842
0.00103842
0.00103832
0.0010359
0.00102786
0.00102786
0.00102786
0.00102786
0.00102786
0.00102786
0.00102786
0.00102786
0.00102596
0.00102596
0.00102596
0.00102596
0.00102596
0.00102596
0.00102596
0.00102596
0.00102582
0.0010253
0.0010253
0.0010253
0.00101943
0.00101943
0.00101943
0.00101943
0.00101943
0.00100577
0.00100577
0.00100577
0.00100577
0.00100577
0.00100577
0.00100577
0.00100577
0.00100577
0.000998497
0.000998497
0.000998497
0.000998497
0.000998497
0.000997869
0.000997869
0.000997869
0.000997869
0.000997869
0.000983163
0.000983163
0.000983163
0.000983163
0.000983163
0.00098088
0.00098088
0.000967714
0.000961389
0.000961389
0.000958009
0.000958009
0.000958009
0.000957961
0.000957961
0.000957961
0.000957961
0.000954876
0.000954876
0.000954876
0.000941116
0.000941116
0.000941116
0.000941116
0.000941116
0.000941116
0.000921814
0.000915694
0.000915694
0.000908129
0.000908129
0.000908129
0.000908129
0.000907929
0.000907929
0.000907929
0.000907929
0.000902237
0.000889847
0.000889847
0.000889847
0.000878855
0.000873211
0.000873211
0.000873211
0.000873211
0.000873211
0.000873211
0.000747768
0.000747768
0.000747768
0.000747768
0.000747768
0.000747768
0.000747768
0.000747768
0.000747768
0.000745877
0.000745877
0.000744862
0.000744862
0.000744862
0.000741688
0.000741405
0.000741405
0.000741405
0.000741405
0.000740846
0.000740846
0.000740846
0.000740846
0.000740846
0.000740846
0.000740846
0.000739189
0.000739189
0.000739189
0.000739189
0.000739189
0.000739189
0.000708653
0.000708653
0.000685635
0.000685635
0.000683435
0.000683435
0.000683435
0.000678941
0.000678941
0.000678941
0.000678941
0.000678941
0.000678941
0.000678941
0.000678941
0.000678941
0.000678041
0.000670866
0.000670866
0.000670866
0.00066748
0.000639613
0.000639613
0.000639613
0.000639613
0.000639613
0.000639613
0.000639613
0.000639613
0.000639613
0.000639613
0.000639613
0.000639613
0.000639613
0.000639613
0.000639613
0.000639613
0.000639613
0.000639511
0.000639511
0.000639511
0.000639511
0.000639511
0.000639511
0.000639511
0.000639511
0.000639511
0.000638858
0.000638858
0.000638858
0.000638858
0.000638858
0.000638858
0.000638858
0.000638858
0.000638858
0.000638858
0.000638858
0.000638858
0.000638858
0.000632931
0.000632931
0.000632931
0.000632931
0.000631629
0.000631629
0.000631629
0.000631629
0.000631629
0.000631332
0.000631332
0.000631332
0.000631332
0.000631332
0.000631332
0.000631263
0.000631263
0.000631263
0.000631263
0.000631263
0.000631263
0.000631263
0.000627981
0.000627981
0.000627981
0.000627981
0.000627981
0.000627981
0.000627981
0.000627981
0.000627981
0.000627981
0.000618577
0.000612599
0.000606909
0.000606909
0.000606909
0.000572371
0.000572371
0.000572341
0.000572341
0.000572341
0.000572341
0.000572341
0.000572341
0.000572341
0.000572341
0.000572341
0.000572341
0.000542699
0.000542699
0.000542699
0.000542699
0.000542626
0.000542626
0.000542626
0.000542626
0.000542626
0.000542626
0.000542626
0.000542626
0.000542626
0.000541114
0.000541114
0.000541114
0.000541114
0.000541114
0.000541114
0.000541114
0.000541114
0.000541114
0.000541114
0.000541114
0.000538254
0.000538254
0.000538254
0.000538254
0.000538254
0.000538254
0.000533723
0.00053359
0.000531575
0.000531575
0.000531238
0.000531238
0.000531238
0.000530321
0.000530321
0.000530321
0.000530321
0.000530321
0.000530321
0.000530321
0.000530321
0.000530321
0.000530321
0.000530321
0.000530321
0.000530321
0.000530321
0.000530321
0.000530321
0.000530321
0.000530321
0.000530321
0.000530321
0.000530321
0.000530321
0.000530321
0.000530321
0.000530321
0.000530321
0.000530037
0.000530037
0.000530037
0.000530037
0.000530037
0.000530037
0.000530037
0.000530037
0.000530037
0.000529934
0.000529934
0.000529934
0.000529934
0.000529934
0.000528262
0.000528262
0.000528262
0.000526196
0.000526196
0.000526196
0.000526196
0.000526196
0.000526196
0.000526196
0.000526196
0.000526196
0.000516199
0.000516199
0.000516199
0.000504024
0.000504024
0.000504024
0.000504024
0.000504024
0.000504024
0.000504024
0.000504024
0.000504024
0.000504024
0.000504024
0.000504024
0.000504024
0.000504024
0.000504024
0.000504024
0.000504024
0.000504024
0.000504024
0.000503322
0.000503322
0.000503322
0.000503322
0.000503322
0.000503322
0.000503322
0.000503322
0.000503143
0.000503143
0.000503143
0.000503143
0.000503143
0.000503143
0.000503143
0.000503143
0.000503143
0.000503143
0.000503143
0.000501865
0.000501865
0.000501865
0.000501865
0.000501865
0.000501865
0.000501865
0.000501865
0.000501865
0.000500883
0.000500883
0.000500883
0.000500883
0.000500883
0.000500883
0.000500883
0.000500883
0.000500883
0.000500554
0.000500554
0.000488411
0.000488082
0.000488082
0.000488082
0.000488082
0.000488082
0.000488082
0.000487644
0.000487644
0.000487644
0.000487644
0.000487644
0.000487644
0.000487644
0.000485499
0.000485499
0.000485499
0.000485499
0.000485499
0.000485499
0.000481631
0.000481631
0.000481631
0.000477861
0.000477861
0.000477861
0.000477861
0.000477861
0.000477861
0.000477861
0.000477861
0.000477861
0.000477861
0.000477861
0.000477861
0.000477861
0.000477861
0.000477861
0.000477861
0.000449755
0.000449755
0.000449755
0.000449755
0.000449755
0.000449755
0.000449755
0.000448646
0.000448646
0.000448646
0.000448646
0.000442332
0.000386811
0.000386811
0.000386811
0.000386811
0.000386217
0.000386217
0.000385619
0.000385619
0.000385619
0.000385619
0.000385619
0.000385309
0.000385007
0.000385007
0.000385007
0.000385007
0.000385007
0.000380248
0.000380248
0.000380248
0.000380248
0.000380248
0.000380248
0.000380248
0.000380216
0.000380216
0.000380216
0.000380216
0.000380216
0.000380216
0.000380216
0.000379867
0.000379867
0.000379867
0.000379867
0.000379867
0.000379867
0.000379867
0.000379867
0.000379867
0.000379867
0.000379867
0.000379867
0.000379867
0.000379867
0.000379091
0.000375955
0.000375955
0.000375955
0.000375955
0.000375955
0.000370139
0.000370139
0.000370139
0.000370139
0.000370122
0.000370122
0.000370122
0.000370122
0.000370122
0.000370122
0.000370122
0.000370122
0.000370122
0.000367559
0.000367559
0.000367559
0.000367559
0.000367559
0.000367559
0.00036635
0.000362022
0.000362022
0.000361365
0.000361365
0.000359236
0.000358756
0.000358756
0.000353285
0.000352546
0.000352546
0.000352546
0.000352546
0.000352546
0.000352546
0.000352546
0.000352546
0.000352546
0.000351203
0.000351203
0.000351203
0.000351203
0.000351203
0.000351203
0.000350664
0.000350664
0.000350664
0.000350664
0.000350664
0.000350664
0.000350664
0.000350664
0.000350664
0.000335259
0.000335259
0.00033387
0.00033387
0.00033387
0.00033387
0.00033387
0.00033387
0.00033387
0.00033387
0.00033387
0.00033387
0.00033387
0.00033387
0.00032546
0.00032546
0.00032546
0.00032546
0.00032546
0.000323722
0.000323722
0.000323722
0.000323722
0.000323722
0.000323722
0.000323722
0.000323722
0.000323722
0.000323722
0.000323722
0.000323722
0.000323722
0.000323722
0.000323722
0.000323722
0.000323722
0.000323722
0.000321523
0.000321523
0.000321523
0.000321447
0.000321447
0.000321447
0.000321447
0.000321447
0.000321447
0.000321447
0.000321447
0.000321447
0.000321447
0.000321447
0.000321447
0.000321447
0.000319551
0.000319551
0.000319551
0.000319551
0.000319551
0.000319201
0.000319163
0.000319163
0.000319163
0.000319163
0.000319163
0.000319163
0.000319162
0.000317892
0.000317239
0.000317239
0.000317239
0.000317239
0.000317239
0.000317239
0.000317239
0.000317239
0.000317239
0.000317239
0.000295997
0.000295997
0.000295997
0.000295997
0.000295997
0.000293176
0.000293176
0.000292631
0.000292631
0.000292631
0.000292631
0.000291577
0.000291577
0.000291577
0.000291577
0.000291577
0.000291577
0.000291577
0.000291577
0.000291577
0.000291577
0.000291577
0.000291577
0.000291577
0.000291356
0.000291356
0.000291356
0.000291356
0.000291356
0.000291356
0.000291356
0.000291356
0.000291356
0.000291356
0.000291353
0.000291353
0.000291353
0.000291353
0.000291353
0.000291353
0.000291353
0.000291353
0.000291353
0.000291353
0.000291353
0.000291353
0.000291353
0.000291353
0.000291353
0.000291353
0.000291353
0.000291164
0.000291164
0.000291164
0.000291164
0.000285533
0.000285533
0.000285533
0.000285533
0.000285533
0.000285533
0.000282538
0.000282411
0.000282411
0.000282411
0.000282411
0.000282411
0.000282411
0.000282411
0.000282411
0.000282411
0.000282411
0.000282411
0.000282
0.000282
0.000282
0.000282
0.000282
0.000282
0.000282
0.000282
0.000281086
0.000281086
0.000281086
0.000281086
0.000281086
0.000281086
0.000281086
0.000277409
0.000277289
0.000277289
0.000276126
0.000276126
0.000276126
0.000276126
0.000276126
0.000276126
0.000276126
0.000276126
0.000276126
0.000276126
0.000276126
0.000276126
0.000276126
0.000276126
0.000276126
0.000276126
0.000275675
0.000275675
0.000275675
0.000275675
0.000275675
0.000275382
0.000275382
0.000275382
0.000275382
0.000275382
0.000275382
0.000275382
0.000274864
0.000274799
0.000274799
0.000274799
0.000274799
0.000274799
0.000274799
0.000274799
0.000274799
0.000274799
0.000274799
0.000274799
0.000274799
0.000274799
0.000274799
0.000274799
0.000274799
0.000274799
0.000274799
0.000274799
0.000274106
0.000274106
0.000274106
0.000274106
0.000274106
0.000274106
0.000274106
0.000274106
0.000274106
0.000274106
0.000274022
0.000274022
0.000274022
0.000274022
0.000274022
0.000274022
0.000274022
0.000274022
0.000274022
0.000272087
0.000272009
0.000272009
0.000272009
0.000269743
0.000269743
0.000269743
0.000269743
0.00026354
0.00026354
0.00026354
0.00026354
0.00026354
0.00026354
0.00026354
0.000259617
0.000259617
0.000259617
0.000259103
0.000259103
0.000254393
0.000253879
0.000253879
0.000253879
0.000253879
0.000253873
0.000253873
0.000253873
0.00025349
0.00025349
0.00025349
0.00025349
0.00025349
0.00025349
0.000245285
0.000245285
0.000245285
0.000244103
0.000244103
0.000240011
0.000240011
0.000240011
0.000240011
0.000239775
0.000239775
0.000239775
0.000239775
0.000239775
0.000239775
0.000239775
0.000239775
0.000239775
0.000239775
0.000239775
0.000239775
0.000230618
0.000230618
0.000230618
0.000230618
0.000230541
0.000222346
0.000222268
0.000222268
0.000222268
0.000222268
0.000222268
0.000221276
0.000221276
0.000216511
0.000216511
0.000216511
0.000216511
0.000216511
0.000216511
0.000216511
0.000216511
0.000216511
0.000216511
0.000216511
0.000216511
0.000216463
0.000216463
0.000216463
0.000216398
0.000216324
0.000216324
0.000216324
0.000216324
0.000216324
0.000216324
0.000216324
0.000216324
0.000216324
0.000216324
0.000216324
0.000216324
0.000216324
0.000214562
0.000214562
0.000214562
0.000214562
0.000214562
0.000214562
0.000214562
0.000214562
0.000214562
0.000214562
0.000214562
0.000214562
0.000214562
0.000214562
0.000214562
0.000214562
0.000214562
0.000214562
0.000214562
0.000214562
0.000214562
0.000211962
0.000211962
0.000211962
0.000211962
0.000211517
0.000211517
0.000211517
0.000211517
0.000211517
0.000211517
0.000211517
0.000211321
0.000211321
0.000211321
0.000211321
0.000211223
0.000211223
0.000211223
0.000211223
0.000211223
0.000211223
0.000211223
0.000211223
0.000211223
0.000211223
0.000211223
0.000211223
0.000211223
0.000211223
0.000211223
0.000211223
0.000211223
0.000211223
0.000211223
0.000211223
0.000211223
0.000211223
0.000211223
0.000211223
0.000211223
0.000211223
0.000211223
0.000211223
0.000211223
0.000211223
0.000211223
0.000211223
0.000211223
0.000211223
0.000211223
0.000211223
0.000211223
0.000211223
0.000211223
0.000211223
0.000211223
0.000211223
0.000210033
0.000210033
0.000210033
0.000210033
0.000208018
0.000208018
0.000208018
0.000208018
0.000208018
0.000204853
0.000204853
0.000204853
0.000204853
0.000204853
0.000204853
0.000204853
0.000204853
0.000203818
0.000203818
0.000203818
0.000203818
0.000203818
0.000203818
0.000203818
0.000203818
0.000203818
0.000203818
0.000203818
0.000203818
0.000203818
0.000203818
0.000203818
0.000199228
0.000199228
0.000199228
0.000199228
0.000199228
0.000199228
0.000199228
0.000199228
0.000199228
0.000199228
0.000199228
0.000199228
0.000199228
0.000199228
0.000197858
0.000197858
0.000196972
0.000196972
0.000196972
0.000195776
0.000195776
0.000195776
0.000195776
0.000195776
0.000195776
0.000195776
0.000195776
0.000195776
0.000195776
0.000195776
0.000195776
0.000195776
0.000195776
0.000195092
0.000195092
0.000195092
0.000195092
0.000195092
0.000195092
0.000195092
0.000195092
0.000195092
0.000195092
0.000195092
0.000195092
0.000195092
0.000195092
0.000195092
0.000195092
0.000195092
0.000195092
0.000194047
0.000194047
0.000194047
0.000194047
0.000194047
0.000194047
0.000194047
0.000194047
0.000194047
0.000194047
0.000194047
0.000184897
0.000184897
0.000184897
0.000184544
0.000184544
0.000184544
0.000184544
0.000184544
0.000184544
0.000184544
0.000184544
0.000184544
0.000184544
0.000184544
0.000184544
0.000184544
0.000184544
0.000184544
0.000184544
0.000184544
0.000184434
0.000184434
0.000180628
0.000180628
0.000180628
0.000180628
0.000180628
0.000180628
0.000180628
0.000180628
0.000180628
0.000180628
0.000180628
0.000180628
0.000180628
0.000180628
0.000180628
0.000180628
0.000180628
0.000180628
0.000180628
0.000180628
0.000180628
0.000180628
0.000180628
0.000180628
0.000180628
0.000180628
0.000179315
0.000178869
0.000175945
0.000175945
0.000175945
0.000175945
0.000175945
0.000175945
0.000175892
0.000175892
0.000175892
0.000175892
0.000175892
0.000175892
0.000175724
0.000175724
0.000175724
0.000175724
0.000175724
0.000175724
0.000175724
0.000175724
0.000175724
0.000175724
0.000175724
0.00017158
0.00017158
0.00017158
0.00017158
0.00017158
0.00017158
0.00017158
0.00017158
0.00017158
0.00017158
0.00017158
0.00017158
0.00017158
0.00017158
0.00017158
0.00017158
0.00017158
0.00017158
0.00017158
0.00017064
0.00017064
0.00017064
0.00017064
0.00017064
0.00017064
0.00017064
0.00017064
0.00017064
0.00017064
0.000169424
0.000169424
0.000169424
0.000169424
0.000169424
0.000169424
0.000169424
0.000169424
0.000169424
0.000169424
0.000169424
0.000169424
0.000169424
0.000169424
0.000169424
0.000169424
0.000169424
0.000169424
0.000169424
0.000169424
0.000169424
0.000169424
0.000169133
0.000169133
0.000169133
0.000168918
0.000166092
0.000166092
0.000166092
0.000166092
0.000166092
0.000166092
0.000166092
0.000166092
0.000166092
0.000166092
0.000166006
0.000164422
0.000164422
0.000164422
0.000164422
0.000164422
0.000164422
0.000164422
0.000164422
0.000164422
0.000164422
0.000164422
0.000164422
0.000164422
0.000164422
0.000164422
0.000164422
0.000164422
0.000164422
0.000164422
0.000164422
0.000164422
0.000164422
0.000157813
0.000157813
0.000157813
0.000149012
0.000149012
0.000149012
0.000149012
0.000149012
0.000149012
0.000149012
0.000149012
0.000149012
0.000149012
0.000149012
0.000149012
0.000149012
0.000149012
0.000149012
0.000149012
0.000149012
0.000149012
0.000149012
0.000149012
0.000149012
0.000149012
0.000146564
0.000146564
0.000146564
0.000146564
0.000146564
0.000143651
0.000143651
0.000143651
0.000143651
0.000143651
0.000143651
0.000143651
0.000143651
0.000143651
0.000143651
0.000143484
0.000143484
0.000143484
0.000143484
0.000143484
0.000143484
0.000143484
0.000143484
0.000143484
0.000142658
0.000142658
0.000142658
0.000141256
0.000141256
0.000141256
0.000141256
0.000141256
0.000141256
0.000139169
0.000139169
0.000139169
0.000139169
0.000139169
0.000139169
0.000139169
