1	100	0
2	150	1439.26
3	200	1383.74
4	250	1282.73
5	300	1282.73
6	350	1137.18
7	400	1103.38
8	450	1103.38
9	500	1103.38
10	550	1103.38
11	600	1103.38
12	650	1099.21
13	700	982.865
14	750	738.315
15	800	693.193
16	850	693.193
17	900	693.193
18	950	689.881
19	1000	689.881
20	1050	653.453
21	1100	653.453
22	1150	433.144
23	1200	433.144
24	1250	433.144
25	1300	368.918
26	1350	209.787
27	1400	209.293
28	1450	209.293
29	1500	160.126
30	1550	160.126
31	1600	155.116
32	1650	154.084
33	1700	154.084
34	1750	154.084
35	1800	93.9977
36	1850	93.1859
37	1900	93.1859
38	1950	93.1859
39	2000	93.1859
40	2050	93.1859
41	2100	93.1859
42	2150	76.3158
43	2200	68.1957
44	2250	68.1957
45	2300	68.1957
46	2350	68.1957
47	2400	68.1957
48	2450	68.1957
49	2500	68.1957
50	2550	68.1957
51	2600	68.1957
52	2650	68.1957
53	2700	68.1957
54	2750	63.8697
55	2800	63.8697
56	2850	63.8697
57	2900	62.5453
58	2950	62.5453
59	3000	62.5453
60	3050	49.202
61	3100	49.202
62	3150	27.9833
63	3200	27.9833
64	3250	27.9833
65	3300	26.2171
66	3350	23.9338
67	3400	17.8851
68	3450	17.8851
69	3500	14.5928
70	3550	12.5245
71	3600	12.5245
72	3650	11.0479
73	3700	11.0479
74	3750	5.57426
75	3800	5.57426
76	3850	5.57426
77	3900	5.57426
78	3950	5.57426
79	4000	5.05966
80	4050	5.05966
81	4100	4.17475
82	4150	3.82482
83	4200	3.74807
84	4250	2.84565
85	4300	2.84565
86	4350	2.68672
87	4400	2.68672
88	4450	2.68672
89	4500	2.68672
90	4550	2.68672
91	4600	2.68672
92	4650	2.56109
93	4700	2.56109
94	4750	1.3046
95	4800	1.3046
96	4850	1.3046
97	4900	1.3046
98	4950	1.3046
99	5000	1.3046
100	5050	1.21305
101	5100	1.21305
102	5150	1.21305
103	5200	1.21305
104	5250	1.21305
105	5300	1.21305
106	5350	0.957879
107	5400	0.957879
108	5450	0.957879
109	5500	0.957879
110	5550	0.957879
111	5600	0.377514
112	5650	0.377514
113	5700	0.377514
114	5750	0.377514
115	5800	0.377514
116	5850	0.377514
117	5900	0.346753
118	5950	0.0651235
119	6000	0.0651235
120	6050	0.0651235
121	6100	0.0651235
122	6150	0.0651235
123	6200	0.0651235
124	6250	0.061311
125	6300	0.0612378
126	6350	0.0612378
127	6400	0.0612378
128	6450	0.041696
129	6500	0.041696
130	6550	0.041696
131	6600	0.041696
132	6650	0.041696
133	6700	0.041696
134	6750	0.041696
135	6800	0.041696
136	6850	0.041696
137	6900	0.041696
138	6950	0.041696
139	7000	0.041696
140	7050	0.0354801
141	7100	0.0354801
142	7150	0.0354801
143	7200	0.035009
144	7250	0.0294919
145	7300	0.0294919
146	7350	0.0294919
147	7400	0.0294919
148	7450	0.0294919
149	7500	0.0294919
150	7550	0.0294919
151	7600	0.0294919
152	7650	0.0294919
153	7700	0.0294919
154	7750	0.0294919
155	7800	0.0294919
156	7850	0.0294919
157	7900	0.0293877
158	7950	0.0293877
159	8000	0.026685
160	8050	0.0110291
161	8100	0.0110291
162	8150	0.0110291
163	8200	0.0104615
164	8250	0.0104615
165	8300	0.0104615
166	8350	0.0104615
167	8400	0.006023
168	8450	0.006023
169	8500	0.00598122
170	8550	0.00598122
171	8600	0.00598122
172	8650	0.00551822
173	8700	0.00502923
174	8750	0.00502923
175	8800	0.00502923
176	8850	0.00502923
177	8900	0.00502923
178	8950	0.00502923
179	9000	0.00502923
180	9050	0.00502923
181	9100	0.00502923
182	9150	0.00474973
183	9200	0.00474973
184	9250	0.00474973
185	9300	0.00474973
186	9350	0.0038228
187	9400	0.0038228
188	9450	0.00256521
189	9500	0.00256521
190	9550	0.00256521
191	9600	0.00256521
192	9650	0.00248901
193	9700	0.00248901
194	9750	0.00248901
195	9800	0.00248901
196	9850	0.00248901
197	9900	0.00225388
198	9950	0.00225388
199	10000	0.00217751
200	10050	0.00217751
201	10100	0.00217751
202	10150	0.00217751
203	10200	0.00122052
204	10250	0.00122052
205	10300	0.00119262
206	10350	0.00114168
207	10400	0.00114168
208	10450	0.00114168
209	10500	0.000395722
210	10550	0.000395722
211	10600	0.000359074
212	10650	0.000233418
213	10700	0.000225375
214	10750	0.000225375
215	10800	0.000225375
216	10850	0.000225375
217	10900	0.000225375
218	10950	0.000132469
219	11000	0.000125267
220	11050	0.000125267
221	11100	0.000125267
222	11150	0.000125267
223	11200	0.000125267
224	11250	0.000125267
225	11300	0.000125267
226	11350	0.000125267
227	11400	0.000125267
228	11450	6.69819e-005
229	11500	6.69819e-005
230	11550	6.69819e-005
231	11600	6.69819e-005
232	11650	6.69819e-005
233	11700	5.88917e-005
234	11750	5.80212e-005
235	11800	4.67137e-005
236	11850	4.67137e-005
237	11900	4.67137e-005
238	11950	4.16378e-005
239	12000	3.18506e-005
240	12050	3.1654e-005
241	12100	3.1654e-005
242	12150	3.1654e-005
243	12200	3.1654e-005
244	12250	2.56527e-005
245	12300	1.87627e-005
246	12350	1.87627e-005
247	12400	1.87627e-005
248	12450	1.20016e-005
249	12500	6.46668e-006
250	12550	6.46668e-006
251	12600	6.46668e-006
252	12650	6.46668e-006
253	12700	6.46668e-006
254	12750	4.10148e-006
255	12800	4.10148e-006
256	12850	4.10148e-006
257	12900	4.10148e-006
258	12950	4.10148e-006
259	13000	4.10148e-006
260	13050	4.10148e-006
261	13100	4.10148e-006
262	13150	4.10148e-006
263	13200	4.10148e-006
264	13250	3.56714e-006
265	13300	3.56714e-006
266	13350	3.56714e-006
267	13400	3.56714e-006
268	13450	3.14435e-006
269	13500	3.14435e-006
270	13550	3.14435e-006
271	13600	3.14435e-006
272	13650	2.49137e-006
273	13700	2.43971e-006
274	13750	2.43971e-006
275	13800	2.02024e-006
276	13850	2.02024e-006
277	13900	1.41803e-006
278	13950	1.33257e-006
279	14000	1.33257e-006
280	14050	1.33257e-006
281	14100	1.33257e-006
282	14150	1.33257e-006
283	14200	1.33257e-006
284	14250	1.33257e-006
285	14300	1.33257e-006
286	14350	3.67323e-007
287	14400	3.67323e-007
288	14450	3.67323e-007
289	14500	3.67323e-007
290	14550	3.67323e-007
291	14600	3.67323e-007
292	14650	3.19988e-007
293	14700	3.12771e-007
294	14750	3.12771e-007
295	14800	2.84541e-007
296	14850	2.84541e-007
297	14900	2.84541e-007
298	14950	2.84541e-007
299	15000	2.84541e-007
300	15050	1.55585e-007
301	15100	1.55585e-007
302	15150	1.55585e-007
303	15200	1.55585e-007
304	15250	1.55585e-007
305	15300	1.55585e-007
306	15350	1.55585e-007
307	15400	1.55585e-007
308	15450	1.47438e-007
309	15500	1.47438e-007
310	15550	1.47438e-007
311	15600	1.47438e-007
312	15650	1.38502e-007
313	15700	1.38502e-007
314	15750	1.29286e-007
315	15800	1.29286e-007
316	15850	1.29286e-007
317	15900	1.29286e-007
318	15950	7.67551e-008
319	16000	7.67551e-008
320	16050	3.55406e-008
321	16100	3.55406e-008
322	16150	3.55406e-008
323	16200	3.55406e-008
324	16250	3.18941e-008
325	16300	3.18941e-008
326	16350	3.18941e-008
327	16400	3.18941e-008
328	16450	2.51417e-008
329	16500	2.32991e-008
330	16550	2.32991e-008
331	16600	2.32128e-008
332	16650	2.32128e-008
333	16700	2.32128e-008
334	16750	2.07294e-008
335	16800	8.03384e-009
336	16850	8.03384e-009
337	16900	7.87895e-009
338	16950	7.87895e-009
339	17000	7.87895e-009
340	17050	7.87895e-009
341	17100	7.87895e-009
342	17150	7.87895e-009
343	17200	7.87895e-009
344	17250	7.87895e-009
345	17300	7.87895e-009
346	17350	7.13046e-009
347	17400	7.12162e-009
348	17450	5.48681e-009
349	17500	5.48681e-009
350	17550	5.14811e-009
351	17600	5.14811e-009
352	17650	5.14811e-009
353	17700	5.14811e-009
354	17750	5.14811e-009
355	17800	5.02012e-009
356	17850	5.02012e-009
357	17900	5.02012e-009
358	17950	5.02012e-009
359	18000	5.02012e-009
360	18050	5.02012e-009
361	18100	5.02012e-009
362	18150	5.02012e-009
363	18200	3.30412e-009
364	18250	3.30223e-009
365	18300	2.59179e-009
366	18350	2.59179e-009
367	18400	9.39027e-010
368	18450	9.39027e-010
369	18500	9.39027e-010
370	18550	9.39027e-010
371	18600	9.39027e-010
372	18650	8.20654e-010
373	18700	8.20654e-010
374	18750	8.20654e-010
375	18800	8.15668e-010
376	18850	8.15668e-010
377	18900	6.87246e-010
378	18950	6.87246e-010
379	19000	6.87246e-010
380	19050	6.87246e-010
381	19100	6.87246e-010
382	19150	4.21016e-010
383	19200	4.21016e-010
384	19250	4.21016e-010
385	19300	3.92144e-010
386	19350	3.92144e-010
387	19400	2.75769e-010
388	19450	2.75769e-010
389	19500	2.75769e-010
390	19550	2.75769e-010
391	19600	2.75769e-010
392	19650	2.42095e-010
393	19700	2.35354e-010
394	19750	1.43605e-010
395	19800	1.43605e-010
396	19850	1.02845e-010
397	19900	1.02439e-010
398	19950	1.02439e-010
399	20000	1.01356e-010
400	20050	1.00863e-010
401	20100	1.00863e-010
402	20150	1.00863e-010
403	20200	1.00863e-010
404	20250	9.46859e-011
405	20300	6.47157e-011
406	20350	3.21126e-011
407	20400	2.25143e-011
408	20450	2.25143e-011
409	20500	1.98504e-011
410	20550	1.98504e-011
411	20600	1.98504e-011
412	20650	1.98504e-011
413	20700	1.98504e-011
414	20750	1.98504e-011
415	20800	1.98504e-011
416	20850	1.98504e-011
417	20900	1.98236e-011
418	20950	1.98236e-011
419	21000	1.86366e-011
420	21050	1.86366e-011
421	21100	1.32284e-011
422	21150	1.32284e-011
423	21200	1.32284e-011
424	21250	1.32284e-011
425	21300	1.32284e-011
426	21350	1.32284e-011
427	21400	1.32284e-011
428	21450	1.32284e-011
429	21500	1.32284e-011
430	21550	1.32284e-011
431	21600	1.32284e-011
432	21650	1.1139e-011
433	21700	1.1139e-011
434	21750	1.1139e-011
435	21800	1.0774e-011
436	21850	1.0774e-011
437	21900	4.17939e-012
438	21950	4.17939e-012
439	22000	4.17939e-012
440	22050	4.17939e-012
441	22100	4.17939e-012
442	22150	4.17939e-012
443	22200	4.02173e-012
444	22250	4.02173e-012
445	22300	4.02173e-012
446	22350	1.73945e-012
447	22400	1.73945e-012
448	22450	1.73945e-012
449	22500	1.73945e-012
450	22550	1.25068e-012
451	22600	1.25068e-012
452	22650	1.25068e-012
453	22700	1.25068e-012
454	22750	1.04481e-012
455	22800	1.04481e-012
456	22850	1.04481e-012
457	22900	1.04481e-012
458	22950	1.04481e-012
459	23000	1.00862e-012
460	23050	1.00862e-012
461	23100	7.52132e-013
462	23150	7.52132e-013
463	23200	3.93276e-013
464	23250	3.93276e-013
465	23300	3.93276e-013
466	23350	3.93276e-013
467	23400	2.64505e-013
468	23450	2.08198e-013
469	23500	2.08198e-013
470	23550	2.08198e-013
471	23600	1.96926e-013
472	23650	1.41547e-013
473	23700	1.0113e-013
474	23750	1.00293e-013
475	23800	1.00293e-013
476	23850	1.00293e-013
477	23900	1.00293e-013
478	23950	1.00293e-013
479	24000	1.00293e-013
480	24050	1.00293e-013
481	24100	7.41259e-014
482	24150	7.41259e-014
483	24200	7.41259e-014
484	24250	7.41259e-014
485	24300	7.41259e-014
486	24350	7.41259e-014
487	24400	7.41259e-014
488	24450	7.41259e-014
489	24500	7.41259e-014
490	24550	7.41259e-014
491	24600	7.06288e-014
492	24650	7.06288e-014
493	24700	6.63495e-014
494	24750	6.63495e-014
495	24800	6.51656e-014
496	24850	6.51574e-014
497	24900	6.51574e-014
498	24950	6.02048e-014
499	25000	6.02048e-014
500	25050	6.02048e-014
501	25100	6.02048e-014
502	25150	5.815e-014
503	25200	3.73669e-014
504	25250	3.73669e-014
505	25300	3.13188e-014
506	25350	3.13158e-014
507	25400	3.13158e-014
508	25450	3.13158e-014
509	25500	1.9691e-014
510	25550	1.9691e-014
511	25600	1.64472e-014
512	25650	1.64472e-014
513	25700	1.64472e-014
514	25750	1.64472e-014
515	25800	1.0522e-014
516	25850	1.0522e-014
517	25900	1.0522e-014
518	25950	1.0522e-014
519	26000	1.00671e-014
520	26050	1.00671e-014
521	26100	9.83164e-015
522	26150	9.3135e-015
523	26200	9.3135e-015
524	26250	9.3135e-015
525	26300	9.3135e-015
526	26350	8.48975e-015
527	26400	8.48975e-015
528	26450	8.48975e-015
529	26500	7.93543e-015
530	26550	6.86646e-015
531	26600	6.86529e-015
532	26650	6.86529e-015
533	26700	6.86529e-015
534	26750	6.86529e-015
535	26800	6.86529e-015
536	26850	6.86529e-015
537	26900	6.86529e-015
538	26950	6.86529e-015
539	27000	6.86529e-015
540	27050	6.60599e-015
541	27100	6.58099e-015
542	27150	1.8567e-015
543	27200	1.8567e-015
544	27250	1.8567e-015
545	27300	1.78272e-015
546	27350	1.78272e-015
547	27400	1.33462e-015
548	27450	1.33462e-015
549	27500	1.33462e-015
550	27550	8.44741e-016
551	27600	8.44741e-016
552	27650	8.44741e-016
553	27700	8.44741e-016
554	27750	8.02447e-016
555	27800	4.55288e-016
556	27850	4.55288e-016
557	27900	3.61947e-016
558	27950	3.61947e-016
559	28000	2.47486e-016
560	28050	2.19708e-016
561	28100	1.23747e-016
562	28150	1.23747e-016
563	28200	1.23747e-016
564	28250	7.8688e-017
565	28300	7.8688e-017
566	28350	7.8688e-017
567	28400	7.8688e-017
568	28450	7.8688e-017
569	28500	7.83508e-017
570	28550	7.83508e-017
571	28600	7.83508e-017
572	28650	7.83381e-017
573	28700	7.61471e-017
574	28750	7.61471e-017
575	28800	7.61471e-017
576	28850	7.61471e-017
577	28900	7.572e-017
578	28950	7.572e-017
579	29000	7.572e-017
580	29050	7.572e-017
581	29100	5.33271e-017
582	29150	5.24827e-017
583	29200	5.18684e-017
584	29250	5.18684e-017
585	29300	5.18684e-017
586	29350	5.18684e-017
587	29400	5.12706e-017
588	29450	5.12706e-017
589	29500	4.45292e-017
590	29550	4.42683e-017
591	29600	4.42683e-017
592	29650	4.42683e-017
593	29700	4.42683e-017
594	29750	4.42683e-017
595	29800	4.42683e-017
596	29850	4.42683e-017
597	29900	3.84375e-017
598	29950	1.45745e-017
599	30000	1.27349e-017
600	30050	1.27349e-017
601	30100	1.27349e-017
602	30150	1.1425e-017
603	30200	1.1425e-017
604	30250	1.1425e-017
605	30300	1.13747e-017
606	30350	7.01158e-018
607	30400	7.01158e-018
608	30450	7.01158e-018
609	30500	6.99955e-018
610	30550	6.90479e-018
611	30600	6.90479e-018
612	30650	6.90479e-018
613	30700	6.90479e-018
614	30750	5.88604e-018
615	30800	5.88604e-018
616	30850	5.88604e-018
617	30900	5.62249e-018
618	30950	5.62249e-018
619	31000	5.57285e-018
620	31050	5.57285e-018
621	31100	5.57285e-018
622	31150	2.26436e-018
623	31200	2.19967e-018
624	31250	2.19967e-018
625	31300	2.19967e-018
626	31350	2.19967e-018
627	31400	2.19967e-018
628	31450	1.38158e-018
629	31500	1.38158e-018
630	31550	8.81472e-019
631	31600	8.81472e-019
632	31650	8.08418e-019
633	31700	5.13665e-019
634	31750	5.13665e-019
635	31800	4.91207e-019
636	31850	4.91207e-019
637	31900	3.64935e-019
638	31950	2.8446e-019
639	32000	2.8446e-019
640	32050	2.8446e-019
641	32100	2.8446e-019
642	32150	2.8446e-019
643	32200	2.8182e-019
644	32250	2.2699e-019
645	32300	2.2699e-019
646	32350	2.2699e-019
647	32400	2.18398e-019
648	32450	2.18398e-019
649	32500	2.18398e-019
650	32550	2.18398e-019
651	32600	2.18398e-019
652	32650	2.18398e-019
653	32700	1.92772e-019
654	32750	1.85085e-019
655	32800	9.37545e-020
656	32850	9.37545e-020
657	32900	9.37545e-020
658	32950	9.37545e-020
659	33000	9.0728e-020
660	33050	8.70858e-020
661	33100	8.70858e-020
662	33150	5.83669e-020
663	33200	5.83669e-020
664	33250	3.91186e-020
665	33300	3.91186e-020
666	33350	3.4879e-020
667	33400	3.4879e-020
668	33450	3.4879e-020
669	33500	3.04267e-020
670	33550	3.01795e-020
671	33600	2.30278e-020
672	33650	2.30278e-020
673	33700	2.30278e-020
674	33750	2.30278e-020
675	33800	2.30278e-020
676	33850	2.30278e-020
677	33900	2.30278e-020
678	33950	2.121e-020
679	34000	2.11438e-020
680	34050	2.11438e-020
681	34100	2.11438e-020
682	34150	2.11438e-020
683	34200	2.11438e-020
684	34250	2.08638e-020
685	34300	2.08638e-020
686	34350	2.08638e-020
687	34400	2.08638e-020
688	34450	2.08638e-020
689	34500	1.2052e-020
690	34550	1.0977e-020
691	34600	1.0977e-020
692	34650	1.07219e-020
693	34700	1.07219e-020
694	34750	7.11973e-021
695	34800	3.46611e-021
696	34850	2.44572e-021
697	34900	2.1929e-021
698	34950	1.98501e-021
699	35000	1.98501e-021
700	35050	1.98501e-021
701	35100	1.98501e-021
702	35150	1.98501e-021
703	35200	1.98501e-021
704	35250	1.98501e-021
705	35300	1.98501e-021
706	35350	1.98501e-021
707	35400	1.9819e-021
708	35450	1.9819e-021
709	35500	1.61748e-021
710	35550	1.57959e-021
711	35600	1.16091e-021
712	35650	1.16091e-021
713	35700	1.16091e-021
714	35750	1.16091e-021
715	35800	1.16091e-021
716	35850	1.15461e-021
717	35900	1.15461e-021
718	35950	1.14193e-021
719	36000	1.14193e-021
720	36050	1.00706e-021
721	36100	1.00706e-021
722	36150	9.93184e-022
723	36200	9.93184e-022
724	36250	9.93184e-022
725	36300	9.90469e-022
726	36350	9.79228e-022
727	36400	9.79228e-022
728	36450	9.18708e-022
729	36500	9.14727e-022
730	36550	9.14727e-022
731	36600	9.14727e-022
732	36650	9.14727e-022
733	36700	9.14727e-022
734	36750	9.11135e-022
735	36800	9.11135e-022
736	36850	8.04975e-022
737	36900	8.04891e-022
738	36950	8.04891e-022
739	37000	8.04891e-022
740	37050	8.04891e-022
741	37100	7.97746e-022
742	37150	7.39433e-022
743	37200	5.10145e-023
744	37250	5.10145e-023
745	37300	5.10145e-023
746	37350	5.10145e-023
747	37400	5.10145e-023
748	37450	5.07424e-023
749	37500	3.78802e-023
750	37550	3.78802e-023
751	37600	3.78802e-023
752	37650	3.78802e-023
753	37700	3.08202e-023
754	37750	2.96497e-023
755	37800	2.96497e-023
756	37850	1.88897e-023
757	37900	1.85811e-023
758	37950	1.85811e-023
759	38000	5.17922e-024
760	38050	4.10543e-024
761	38100	4.00173e-024
762	38150	4.00173e-024
763	38200	4.00173e-024
764	38250	2.85911e-024
765	38300	2.85911e-024
766	38350	2.68375e-024
767	38400	2.68375e-024
768	38450	2.5886e-024
769	38500	2.5886e-024
770	38550	2.5886e-024
771	38600	2.5886e-024
772	38650	2.5886e-024
773	38700	2.5886e-024
774	38750	2.5886e-024
775	38800	2.5886e-024
776	38850	2.52929e-024
777	38900	1.6784e-024
778	38950	1.6784e-024
779	39000	1.6784e-024
780	39050	1.6784e-024
781	39100	1.6784e-024
782	39150	1.6784e-024
783	39200	1.65835e-024
784	39250	1.65835e-024
785	39300	1.65835e-024
786	39350	1.62796e-024
787	39400	1.62796e-024
788	39450	1.62796e-024
789	39500	1.62796e-024
790	39550	1.62796e-024
791	39600	1.62796e-024
792	39650	1.61044e-024
793	39700	1.15597e-024
794	39750	2.89051e-025
795	39800	2.89051e-025
796	39850	2.89051e-025
797	39900	2.89051e-025
798	39950	2.89051e-025
799	40000	2.89051e-025
800	40050	2.89051e-025
801	40100	2.89051e-025
802	40150	2.89051e-025
803	40200	2.89051e-025
804	40250	1.89241e-025
805	40300	1.19662e-025
806	40350	1.19662e-025
807	40400	1.19662e-025
808	40450	1.19662e-025
809	40500	1.18984e-025
810	40550	1.18984e-025
811	40600	8.77614e-026
812	40650	8.77614e-026
813	40700	7.48998e-026
814	40750	5.88352e-026
815	40800	5.88275e-026
816	40850	4.03403e-026
817	40900	4.03403e-026
818	40950	4.03403e-026
819	41000	4.03403e-026
820	41050	1.89195e-026
821	41100	1.57132e-026
822	41150	1.57132e-026
823	41200	1.57132e-026
824	41250	1.57132e-026
825	41300	1.51944e-026
826	41350	1.51423e-026
827	41400	1.51423e-026
828	41450	1.51423e-026
829	41500	1.51423e-026
830	41550	1.51423e-026
831	41600	1.51423e-026
832	41650	1.51423e-026
833	41700	1.51423e-026
834	41750	1.51423e-026
835	41800	1.34372e-026
836	41850	1.34372e-026
837	41900	1.24417e-026
838	41950	1.23828e-026
839	42000	1.23828e-026
840	42050	1.21764e-026
841	42100	1.21764e-026
842	42150	1.19443e-026
843	42200	6.57487e-027
844	42250	6.20664e-027
845	42300	6.20664e-027
846	42350	6.20664e-027
847	42400	6.20664e-027
848	42450	6.20664e-027
849	42500	6.20664e-027
850	42550	3.79863e-027
851	42600	3.79863e-027
852	42650	2.40691e-027
853	42700	1.28901e-027
854	42750	1.28901e-027
855	42800	1.28901e-027
856	42850	1.28901e-027
857	42900	1.28901e-027
858	42950	1.28901e-027
859	43000	1.26774e-027
860	43050	1.26774e-027
861	43100	1.26774e-027
862	43150	1.26774e-027
863	43200	1.18457e-027
864	43250	1.18457e-027
865	43300	1.18457e-027
866	43350	1.18457e-027
867	43400	1.14816e-027
868	43450	1.07993e-027
869	43500	1.07993e-027
870	43550	1.07993e-027
871	43600	1.07993e-027
872	43650	1.07993e-027
873	43700	1.07993e-027
874	43750	1.07993e-027
875	43800	1.07993e-027
876	43850	1.07993e-027
877	43900	6.2902e-028
878	43950	6.2902e-028
879	44000	6.2902e-028
880	44050	1.27723e-028
881	44100	1.27723e-028
882	44150	1.01882e-028
883	44200	5.37526e-029
884	44250	5.37526e-029
885	44300	5.37526e-029
886	44350	5.37526e-029
887	44400	5.37526e-029
888	44450	5.1728e-029
889	44500	5.1728e-029
890	44550	5.1728e-029
891	44600	5.1728e-029
892	44650	2.43866e-029
893	44700	2.43866e-029
894	44750	2.43866e-029
895	44800	2.43866e-029
896	44850	1.36721e-029
897	44900	1.36721e-029
898	44950	1.36721e-029
899	45000	1.36721e-029
900	45050	1.36721e-029
901	45100	1.36721e-029
902	45150	1.36721e-029
903	45200	1.36721e-029
904	45250	1.36721e-029
905	45300	1.25546e-029
906	45350	1.25546e-029
907	45400	1.14247e-029
908	45450	1.14247e-029
909	45500	1.14247e-029
910	45550	1.14247e-029
911	45600	1.14247e-029
912	45650	1.14247e-029
913	45700	1.14247e-029
914	45750	1.05581e-029
915	45800	8.56184e-030
916	45850	8.56184e-030
917	45900	8.56184e-030
918	45950	8.56184e-030
919	46000	7.85821e-030
920	46050	7.47046e-030
921	46100	7.45537e-030
922	46150	7.45537e-030
923	46200	6.56897e-030
924	46250	5.02258e-030
925	46300	3.39141e-030
926	46350	3.39141e-030
927	46400	3.39141e-030
928	46450	3.39141e-030
929	46500	3.39141e-030
930	46550	3.19305e-030
931	46600	2.78968e-030
932	46650	2.71711e-030
933	46700	2.71711e-030
934	46750	2.70575e-030
935	46800	1.88867e-030
936	46850	1.22225e-030
937	46900	1.1597e-030
938	46950	1.1597e-030
939	47000	1.1597e-030
940	47050	1.06283e-030
941	47100	1.06283e-030
942	47150	1.06055e-030
943	47200	1.06055e-030
944	47250	7.92916e-031
945	47300	7.92916e-031
946	47350	7.29915e-031
947	47400	7.29915e-031
948	47450	7.29915e-031
949	47500	7.29915e-031
950	47550	6.40093e-031
951	47600	5.96525e-031
952	47650	5.96407e-031
953	47700	5.96407e-031
954	47750	5.96407e-031
955	47800	5.96407e-031
956	47850	5.96407e-031
957	47900	5.96407e-031
958	47950	5.96407e-031
959	48000	5.96407e-031
960	48050	5.96407e-031
961	48100	5.96407e-031
962	48150	2.51779e-031
963	48200	2.51779e-031
964	48250	2.51779e-031
965	48300	2.51779e-031
966	48350	2.51779e-031
967	48400	2.51779e-031
968	48450	2.51779e-031
969	48500	2.33243e-031
970	48550	2.33243e-031
971	48600	2.33243e-031
972	48650	2.29965e-031
973	48700	1.52353e-031
974	48750	1.52353e-031
975	48800	1.52353e-031
976	48850	1.52353e-031
977	48900	1.31028e-031
978	48950	8.61671e-032
979	49000	8.24825e-032
980	49050	8.24825e-032
981	49100	8.24825e-032
982	49150	8.18022e-032
983	49200	8.18022e-032
984	49250	8.18022e-032
985	49300	7.82091e-032
986	49350	7.82091e-032
987	49400	6.70413e-032
988	49450	5.90235e-032
989	49500	3.94816e-032
990	49550	3.94816e-032
991	49600	1.21316e-032
992	49650	1.21316e-032
993	49700	7.24859e-033
994	49750	6.42935e-033
995	49800	5.36564e-033
996	49850	5.36331e-033
997	49900	5.36331e-033
998	49950	3.26841e-033
999	50000	3.22185e-033
1000	50050	3.22185e-033
1001	50100	1.31885e-033
1002	50150	1.31885e-033
1003	50200	1.31885e-033
1004	50250	1.29936e-033
1005	50300	1.29936e-033
1006	50350	1.07202e-033
1007	50400	9.01638e-034
1008	50450	9.01638e-034
1009	50500	6.61708e-034
1010	50550	6.61708e-034
1011	50600	6.61708e-034
1012	50650	6.61708e-034
1013	50700	6.61708e-034
1014	50750	6.61708e-034
1015	50800	6.41521e-034
1016	50850	6.41521e-034
1017	50900	6.41521e-034
1018	50950	4.31905e-034
1019	51000	3.40338e-034
1020	51050	3.40338e-034
1021	51100	3.40338e-034
1022	51150	3.40338e-034
1023	51200	3.40338e-034
1024	51250	3.40338e-034
1025	51300	3.40338e-034
1026	51350	3.40338e-034
1027	51400	3.40338e-034
1028	51450	3.36966e-034
1029	51500	1.41107e-034
1030	51550	4.85728e-035
1031	51600	4.85728e-035
1032	51650	4.85728e-035
1033	51700	4.85728e-035
1034	51750	4.85728e-035
1035	51800	4.85728e-035
1036	51850	4.49256e-035
1037	51900	4.49256e-035
1038	51950	4.49256e-035
1039	52000	4.49256e-035
1040	52050	4.49256e-035
1041	52100	4.49256e-035
1042	52150	4.33767e-035
1043	52200	4.33767e-035
1044	52250	4.33767e-035
1045	52300	4.33767e-035
1046	52350	4.33767e-035
1047	52400	4.33767e-035
1048	52450	4.33767e-035
1049	52500	4.33767e-035
1050	52550	4.33767e-035
1051	52600	4.33767e-035
1052	52650	4.30419e-035
1053	52700	4.30419e-035
1054	52750	4.10269e-035
1055	52800	7.4083e-036
1056	52850	7.4083e-036
1057	52900	6.44322e-036
1058	52950	6.40782e-036
1059	53000	6.40782e-036
1060	53050	6.40782e-036
1061	53100	6.40782e-036
1062	53150	5.97875e-036
1063	53200	5.97875e-036
1064	53250	5.97875e-036
1065	53300	5.97875e-036
1066	53350	5.97875e-036
1067	53400	5.97875e-036
1068	53450	5.97875e-036
1069	53500	5.97875e-036
1070	53550	5.97875e-036
1071	53600	5.18484e-036
1072	53650	5.10602e-036
1073	53700	4.99321e-036
1074	53750	4.99321e-036
1075	53800	3.97598e-036
1076	53850	3.41623e-036
1077	53900	3.41623e-036
1078	53950	1.0117e-036
1079	54000	9.43256e-037
1080	54050	9.43256e-037
1081	54100	4.99316e-037
1082	54150	4.99316e-037
1083	54200	4.99316e-037
1084	54250	4.99316e-037
1085	54300	2.98524e-037
1086	54350	2.98524e-037
1087	54400	2.98524e-037
1088	54450	2.98524e-037
1089	54500	2.98524e-037
1090	54550	2.98524e-037
1091	54600	2.98524e-037
1092	54650	2.74565e-037
1093	54700	2.74565e-037
1094	54750	2.74565e-037
1095	54800	2.59818e-037
1096	54850	2.36088e-037
1097	54900	2.36088e-037
1098	54950	2.12829e-037
1099	55000	1.77352e-037
1100	55050	1.77352e-037
1101	55100	1.77352e-037
1102	55150	1.77352e-037
1103	55200	1.45905e-037
1104	55250	1.45905e-037
1105	55300	1.44194e-037
1106	55350	1.44194e-037
1107	55400	1.44194e-037
1108	55450	1.3417e-037
1109	55500	1.3417e-037
1110	55550	1.08523e-037
1111	55600	1.08523e-037
1112	55650	7.53125e-038
1113	55700	4.6721e-038
1114	55750	4.6721e-038
1115	55800	3.65208e-038
1116	55850	3.65208e-038
1117	55900	3.65208e-038
1118	55950	2.15526e-038
1119	56000	2.15526e-038
1120	56050	2.15526e-038
1121	56100	7.39121e-039
1122	56150	7.39121e-039
1123	56200	7.39121e-039
1124	56250	7.39121e-039
1125	56300	5.68295e-039
1126	56350	5.68295e-039
1127	56400	5.68295e-039
1128	56450	5.40723e-039
1129	56500	5.40723e-039
1130	56550	5.36843e-039
1131	56600	5.36843e-039
1132	56650	5.36843e-039
1133	56700	5.36843e-039
1134	56750	5.36843e-039
1135	56800	2.87502e-039
1136	56850	2.87502e-039
1137	56900	2.73587e-039
1138	56950	2.42791e-039
1139	57000	2.42791e-039
1140	57050	2.24702e-039
1141	57100	2.24702e-039
1142	57150	2.01776e-039
1143	57200	2.01776e-039
1144	57250	2.01541e-039
1145	57300	2.01541e-039
1146	57350	2.01541e-039
1147	57400	2.01541e-039
1148	57450	1.48679e-039
1149	57500	1.09849e-039
1150	57550	4.2552e-040
1151	57600	4.2552e-040
1152	57650	4.2552e-040
1153	57700	4.2552e-040
1154	57750	4.2552e-040
1155	57800	4.2552e-040
1156	57850	3.42848e-040
1157	57900	3.31231e-040
1158	57950	3.31231e-040
1159	58000	3.31231e-040
1160	58050	3.31231e-040
1161	58100	3.31231e-040
1162	58150	3.31231e-040
1163	58200	2.32403e-040
1164	58250	2.27713e-040
1165	58300	2.27713e-040
1166	58350	2.27713e-040
1167	58400	2.09002e-040
1168	58450	2.09002e-040
1169	58500	2.09002e-040
1170	58550	1.31655e-040
1171	58600	1.31655e-040
1172	58650	1.31655e-040
1173	58700	1.31655e-040
1174	58750	1.24774e-040
1175	58800	1.24774e-040
1176	58850	1.24774e-040
1177	58900	1.24774e-040
1178	58950	1.24774e-040
1179	59000	1.16468e-040
1180	59050	1.16468e-040
1181	59100	1.16468e-040
1182	59150	1.16468e-040
1183	59200	1.16468e-040
1184	59250	4.05264e-041
1185	59300	4.05264e-041
1186	59350	4.05264e-041
1187	59400	4.05264e-041
1188	59450	4.05264e-041
1189	59500	4.05264e-041
1190	59550	4.05264e-041
1191	59600	4.05264e-041
1192	59650	4.04792e-041
1193	59700	4.04792e-041
1194	59750	2.06635e-041
1195	59800	2.06635e-041
1196	59850	2.00095e-041
1197	59900	2.00095e-041
1198	59950	1.53426e-041
1199	60000	1.53426e-041
1200	60050	1.39678e-041
1201	60100	1.30219e-041
1202	60150	1.29703e-041
1203	60200	1.13867e-041
1204	60250	1.13867e-041
1205	60300	1.13867e-041
1206	60350	6.50001e-042
1207	60400	6.50001e-042
1208	60450	6.30545e-042
1209	60500	5.0777e-042
1210	60550	4.01688e-042
1211	60600	4.01688e-042
1212	60650	4.01688e-042
1213	60700	4.01688e-042
1214	60750	4.01688e-042
1215	60800	4.01688e-042
1216	60850	4.01688e-042
1217	60900	3.96112e-042
1218	60950	3.04693e-042
1219	61000	3.04693e-042
1220	61050	2.97839e-042
1221	61100	2.97839e-042
1222	61150	2.97839e-042
1223	61200	2.23847e-042
1224	61250	2.23847e-042
1225	61300	2.10337e-042
1226	61350	2.10337e-042
1227	61400	2.06787e-042
1228	61450	1.35201e-042
1229	61500	1.08198e-042
1230	61550	1.08198e-042
1231	61600	1.08198e-042
1232	61650	1.08198e-042
1233	61700	1.08129e-042
1234	61750	1.08074e-042
1235	61800	1.00802e-042
1236	61850	1.00802e-042
1237	61900	1.00802e-042
1238	61950	1.00802e-042
1239	62000	1.00802e-042
1240	62050	1.00802e-042
1241	62100	1.00802e-042
1242	62150	9.91092e-043
1243	62200	9.91092e-043
1244	62250	9.91092e-043
1245	62300	9.91092e-043
1246	62350	9.91092e-043
1247	62400	9.89354e-043
1248	62450	9.89354e-043
1249	62500	9.85232e-043
1250	62550	9.85232e-043
1251	62600	1.65895e-043
1252	62650	1.65895e-043
1253	62700	1.65895e-043
1254	62750	1.2284e-043
1255	62800	3.15674e-044
1256	62850	3.15674e-044
1257	62900	3.15674e-044
1258	62950	2.94245e-044
1259	63000	2.94245e-044
1260	63050	2.87242e-044
1261	63100	2.87242e-044
1262	63150	2.87242e-044
1263	63200	2.87242e-044
1264	63250	2.68401e-044
1265	63300	2.68401e-044
1266	63350	2.58352e-044
1267	63400	2.58352e-044
1268	63450	2.58352e-044
1269	63500	2.58352e-044
1270	63550	2.58352e-044
1271	63600	2.58352e-044
1272	63650	2.17267e-044
1273	63700	2.17267e-044
1274	63750	2.17267e-044
1275	63800	2.17267e-044
1276	63850	1.94804e-044
1277	63900	1.94804e-044
1278	63950	1.94481e-044
1279	64000	1.71881e-044
1280	64050	1.59097e-044
1281	64100	1.57128e-044
1282	64150	1.57052e-044
1283	64200	1.57052e-044
1284	64250	1.16786e-044
1285	64300	1.09701e-044
1286	64350	1.08889e-044
1287	64400	1.08889e-044
1288	64450	1.08889e-044
1289	64500	1.08889e-044
1290	64550	1.08889e-044
1291	64600	1.08889e-044
1292	64650	1.08889e-044
1293	64700	1.08744e-044
1294	64750	1.08744e-044
1295	64800	1.04762e-044
1296	64850	1.04762e-044
1297	64900	1.04607e-044
1298	64950	1.04607e-044
1299	65000	7.89321e-045
1300	65050	7.89321e-045
1301	65100	7.89321e-045
1302	65150	6.39372e-045
1303	65200	6.39372e-045
1304	65250	6.39372e-045
1305	65300	6.39372e-045
1306	65350	6.39372e-045
1307	65400	1.16702e-045
1308	65450	1.16702e-045
1309	65500	1.13143e-045
1310	65550	1.13143e-045
1311	65600	1.13143e-045
1312	65650	1.13143e-045
1313	65700	1.08292e-045
1314	65750	1.08292e-045
1315	65800	2.74892e-046
1316	65850	2.74892e-046
1317	65900	9.05293e-047
1318	65950	9.05293e-047
1319	66000	9.04584e-047
1320	66050	8.65905e-047
1321	66100	8.65905e-047
1322	66150	7.39747e-047
1323	66200	7.39747e-047
1324	66250	6.92347e-047
1325	66300	6.92347e-047
1326	66350	6.09648e-047
1327	66400	6.09648e-047
1328	66450	6.09648e-047
1329	66500	4.95882e-047
1330	66550	3.97838e-047
1331	66600	3.97838e-047
1332	66650	3.97838e-047
1333	66700	3.6188e-047
1334	66750	3.40812e-047
1335	66800	3.40812e-047
1336	66850	3.40812e-047
1337	66900	3.40812e-047
1338	66950	3.36135e-047
1339	67000	3.36135e-047
1340	67050	3.36135e-047
1341	67100	2.54719e-047
1342	67150	2.54719e-047
1343	67200	2.54719e-047
1344	67250	2.39478e-047
1345	67300	2.30211e-047
1346	67350	2.30211e-047
1347	67400	2.27174e-047
1348	67450	2.24954e-047
1349	67500	2.22029e-047
1350	67550	2.13052e-047
1351	67600	1.89356e-047
1352	67650	1.89356e-047
1353	67700	1.73375e-047
1354	67750	1.72477e-047
1355	67800	3.54055e-048
1356	67850	3.54055e-048
1357	67900	3.54055e-048
1358	67950	3.54055e-048
1359	68000	2.80855e-048
1360	68050	2.80855e-048
1361	68100	2.80855e-048
1362	68150	2.58276e-048
1363	68200	2.35831e-048
1364	68250	2.35831e-048
1365	68300	2.11943e-048
1366	68350	1.22613e-048
1367	68400	1.22613e-048
1368	68450	1.05929e-048
1369	68500	8.65132e-049
1370	68550	8.17275e-049
1371	68600	8.17275e-049
1372	68650	8.05943e-049
1373	68700	8.05943e-049
1374	68750	8.05943e-049
1375	68800	4.96021e-049
1376	68850	4.96021e-049
1377	68900	4.96021e-049
1378	68950	4.96021e-049
1379	69000	4.96021e-049
1380	69050	4.96021e-049
1381	69100	4.96021e-049
1382	69150	4.96021e-049
1383	69200	4.96021e-049
1384	69250	4.96021e-049
1385	69300	4.96021e-049
1386	69350	3.90129e-049
1387	69400	3.90129e-049
1388	69450	2.60171e-049
1389	69500	2.60171e-049
1390	69550	2.60171e-049
1391	69600	2.34515e-049
1392	69650	1.79872e-049
1393	69700	1.60128e-049
1394	69750	1.60128e-049
1395	69800	1.16804e-049
1396	69850	1.16804e-049
1397	69900	1.16804e-049
1398	69950	1.16804e-049
1399	70000	1.16804e-049
1400	70050	1.16804e-049
1401	70100	1.16804e-049
1402	70150	8.74759e-050
1403	70200	6.74328e-050
1404	70250	6.74328e-050
1405	70300	6.74328e-050
1406	70350	6.74328e-050
1407	70400	6.74328e-050
1408	70450	6.74328e-050
1409	70500	6.74328e-050
1410	70550	6.00272e-050
1411	70600	6.00272e-050
1412	70650	6.00272e-050
1413	70700	6.00272e-050
1414	70750	6.00272e-050
1415	70800	5.96671e-050
1416	70850	5.94703e-050
1417	70900	5.94703e-050
1418	70950	5.94703e-050
1419	71000	1.46518e-050
1420	71050	1.46518e-050
1421	71100	1.46518e-050
1422	71150	1.46518e-050
1423	71200	1.4052e-050
1424	71250	1.32576e-050
1425	71300	1.32576e-050
1426	71350	6.00798e-051
1427	71400	5.44181e-051
1428	71450	4.7495e-051
1429	71500	4.71179e-051
1430	71550	4.71179e-051
1431	71600	4.71179e-051
1432	71650	4.71179e-051
1433	71700	3.43919e-051
1434	71750	3.43919e-051
1435	71800	3.43919e-051
1436	71850	3.43919e-051
1437	71900	2.45969e-051
1438	71950	2.01461e-051
1439	72000	1.87858e-051
1440	72050	1.54514e-051
1441	72100	1.54514e-051
1442	72150	1.07046e-051
1443	72200	1.0635e-051
1444	72250	1.05609e-051
1445	72300	1.05609e-051
1446	72350	9.66755e-052
1447	72400	9.66755e-052
1448	72450	9.66755e-052
1449	72500	9.66755e-052
1450	72550	7.61047e-052
1451	72600	5.72209e-052
1452	72650	5.72209e-052
1453	72700	4.30589e-052
1454	72750	3.24891e-052
1455	72800	2.11008e-052
1456	72850	2.08542e-052
1457	72900	1.38614e-052
1458	72950	9.92362e-053
1459	73000	9.92362e-053
1460	73050	8.64172e-053
1461	73100	8.64172e-053
1462	73150	7.29419e-053
1463	73200	6.77389e-053
1464	73250	6.77389e-053
1465	73300	6.77389e-053
1466	73350	6.77389e-053
1467	73400	6.1548e-053
1468	73450	6.1548e-053
1469	73500	6.1548e-053
1470	73550	5.28811e-053
1471	73600	5.28811e-053
1472	73650	5.28811e-053
1473	73700	5.23345e-053
1474	73750	5.23345e-053
1475	73800	5.23345e-053
1476	73850	5.23345e-053
1477	73900	3.9051e-053
1478	73950	3.9051e-053
1479	74000	3.9051e-053
1480	74050	2.77585e-053
1481	74100	2.77585e-053
1482	74150	2.77585e-053
1483	74200	2.77585e-053
1484	74250	8.8555e-054
1485	74300	8.8555e-054
1486	74350	6.76928e-054
1487	74400	6.76928e-054
1488	74450	6.76928e-054
1489	74500	6.65467e-054
1490	74550	6.65467e-054
1491	74600	6.65467e-054
1492	74650	6.54044e-054
1493	74700	6.54044e-054
1494	74750	6.18713e-054
1495	74800	6.18713e-054
1496	74850	6.18713e-054
1497	74900	4.98248e-054
1498	74950	4.98248e-054
1499	75000	4.98248e-054
1500	75050	4.98248e-054
1501	75100	4.98248e-054
1502	75150	4.60582e-054
1503	75200	3.9259e-054
1504	75250	3.33765e-054
1505	75300	3.33765e-054
1506	75350	4.62474e-055
1507	75400	4.62474e-055
1508	75450	4.62474e-055
1509	75500	4.62474e-055
1510	75550	4.62474e-055
1511	75600	4.62474e-055
1512	75650	3.92431e-055
1513	75700	3.92431e-055
1514	75750	3.92431e-055
1515	75800	3.92431e-055
1516	75850	3.92431e-055
1517	75900	3.92431e-055
1518	75950	3.92431e-055
1519	76000	3.92431e-055
1520	76050	3.89754e-055
1521	76100	3.4181e-055
1522	76150	3.4181e-055
1523	76200	3.18995e-055
1524	76250	3.18995e-055
1525	76300	3.18995e-055
1526	76350	3.18995e-055
1527	76400	3.18741e-055
1528	76450	3.18741e-055
1529	76500	3.18741e-055
1530	76550	2.83571e-055
1531	76600	2.83571e-055
1532	76650	1.6808e-055
1533	76700	1.6808e-055
1534	76750	1.6808e-055
1535	76800	1.4849e-055
1536	76850	1.2971e-055
1537	76900	1.03784e-055
1538	76950	1.03784e-055
1539	77000	1.03784e-055
1540	77050	1.03784e-055
1541	77100	1.03784e-055
1542	77150	1.03784e-055
1543	77200	1.03784e-055
1544	77250	9.10982e-056
1545	77300	9.10982e-056
1546	77350	9.10982e-056
1547	77400	8.91647e-056
1548	77450	8.91647e-056
1549	77500	8.19989e-056
1550	77550	8.19989e-056
1551	77600	1.49922e-056
1552	77650	1.49922e-056
1553	77700	1.49922e-056
1554	77750	1.49922e-056
1555	77800	1.30646e-056
1556	77850	1.30646e-056
1557	77900	1.23892e-056
1558	77950	1.06009e-056
1559	78000	1.06009e-056
1560	78050	6.6947e-057
1561	78100	4.97833e-057
1562	78150	4.97833e-057
1563	78200	4.97833e-057
1564	78250	4.97833e-057
1565	78300	4.97833e-057
1566	78350	4.97833e-057
1567	78400	4.97833e-057
1568	78450	4.46609e-057
1569	78500	4.40429e-057
1570	78550	4.40429e-057
1571	78600	4.39862e-057
1572	78650	4.39862e-057
1573	78700	4.38484e-057
1574	78750	4.38484e-057
1575	78800	4.38484e-057
1576	78850	2.52246e-057
1577	78900	2.13724e-057
1578	78950	2.13724e-057
1579	79000	2.87298e-058
1580	79050	2.87298e-058
1581	79100	2.87298e-058
1582	79150	2.66172e-058
1583	79200	2.66172e-058
1584	79250	2.66172e-058
1585	79300	2.66172e-058
1586	79350	2.66172e-058
1587	79400	2.22769e-058
1588	79450	2.22769e-058
1589	79500	2.22769e-058
1590	79550	2.22769e-058
1591	79600	1.895e-058
1592	79650	1.895e-058
1593	79700	1.895e-058
1594	79750	1.65469e-058
1595	79800	1.65469e-058
1596	79850	1.65469e-058
1597	79900	1.65469e-058
1598	79950	1.55304e-058
1599	80000	1.53883e-058
1600	80050	1.53883e-058
1601	80100	1.53883e-058
1602	80150	1.53883e-058
1603	80200	1.53883e-058
1604	80250	1.4152e-058
1605	80300	1.4152e-058
1606	80350	1.4152e-058
1607	80400	1.4152e-058
1608	80450	1.37804e-058
1609	80500	1.3661e-058
1610	80550	1.27875e-058
1611	80600	1.23947e-058
1612	80650	1.23947e-058
1613	80700	8.58487e-059
1614	80750	8.11288e-059
1615	80800	7.59764e-059
1616	80850	7.57217e-059
1617	80900	7.34248e-059
1618	80950	1.02133e-059
1619	81000	1.02133e-059
1620	81050	1.02133e-059
1621	81100	9.08225e-060
1622	81150	9.08225e-060
1623	81200	9.08225e-060
1624	81250	9.08225e-060
1625	81300	9.08225e-060
1626	81350	8.56638e-060
1627	81400	8.56638e-060
1628	81450	8.56638e-060
1629	81500	8.56638e-060
1630	81550	8.56638e-060
1631	81600	8.56638e-060
1632	81650	8.48743e-060
1633	81700	8.48743e-060
1634	81750	8.34115e-060
1635	81800	8.09237e-060
1636	81850	8.09237e-060
1637	81900	8.09237e-060
1638	81950	8.02086e-060
1639	82000	6.8677e-060
1640	82050	6.8677e-060
1641	82100	2.95185e-060
1642	82150	2.84243e-060
1643	82200	2.84243e-060
1644	82250	9.10543e-061
1645	82300	8.29087e-061
1646	82350	8.29087e-061
1647	82400	7.44088e-061
1648	82450	7.3124e-061
1649	82500	5.13668e-061
1650	82550	4.88275e-061
1651	82600	4.88275e-061
1652	82650	4.88275e-061
1653	82700	4.85968e-061
1654	82750	2.26187e-061
1655	82800	2.26187e-061
1656	82850	2.26187e-061
1657	82900	2.26187e-061
1658	82950	2.19149e-061
1659	83000	2.19149e-061
1660	83050	1.97805e-061
1661	83100	1.97805e-061
1662	83150	1.97805e-061
1663	83200	1.97805e-061
1664	83250	1.97805e-061
1665	83300	1.9571e-061
1666	83350	1.9571e-061
1667	83400	1.9571e-061
1668	83450	1.92026e-061
1669	83500	1.92026e-061
1670	83550	8.07404e-062
1671	83600	7.27146e-062
1672	83650	6.87432e-062
1673	83700	6.76628e-062
1674	83750	6.76628e-062
1675	83800	6.76628e-062
1676	83850	6.76628e-062
1677	83900	6.76628e-062
1678	83950	6.76628e-062
1679	84000	6.76628e-062
1680	84050	6.76628e-062
1681	84100	6.76628e-062
1682	84150	6.36777e-062
1683	84200	6.36777e-062
1684	84250	2.63906e-062
1685	84300	2.63906e-062
1686	84350	2.63906e-062
1687	84400	2.63735e-062
1688	84450	2.58705e-062
1689	84500	6.52766e-063
1690	84550	2.13739e-063
1691	84600	2.13739e-063
1692	84650	2.13739e-063
1693	84700	2.13739e-063
1694	84750	2.13739e-063
1695	84800	2.11513e-063
1696	84850	2.08543e-063
1697	84900	2.08543e-063
1698	84950	2.08543e-063
1699	85000	1.86891e-063
1700	85050	1.86891e-063
1701	85100	1.86891e-063
1702	85150	1.49205e-063
1703	85200	1.49205e-063
1704	85250	1.40929e-063
1705	85300	1.40929e-063
1706	85350	1.35348e-063
1707	85400	1.35348e-063
1708	85450	1.35348e-063
1709	85500	1.35348e-063
1710	85550	1.35348e-063
1711	85600	1.35348e-063
1712	85650	1.29465e-063
1713	85700	1.29465e-063
1714	85750	1.29104e-063
1715	85800	1.29104e-063
1716	85850	1.29104e-063
1717	85900	1.58336e-064
1718	85950	7.8975e-065
1719	86000	7.8975e-065
1720	86050	5.72732e-065
1721	86100	5.72732e-065
1722	86150	5.72732e-065
1723	86200	5.72732e-065
1724	86250	5.00326e-065
1725	86300	5.00326e-065
1726	86350	5.00326e-065
1727	86400	4.28302e-065
1728	86450	4.28302e-065
1729	86500	4.28302e-065
1730	86550	4.28302e-065
1731	86600	4.26866e-065
1732	86650	4.26866e-065
1733	86700	4.26866e-065
1734	86750	3.83661e-065
1735	86800	3.83661e-065
1736	86850	2.83655e-065
1737	86900	2.83655e-065
1738	86950	2.83655e-065
1739	87000	2.23894e-065
1740	87050	2.23894e-065
1741	87100	2.23894e-065
1742	87150	2.23894e-065
1743	87200	2.23894e-065
1744	87250	2.23894e-065
1745	87300	1.43936e-065
1746	87350	1.27026e-065
1747	87400	1.18925e-065
1748	87450	6.64427e-066
1749	87500	6.64427e-066
1750	87550	6.64427e-066
1751	87600	6.64427e-066
1752	87650	5.05611e-066
1753	87700	5.05611e-066
1754	87750	5.05611e-066
1755	87800	5.05611e-066
1756	87850	2.30351e-066
1757	87900	2.16154e-066
1758	87950	2.16154e-066
1759	88000	2.16154e-066
1760	88050	2.16154e-066
1761	88100	2.16154e-066
1762	88150	2.16154e-066
1763	88200	2.16154e-066
1764	88250	2.16154e-066
1765	88300	2.04751e-066
1766	88350	2.03506e-066
1767	88400	2.03506e-066
1768	88450	2.03065e-066
1769	88500	2.03065e-066
1770	88550	1.93209e-066
1771	88600	1.38946e-066
1772	88650	1.38795e-066
1773	88700	6.14791e-067
1774	88750	5.36323e-067
1775	88800	5.36323e-067
1776	88850	5.36323e-067
1777	88900	4.6244e-067
1778	88950	2.14801e-067
1779	89000	1.99623e-067
1780	89050	1.99623e-067
1781	89100	1.99623e-067
1782	89150	1.99623e-067
1783	89200	1.99623e-067
1784	89250	1.99623e-067
1785	89300	1.99623e-067
1786	89350	1.98682e-067
1787	89400	1.98682e-067
1788	89450	1.98682e-067
1789	89500	1.55734e-067
1790	89550	1.4311e-067
1791	89600	1.4311e-067
1792	89650	1.40778e-067
1793	89700	1.22375e-067
1794	89750	1.22375e-067
1795	89800	1.22375e-067
1796	89850	1.22375e-067
1797	89900	8.2121e-068
1798	89950	5.56229e-068
1799	90000	5.56229e-068
1800	90050	3.16295e-068
1801	90100	2.98889e-068
1802	90150	1.85898e-068
1803	90200	1.85898e-068
1804	90250	1.85898e-068
1805	90300	1.55112e-068
1806	90350	1.55112e-068
1807	90400	1.32565e-068
1808	90450	1.32565e-068
1809	90500	1.32565e-068
1810	90550	1.32565e-068
1811	90600	1.25631e-068
1812	90650	1.25631e-068
1813	90700	1.25631e-068
1814	90750	1.22371e-068
1815	90800	1.22371e-068
1816	90850	9.86156e-069
1817	90900	9.86156e-069
1818	90950	9.86156e-069
1819	91000	9.86156e-069
1820	91050	9.86156e-069
1821	91100	9.86156e-069
1822	91150	9.86156e-069
1823	91200	9.86156e-069
1824	91250	9.86156e-069
1825	91300	9.3402e-069
1826	91350	9.14562e-069
1827	91400	9.14562e-069
1828	91450	9.13405e-069
1829	91500	8.20358e-069
1830	91550	8.12514e-069
1831	91600	7.9675e-069
1832	91650	7.4099e-070
1833	91700	5.32054e-070
1834	91750	5.32054e-070
1835	91800	5.32054e-070
1836	91850	5.32054e-070
1837	91900	5.32054e-070
1838	91950	5.20785e-070
1839	92000	4.93814e-070
1840	92050	4.85527e-070
1841	92100	3.94013e-070
1842	92150	3.94013e-070
1843	92200	3.94013e-070
1844	92250	3.94013e-070
1845	92300	3.90111e-070
1846	92350	3.90111e-070
1847	92400	3.90111e-070
1848	92450	3.77207e-070
1849	92500	2.16004e-070
1850	92550	2.16004e-070
1851	92600	2.16004e-070
1852	92650	2.15229e-070
1853	92700	7.37337e-071
1854	92750	6.79447e-071
1855	92800	2.8379e-071
1856	92850	2.8379e-071
1857	92900	2.8379e-071
1858	92950	2.8379e-071
1859	93000	2.8379e-071
1860	93050	2.8379e-071
1861	93100	2.58888e-071
1862	93150	2.58888e-071
1863	93200	2.58888e-071
1864	93250	2.58888e-071
1865	93300	2.02675e-071
1866	93350	2.00005e-071
1867	93400	2.00005e-071
1868	93450	1.74107e-071
1869	93500	9.22641e-072
1870	93550	8.77724e-072
1871	93600	8.77724e-072
1872	93650	8.4696e-072
1873	93700	7.34257e-072
1874	93750	7.34257e-072
1875	93800	7.34257e-072
1876	93850	6.9348e-072
1877	93900	6.9348e-072
1878	93950	6.9348e-072
1879	94000	2.36882e-072
1880	94050	2.36882e-072
1881	94100	2.36882e-072
1882	94150	2.36882e-072
1883	94200	2.36882e-072
1884	94250	2.36882e-072
1885	94300	2.32235e-072
1886	94350	2.32235e-072
1887	94400	2.08924e-072
1888	94450	1.8162e-072
1889	94500	1.8162e-072
1890	94550	1.8162e-072
1891	94600	1.47344e-072
1892	94650	1.47344e-072
1893	94700	9.94515e-073
1894	94750	9.94515e-073
1895	94800	9.12943e-073
1896	94850	4.19536e-073
1897	94900	4.19536e-073
1898	94950	3.81255e-073
1899	95000	3.81255e-073
1900	95050	3.81255e-073
1901	95100	3.81255e-073
1902	95150	3.81255e-073
1903	95200	3.81255e-073
1904	95250	3.81255e-073
1905	95300	3.34279e-073
1906	95350	3.34279e-073
1907	95400	2.03857e-073
1908	95450	1.82462e-073
1909	95500	1.82462e-073
1910	95550	1.82462e-073
1911	95600	1.41391e-073
1912	95650	1.41391e-073
1913	95700	1.27369e-073
1914	95750	1.24388e-073
1915	95800	1.24388e-073
1916	95850	1.20688e-073
1917	95900	1.20688e-073
1918	95950	1.20688e-073
1919	96000	1.20688e-073
1920	96050	1.20688e-073
1921	96100	9.3225e-074
1922	96150	6.84318e-074
1923	96200	6.84318e-074
1924	96250	5.23606e-074
1925	96300	2.99684e-074
1926	96350	2.99684e-074
1927	96400	2.99684e-074
1928	96450	2.99684e-074
1929	96500	2.99684e-074
1930	96550	2.77998e-074
1931	96600	2.68028e-074
1932	96650	2.28447e-074
1933	96700	2.28447e-074
1934	96750	2.28447e-074
1935	96800	2.28447e-074
1936	96850	2.28447e-074
1937	96900	1.72836e-074
1938	96950	1.67069e-074
1939	97000	1.67069e-074
1940	97050	1.67069e-074
1941	97100	1.60252e-074
1942	97150	1.60252e-074
1943	97200	1.08949e-074
1944	97250	1.01826e-074
1945	97300	1.01826e-074
1946	97350	7.8123e-075
1947	97400	3.43109e-075
1948	97450	3.38601e-075
1949	97500	3.38601e-075
1950	97550	3.38601e-075
1951	97600	2.49455e-075
1952	97650	2.49455e-075
1953	97700	2.4651e-075
1954	97750	2.4651e-075
1955	97800	2.4651e-075
1956	97850	2.4651e-075
1957	97900	2.4651e-075
1958	97950	1.24509e-075
1959	98000	1.24509e-075
1960	98050	1.24509e-075
1961	98100	1.18182e-075
1962	98150	1.18182e-075
1963	98200	1.18182e-075
1964	98250	1.18182e-075
1965	98300	9.63662e-076
1966	98350	9.63662e-076
1967	98400	9.63662e-076
1968	98450	9.6103e-076
1969	98500	9.50637e-076
1970	98550	9.50637e-076
1971	98600	6.2865e-076
1972	98650	6.2865e-076
1973	98700	3.99802e-076
1974	98750	3.99802e-076
1975	98800	3.9496e-076
1976	98850	3.9496e-076
1977	98900	3.9496e-076
1978	98950	3.82555e-076
1979	99000	3.82086e-076
1980	99050	1.63839e-076
1981	99100	1.44427e-076
1982	99150	1.44427e-076
1983	99200	1.40245e-076
1984	99250	1.40245e-076
1985	99300	1.11758e-076
1986	99350	1.11758e-076
1987	99400	8.6376e-077
1988	99450	7.66402e-077
1989	99500	7.31966e-077
1990	99550	7.31966e-077
1991	99600	7.31966e-077
1992	99650	6.356e-077
1993	99700	2.48751e-077
1994	99750	2.3238e-077
1995	99800	2.3238e-077
1996	99850	2.3238e-077
1997	99900	2.23794e-077
1998	99950	2.23794e-077
1999	100000	2.23794e-077
2000	100050	1.50319e-077
