1	100	0
2	150	1236.68
3	200	1236.68
4	250	1236.68
5	300	1079.63
6	350	1037.94
7	400	1037.94
8	450	1004.34
9	500	1004.34
10	550	1004.34
11	600	1004.34
12	650	944.622
13	700	887.626
14	750	887.626
15	800	887.626
16	850	887.626
17	900	887.626
18	950	887.626
19	1000	636.135
20	1050	636.135
21	1100	636.135
22	1150	575.579
23	1200	485.985
24	1250	485.985
25	1300	485.985
26	1350	441.55
27	1400	268.388
28	1450	268.388
29	1500	268.388
30	1550	218.396
31	1600	218.396
32	1650	218.396
33	1700	179.644
34	1750	162.424
35	1800	162.424
36	1850	162.424
37	1900	162.424
38	1950	162.424
39	2000	162.424
40	2050	156.409
41	2100	156.409
42	2150	156.409
43	2200	156.409
44	2250	156.409
45	2300	147.12
46	2350	129.359
47	2400	129.359
48	2450	129.359
49	2500	55.3839
50	2550	55.3839
51	2600	55.3839
52	2650	55.3839
53	2700	55.3839
54	2750	55.3839
55	2800	55.3839
56	2850	55.3839
57	2900	54.9553
58	2950	47.6216
59	3000	47.448
60	3050	47.448
61	3100	47.448
62	3150	47.448
63	3200	15.1243
64	3250	15.1243
65	3300	15.1226
66	3350	15.1226
67	3400	15.1226
68	3450	15.0515
69	3500	14.944
70	3550	14.944
71	3600	14.9212
72	3650	13.5532
73	3700	13.5532
74	3750	13.54
75	3800	13.54
76	3850	9.09935
77	3900	5.06928
78	3950	5.0692
79	4000	5.05224
80	4050	5.05224
81	4100	3.09086
82	4150	3.09086
83	4200	3.09086
84	4250	3.09086
85	4300	3.09086
86	4350	3.09086
87	4400	3.09086
88	4450	2.76639
89	4500	2.76639
90	4550	2.76639
91	4600	2.63077
92	4650	2.32659
93	4700	2.32659
94	4750	2.32659
95	4800	2.32659
96	4850	2.32659
97	4900	1.46523
98	4950	1.46523
99	5000	0.976935
100	5050	0.976935
101	5100	0.976935
102	5150	0.976935
103	5200	0.976935
104	5250	0.976935
105	5300	0.777916
106	5350	0.777916
107	5400	0.777916
108	5450	0.699307
109	5500	0.699307
110	5550	0.66695
111	5600	0.66695
112	5650	0.66695
113	5700	0.66695
114	5750	0.420183
115	5800	0.241546
116	5850	0.241546
117	5900	0.241546
118	5950	0.241546
119	6000	0.221242
120	6050	0.221242
121	6100	0.221242
122	6150	0.140499
123	6200	0.140499
124	6250	0.140499
125	6300	0.140499
126	6350	0.140499
127	6400	0.140499
128	6450	0.140499
129	6500	0.140499
130	6550	0.140499
131	6600	0.140499
132	6650	0.104055
133	6700	0.104055
134	6750	0.104055
135	6800	0.104055
136	6850	0.10124
137	6900	0.100366
138	6950	0.100366
139	7000	0.0932589
140	7050	0.0932589
141	7100	0.0932589
142	7150	0.0932589
143	7200	0.0802812
144	7250	0.0802812
145	7300	0.0802812
146	7350	0.0802812
147	7400	0.0802812
148	7450	0.0802812
149	7500	0.0802812
150	7550	0.0752376
151	7600	0.0752376
152	7650	0.0752376
153	7700	0.0661012
154	7750	0.0661012
155	7800	0.0461553
156	7850	0.0461553
157	7900	0.0461553
158	7950	0.0461553
159	8000	0.0461553
160	8050	0.0461553
161	8100	0.0461553
162	8150	0.0378474
163	8200	0.0378474
164	8250	0.0376057
165	8300	0.0376057
166	8350	0.0376057
167	8400	0.0363915
168	8450	0.0313492
169	8500	0.0313492
170	8550	0.0313492
171	8600	0.0313492
172	8650	0.0313492
173	8700	0.0306456
174	8750	0.0306456
175	8800	0.0266126
176	8850	0.0266126
177	8900	0.017271
178	8950	0.00990175
179	9000	0.00850593
180	9050	0.00774118
181	9100	0.00669768
182	9150	0.00669768
183	9200	0.00656862
184	9250	0.00656862
185	9300	0.00656862
186	9350	0.00365246
187	9400	0.00365246
188	9450	0.00287771
189	9500	0.00272002
190	9550	0.00272002
191	9600	0.00272002
192	9650	0.00264397
193	9700	0.00264397
194	9750	0.00264397
195	9800	0.00264397
196	9850	0.00255811
197	9900	0.00255811
198	9950	0.00255811
199	10000	0.00200387
200	10050	0.00141459
201	10100	0.00141459
202	10150	0.00141459
203	10200	0.00120602
204	10250	0.00110677
205	10300	0.00110677
206	10350	0.00110677
207	10400	0.00110677
208	10450	0.00110677
209	10500	0.000690752
210	10550	0.000690752
211	10600	0.000690752
212	10650	0.000565491
213	10700	0.000556856
214	10750	0.000556856
215	10800	0.000556856
216	10850	0.000556856
217	10900	0.000553267
218	10950	0.00042427
219	11000	0.00042427
220	11050	0.00042427
221	11100	0.00042427
222	11150	0.000312694
223	11200	0.000312694
224	11250	0.000312694
225	11300	0.000312694
226	11350	0.000312694
227	11400	0.000214078
228	11450	0.000212437
229	11500	0.000212437
230	11550	0.000201162
231	11600	0.000117344
232	11650	0.000117344
233	11700	0.000117344
234	11750	0.000117344
235	11800	0.000115008
236	11850	0.000115008
237	11900	0.000115008
238	11950	0.000114418
239	12000	0.000114418
240	12050	0.000114418
241	12100	0.000114418
242	12150	0.000114418
243	12200	0.000114418
244	12250	0.000114418
245	12300	0.000114418
246	12350	0.000114418
247	12400	9.27509e-005
248	12450	8.28183e-005
249	12500	5.57388e-005
250	12550	4.6602e-005
251	12600	4.6602e-005
252	12650	4.6602e-005
253	12700	4.43861e-005
254	12750	3.57976e-005
255	12800	3.57976e-005
256	12850	1.45754e-005
257	12900	1.44139e-005
258	12950	1.32844e-005
259	13000	1.01321e-005
260	13050	1.01321e-005
261	13100	1.01077e-005
262	13150	1.01077e-005
263	13200	1.01077e-005
264	13250	9.51288e-006
265	13300	9.51288e-006
266	13350	9.51288e-006
267	13400	9.31976e-006
268	13450	6.95909e-006
269	13500	6.95909e-006
270	13550	6.79177e-006
271	13600	5.92929e-006
272	13650	5.92929e-006
273	13700	4.165e-006
274	13750	4.165e-006
275	13800	3.92615e-006
276	13850	1.19233e-006
277	13900	8.04216e-007
278	13950	7.18263e-007
279	14000	7.18263e-007
280	14050	7.18263e-007
281	14100	7.16258e-007
282	14150	6.04043e-007
283	14200	6.04043e-007
284	14250	5.86702e-007
285	14300	5.86702e-007
286	14350	5.86702e-007
287	14400	4.78618e-007
288	14450	4.78618e-007
289	14500	4.78618e-007
290	14550	4.76931e-007
291	14600	4.76931e-007
292	14650	4.76931e-007
293	14700	4.76931e-007
294	14750	4.76931e-007
295	14800	4.76931e-007
296	14850	4.76931e-007
297	14900	4.76931e-007
298	14950	4.76212e-007
299	15000	4.76212e-007
300	15050	4.76212e-007
301	15100	2.08154e-007
302	15150	2.08154e-007
303	15200	2.08154e-007
304	15250	2.08154e-007
305	15300	2.08154e-007
306	15350	2.08154e-007
307	15400	2.08154e-007
308	15450	2.08154e-007
309	15500	2.08154e-007
310	15550	8.14211e-008
311	15600	4.94756e-008
312	15650	4.94756e-008
313	15700	4.94756e-008
314	15750	4.90817e-008
315	15800	4.90817e-008
316	15850	4.90817e-008
317	15900	4.90817e-008
318	15950	4.90817e-008
319	16000	4.03516e-008
320	16050	4.03516e-008
321	16100	4.03516e-008
322	16150	4.03516e-008
323	16200	4.03516e-008
324	16250	4.01803e-008
325	16300	4.01803e-008
326	16350	4.01803e-008
327	16400	3.90421e-008
328	16450	3.90421e-008
329	16500	3.90421e-008
330	16550	3.55076e-008
331	16600	2.38278e-008
332	16650	2.38278e-008
333	16700	2.38278e-008
334	16750	2.38278e-008
335	16800	2.38278e-008
336	16850	1.31087e-008
337	16900	1.22845e-008
338	16950	1.22845e-008
339	17000	1.22845e-008
340	17050	1.15278e-008
341	17100	1.14793e-008
342	17150	8.58807e-009
343	17200	8.58807e-009
344	17250	7.46024e-009
345	17300	7.46024e-009
346	17350	7.46024e-009
347	17400	7.46024e-009
348	17450	7.46024e-009
349	17500	7.46024e-009
350	17550	7.46024e-009
351	17600	7.46024e-009
352	17650	6.55114e-009
353	17700	6.55114e-009
354	17750	5.86016e-009
355	17800	4.48222e-009
356	17850	4.48222e-009
357	17900	4.48222e-009
358	17950	4.48222e-009
359	18000	4.48222e-009
360	18050	1.98997e-009
361	18100	1.98997e-009
362	18150	1.98997e-009
363	18200	1.98997e-009
364	18250	1.98997e-009
365	18300	1.98997e-009
366	18350	1.78331e-009
367	18400	1.78331e-009
368	18450	1.78331e-009
369	18500	1.78331e-009
370	18550	1.69141e-009
371	18600	1.69141e-009
372	18650	1.69141e-009
373	18700	1.69141e-009
374	18750	1.5401e-009
375	18800	1.5401e-009
376	18850	1.5401e-009
377	18900	1.08838e-009
378	18950	1.08838e-009
379	19000	8.64155e-010
380	19050	7.59804e-010
381	19100	7.59804e-010
382	19150	7.59804e-010
383	19200	4.66715e-010
384	19250	4.66715e-010
385	19300	4.57192e-010
386	19350	4.57192e-010
387	19400	4.57192e-010
388	19450	4.57192e-010
389	19500	4.57192e-010
390	19550	4.4533e-010
391	19600	2.62347e-010
392	19650	2.62347e-010
393	19700	2.62347e-010
394	19750	2.62213e-010
395	19800	2.62213e-010
396	19850	2.59728e-010
397	19900	2.59728e-010
398	19950	2.59728e-010
399	20000	2.5664e-010
400	20050	2.5664e-010
401	20100	2.5664e-010
402	20150	2.5664e-010
403	20200	2.5664e-010
404	20250	2.47427e-010
405	20300	2.40536e-010
406	20350	2.40536e-010
407	20400	1.89907e-010
408	20450	1.40677e-010
409	20500	1.02184e-010
410	20550	1.02184e-010
411	20600	1.02184e-010
412	20650	9.92497e-011
413	20700	9.92497e-011
414	20750	9.92497e-011
415	20800	9.92497e-011
416	20850	8.41414e-011
417	20900	5.41262e-011
418	20950	5.41262e-011
419	21000	2.45424e-011
420	21050	2.45424e-011
421	21100	2.45424e-011
422	21150	2.45424e-011
423	21200	2.45424e-011
424	21250	2.45424e-011
425	21300	2.45424e-011
426	21350	2.41701e-011
427	21400	2.41701e-011
428	21450	2.41701e-011
429	21500	2.41701e-011
430	21550	2.41701e-011
431	21600	2.41701e-011
432	21650	2.05857e-011
433	21700	2.05857e-011
434	21750	1.72084e-011
435	21800	1.72084e-011
436	21850	1.72084e-011
437	21900	1.66476e-011
438	21950	1.66476e-011
439	22000	1.13271e-011
440	22050	1.13271e-011
441	22100	1.13271e-011
442	22150	1.13271e-011
443	22200	1.13271e-011
444	22250	1.03693e-011
445	22300	6.63993e-012
446	22350	6.63993e-012
447	22400	4.25691e-012
448	22450	4.25691e-012
449	22500	4.25691e-012
450	22550	4.25691e-012
451	22600	4.23567e-012
452	22650	3.88462e-012
453	22700	3.88462e-012
454	22750	3.88462e-012
455	22800	3.88462e-012
456	22850	3.52737e-012
457	22900	2.61452e-012
458	22950	1.92891e-012
459	23000	1.91876e-012
460	23050	1.91876e-012
461	23100	1.91876e-012
462	23150	1.6526e-012
463	23200	1.6526e-012
464	23250	1.6526e-012
465	23300	1.47612e-012
466	23350	1.47612e-012
467	23400	1.47612e-012
468	23450	1.47612e-012
469	23500	1.47612e-012
470	23550	1.45807e-012
471	23600	1.43194e-012
472	23650	1.43194e-012
473	23700	1.37674e-012
474	23750	1.37674e-012
475	23800	1.1521e-012
476	23850	1.1521e-012
477	23900	1.1521e-012
478	23950	9.78285e-013
479	24000	8.71842e-013
480	24050	8.71842e-013
481	24100	8.71842e-013
482	24150	8.209e-013
483	24200	8.209e-013
484	24250	8.01981e-013
485	24300	3.48247e-013
486	24350	2.49537e-013
487	24400	1.4616e-013
488	24450	1.4616e-013
489	24500	1.4616e-013
490	24550	1.30455e-013
491	24600	1.30455e-013
492	24650	1.30455e-013
493	24700	1.30455e-013
494	24750	1.30455e-013
495	24800	1.30455e-013
496	24850	1.30308e-013
497	24900	1.30308e-013
498	24950	1.30308e-013
499	25000	1.30302e-013
500	25050	1.30302e-013
501	25100	2.93842e-014
502	25150	2.93842e-014
503	25200	2.31369e-014
504	25250	2.31369e-014
505	25300	2.14485e-014
506	25350	2.14485e-014
507	25400	2.14485e-014
508	25450	1.66209e-014
509	25500	1.45677e-014
510	25550	1.45677e-014
511	25600	1.45677e-014
512	25650	1.45677e-014
513	25700	1.45677e-014
514	25750	1.45677e-014
515	25800	1.45677e-014
516	25850	1.45677e-014
517	25900	1.45677e-014
518	25950	1.45677e-014
519	26000	1.45677e-014
520	26050	1.45677e-014
521	26100	1.45677e-014
522	26150	1.45677e-014
523	26200	1.45677e-014
524	26250	1.45677e-014
525	26300	1.45677e-014
526	26350	1.45677e-014
527	26400	1.45677e-014
528	26450	1.45677e-014
529	26500	1.43001e-014
530	26550	1.43001e-014
531	26600	1.30268e-014
532	26650	1.23529e-014
533	26700	1.20774e-014
534	26750	1.20774e-014
535	26800	1.20774e-014
536	26850	1.20774e-014
537	26900	8.61075e-015
538	26950	8.61075e-015
539	27000	8.61075e-015
540	27050	8.61075e-015
541	27100	8.61075e-015
542	27150	8.61075e-015
543	27200	8.60051e-015
544	27250	8.60051e-015
545	27300	8.60051e-015
546	27350	8.60051e-015
547	27400	8.60051e-015
548	27450	7.74918e-015
549	27500	7.74549e-015
550	27550	7.74549e-015
551	27600	6.73237e-015
552	27650	6.73237e-015
553	27700	5.21872e-015
554	27750	5.111e-015
555	27800	4.49192e-015
556	27850	4.21255e-015
557	27900	4.1577e-015
558	27950	4.1577e-015
559	28000	4.1577e-015
560	28050	4.15176e-015
561	28100	4.15176e-015
562	28150	3.49177e-015
563	28200	3.49177e-015
564	28250	3.49057e-015
565	28300	3.4893e-015
566	28350	3.4893e-015
567	28400	3.4893e-015
568	28450	3.4893e-015
569	28500	3.4893e-015
570	28550	3.4893e-015
571	28600	3.4893e-015
572	28650	2.30081e-015
573	28700	2.30081e-015
574	28750	1.4154e-015
575	28800	1.4154e-015
576	28850	1.4154e-015
577	28900	5.50124e-016
578	28950	5.50124e-016
579	29000	5.50124e-016
580	29050	5.50124e-016
581	29100	5.46367e-016
582	29150	5.31354e-016
583	29200	5.31354e-016
584	29250	5.31354e-016
585	29300	5.31354e-016
586	29350	5.07726e-016
587	29400	5.07537e-016
588	29450	1.40304e-016
589	29500	1.40304e-016
590	29550	4.32989e-017
591	29600	4.32989e-017
592	29650	4.32989e-017
593	29700	4.32989e-017
594	29750	4.32989e-017
595	29800	2.91861e-017
596	29850	2.72517e-017
597	29900	2.54478e-017
598	29950	2.54478e-017
599	30000	2.54478e-017
600	30050	2.54478e-017
601	30100	2.10179e-017
602	30150	2.10179e-017
603	30200	2.10179e-017
604	30250	2.1017e-017
605	30300	2.00222e-017
606	30350	2.00222e-017
607	30400	2.00222e-017
608	30450	1.37068e-017
609	30500	1.37068e-017
610	30550	1.37068e-017
611	30600	1.37068e-017
612	30650	1.37068e-017
613	30700	1.37068e-017
614	30750	8.40945e-018
615	30800	8.40945e-018
616	30850	8.40945e-018
617	30900	8.40945e-018
618	30950	6.73793e-018
619	31000	6.34252e-018
620	31050	6.34252e-018
621	31100	2.71362e-018
622	31150	1.48733e-018
623	31200	1.48733e-018
624	31250	1.48733e-018
625	31300	1.48733e-018
626	31350	1.48733e-018
627	31400	1.48733e-018
628	31450	1.48733e-018
629	31500	1.48733e-018
630	31550	1.48733e-018
631	31600	1.48733e-018
632	31650	1.48733e-018
633	31700	1.19102e-018
634	31750	1.19102e-018
635	31800	1.02908e-018
636	31850	7.14605e-019
637	31900	7.14605e-019
638	31950	7.14605e-019
639	32000	7.14605e-019
640	32050	7.14605e-019
641	32100	6.37797e-019
642	32150	6.37797e-019
643	32200	6.37797e-019
644	32250	6.37797e-019
645	32300	6.37797e-019
646	32350	6.37797e-019
647	32400	6.37797e-019
648	32450	6.37797e-019
649	32500	6.37797e-019
650	32550	5.99939e-019
651	32600	5.99939e-019
652	32650	5.99939e-019
653	32700	5.99939e-019
654	32750	4.93996e-019
655	32800	4.93996e-019
656	32850	4.93996e-019
657	32900	4.93996e-019
658	32950	4.93525e-019
659	33000	2.81618e-019
660	33050	2.81618e-019
661	33100	2.75993e-019
662	33150	2.75993e-019
663	33200	1.33351e-019
664	33250	1.33351e-019
665	33300	1.20283e-019
666	33350	1.19593e-019
667	33400	1.19593e-019
668	33450	1.19593e-019
669	33500	1.19593e-019
670	33550	1.19593e-019
671	33600	1.19593e-019
672	33650	8.02796e-020
673	33700	6.00328e-020
674	33750	4.60996e-020
675	33800	3.78427e-020
676	33850	3.78427e-020
677	33900	3.78427e-020
678	33950	3.78427e-020
679	34000	3.70917e-020
680	34050	3.70917e-020
681	34100	3.565e-020
682	34150	3.565e-020
683	34200	3.37207e-020
684	34250	3.37207e-020
685	34300	3.37207e-020
686	34350	3.33603e-020
687	34400	3.33603e-020
688	34450	2.55923e-020
689	34500	2.27819e-020
690	34550	2.097e-020
691	34600	2.01309e-020
692	34650	1.8645e-020
693	34700	1.8645e-020
694	34750	1.8645e-020
695	34800	1.8645e-020
696	34850	1.8645e-020
697	34900	1.58e-020
698	34950	1.58e-020
699	35000	1.58e-020
700	35050	1.55972e-020
701	35100	1.55972e-020
702	35150	1.45923e-020
703	35200	1.45923e-020
704	35250	1.45923e-020
705	35300	1.45923e-020
706	35350	1.23472e-020
707	35400	1.23472e-020
708	35450	1.04544e-020
709	35500	1.04544e-020
710	35550	1.02214e-020
711	35600	4.58756e-021
712	35650	4.58756e-021
713	35700	4.58756e-021
714	35750	1.03659e-021
715	35800	1.03659e-021
716	35850	8.70576e-022
717	35900	8.70576e-022
718	35950	8.70576e-022
719	36000	8.70576e-022
720	36050	8.70576e-022
721	36100	8.70576e-022
722	36150	7.79282e-022
723	36200	7.79282e-022
724	36250	7.79282e-022
725	36300	7.79282e-022
726	36350	7.79282e-022
727	36400	7.79282e-022
728	36450	7.79282e-022
729	36500	7.68271e-022
730	36550	7.68271e-022
731	36600	7.68271e-022
732	36650	7.68271e-022
733	36700	7.68271e-022
734	36750	4.62018e-022
735	36800	4.62018e-022
736	36850	4.62018e-022
737	36900	4.18326e-022
738	36950	4.18326e-022
739	37000	3.99827e-022
740	37050	3.99827e-022
741	37100	3.99827e-022
742	37150	3.99827e-022
743	37200	3.96012e-022
744	37250	3.96012e-022
745	37300	3.96012e-022
746	37350	3.96012e-022
747	37400	3.96012e-022
748	37450	3.96012e-022
749	37500	2.81723e-022
750	37550	2.81723e-022
751	37600	2.81723e-022
752	37650	2.81723e-022
753	37700	2.72686e-022
754	37750	2.62603e-022
755	37800	2.62603e-022
756	37850	2.48711e-022
757	37900	2.45912e-022
758	37950	3.16887e-023
759	38000	3.16887e-023
760	38050	3.16887e-023
761	38100	3.16887e-023
762	38150	2.54831e-023
763	38200	2.54831e-023
764	38250	1.80706e-023
765	38300	1.48164e-023
766	38350	8.51399e-024
767	38400	7.16277e-024
768	38450	7.16277e-024
769	38500	7.16277e-024
770	38550	7.16277e-024
771	38600	7.16277e-024
772	38650	7.16277e-024
773	38700	7.16277e-024
774	38750	7.07834e-024
775	38800	7.07834e-024
776	38850	7.07834e-024
777	38900	7.07834e-024
778	38950	7.07834e-024
779	39000	7.07834e-024
780	39050	7.07834e-024
781	39100	6.33866e-024
782	39150	6.33866e-024
783	39200	6.33866e-024
784	39250	6.33866e-024
785	39300	6.33866e-024
786	39350	6.33866e-024
787	39400	6.33866e-024
788	39450	6.28657e-024
789	39500	6.28657e-024
790	39550	6.28657e-024
791	39600	6.28657e-024
792	39650	6.28657e-024
793	39700	6.28657e-024
794	39750	5.74932e-024
795	39800	5.17053e-024
796	39850	5.17053e-024
797	39900	3.82652e-024
798	39950	3.82652e-024
799	40000	3.82652e-024
800	40050	3.82652e-024
801	40100	3.47384e-024
802	40150	3.47384e-024
803	40200	1.63118e-024
804	40250	1.5717e-024
805	40300	1.54812e-024
806	40350	1.54812e-024
807	40400	1.54812e-024
808	40450	1.08337e-024
809	40500	1.05e-024
810	40550	9.6876e-025
811	40600	9.22364e-025
812	40650	7.94269e-025
813	40700	7.81452e-025
814	40750	7.81452e-025
815	40800	7.81452e-025
816	40850	3.84067e-025
817	40900	3.50586e-025
818	40950	3.50586e-025
819	41000	3.04634e-025
820	41050	3.04634e-025
821	41100	3.04634e-025
822	41150	3.04634e-025
823	41200	2.98835e-025
824	41250	2.98835e-025
825	41300	2.98835e-025
826	41350	2.98835e-025
827	41400	2.8763e-025
828	41450	2.8763e-025
829	41500	2.8763e-025
830	41550	2.62823e-025
831	41600	2.62823e-025
832	41650	2.12246e-025
833	41700	1.48996e-025
834	41750	1.47258e-025
835	41800	1.28054e-025
836	41850	1.01265e-025
837	41900	9.61442e-026
838	41950	8.51823e-026
839	42000	8.51823e-026
840	42050	6.44952e-026
841	42100	6.44952e-026
842	42150	5.70976e-026
843	42200	4.55394e-026
844	42250	4.55394e-026
845	42300	4.55394e-026
846	42350	4.09775e-026
847	42400	3.06671e-026
848	42450	3.06671e-026
849	42500	2.60391e-026
850	42550	2.39185e-026
851	42600	2.39185e-026
852	42650	2.39185e-026
853	42700	2.25811e-026
854	42750	2.24153e-026
855	42800	2.24153e-026
856	42850	2.24153e-026
857	42900	2.08418e-026
858	42950	2.08418e-026
859	43000	2.01102e-026
860	43050	1.98014e-026
861	43100	1.84651e-026
862	43150	1.8326e-026
863	43200	1.8326e-026
864	43250	1.8326e-026
865	43300	1.64648e-026
866	43350	9.12094e-027
867	43400	9.12094e-027
868	43450	9.12094e-027
869	43500	8.49561e-027
870	43550	7.65637e-027
871	43600	7.53647e-027
872	43650	7.41609e-027
873	43700	7.41609e-027
874	43750	5.3812e-027
875	43800	5.3812e-027
876	43850	5.22668e-027
877	43900	5.19932e-027
878	43950	5.19932e-027
879	44000	4.47375e-027
880	44050	4.47375e-027
881	44100	3.95935e-027
882	44150	3.95935e-027
883	44200	3.85076e-027
884	44250	3.82505e-027
885	44300	3.19067e-027
886	44350	3.02528e-027
887	44400	2.87462e-027
888	44450	2.75158e-027
889	44500	2.72725e-027
890	44550	2.71694e-027
891	44600	2.71694e-027
892	44650	1.63496e-027
893	44700	1.60893e-027
894	44750	1.60893e-027
895	44800	1.60893e-027
896	44850	1.0739e-027
897	44900	7.69068e-028
898	44950	5.78483e-028
899	45000	5.44903e-028
900	45050	5.44903e-028
901	45100	5.44903e-028
902	45150	5.44903e-028
903	45200	5.44903e-028
904	45250	5.44903e-028
905	45300	4.51089e-028
906	45350	3.64744e-028
907	45400	3.36279e-028
908	45450	3.36279e-028
909	45500	3.35609e-028
910	45550	3.3011e-028
911	45600	3.3011e-028
912	45650	3.18652e-028
913	45700	9.1568e-029
914	45750	9.1568e-029
915	45800	6.53177e-029
916	45850	6.53177e-029
917	45900	6.53177e-029
918	45950	5.84774e-029
919	46000	5.84774e-029
920	46050	5.84774e-029
921	46100	5.84774e-029
922	46150	5.65651e-029
923	46200	5.03573e-029
924	46250	5.03573e-029
925	46300	5.03573e-029
926	46350	5.03573e-029
927	46400	4.79504e-029
928	46450	4.79504e-029
929	46500	4.22485e-029
930	46550	4.22485e-029
931	46600	4.22485e-029
932	46650	4.21535e-029
933	46700	3.05367e-029
934	46750	2.35095e-029
935	46800	2.35095e-029
936	46850	2.35095e-029
937	46900	2.35095e-029
938	46950	2.35095e-029
939	47000	2.35095e-029
940	47050	1.40679e-029
941	47100	1.40679e-029
942	47150	1.32159e-029
943	47200	1.32159e-029
944	47250	1.32159e-029
945	47300	1.24701e-029
946	47350	1.24701e-029
947	47400	1.24701e-029
948	47450	4.45941e-030
949	47500	3.96277e-030
950	47550	3.94399e-030
951	47600	2.1722e-030
952	47650	2.1722e-030
953	47700	2.1722e-030
954	47750	2.1722e-030
955	47800	2.1722e-030
956	47850	2.15326e-030
957	47900	2.04934e-030
958	47950	2.04934e-030
959	48000	2.04934e-030
960	48050	2.04934e-030
961	48100	1.56027e-030
962	48150	1.56027e-030
963	48200	1.56027e-030
964	48250	1.56027e-030
965	48300	1.56027e-030
966	48350	1.5429e-030
967	48400	1.40956e-030
968	48450	1.39282e-030
969	48500	6.63485e-031
970	48550	6.63485e-031
971	48600	6.63485e-031
972	48650	6.01982e-031
973	48700	6.01982e-031
974	48750	5.97289e-031
975	48800	5.67028e-031
976	48850	5.67028e-031
977	48900	5.67028e-031
978	48950	5.6095e-031
979	49000	5.6095e-031
980	49050	5.48087e-031
981	49100	5.48087e-031
982	49150	5.48087e-031
983	49200	4.61085e-031
984	49250	1.72198e-031
985	49300	1.13464e-031
986	49350	1.12567e-031
987	49400	1.10876e-031
988	49450	1.09844e-031
989	49500	1.09844e-031
990	49550	1.09844e-031
991	49600	1.09844e-031
992	49650	1.09844e-031
993	49700	1.09844e-031
994	49750	1.09844e-031
995	49800	9.86766e-032
996	49850	8.8533e-032
997	49900	8.8533e-032
998	49950	8.03398e-032
999	50000	7.53543e-032
1000	50050	2.23194e-032
1001	50100	2.23194e-032
1002	50150	1.72843e-032
1003	50200	1.72843e-032
1004	50250	6.87995e-033
1005	50300	6.87995e-033
1006	50350	6.87995e-033
1007	50400	6.87995e-033
1008	50450	6.87995e-033
1009	50500	6.86288e-033
1010	50550	6.86288e-033
1011	50600	6.86288e-033
1012	50650	6.86288e-033
1013	50700	6.783e-033
1014	50750	6.783e-033
1015	50800	6.783e-033
1016	50850	4.73001e-033
1017	50900	4.68763e-033
1018	50950	4.68763e-033
1019	51000	4.68763e-033
1020	51050	4.68763e-033
1021	51100	4.68763e-033
1022	51150	3.59502e-033
1023	51200	2.44613e-033
1024	51250	2.44613e-033
1025	51300	2.44613e-033
1026	51350	2.44613e-033
1027	51400	2.44613e-033
1028	51450	2.44613e-033
1029	51500	2.44613e-033
1030	51550	1.9247e-033
1031	51600	1.76987e-033
1032	51650	1.76987e-033
1033	51700	1.76987e-033
1034	51750	1.75763e-033
1035	51800	1.40662e-033
1036	51850	1.40662e-033
1037	51900	1.32876e-033
1038	51950	9.14376e-034
1039	52000	8.58292e-034
1040	52050	8.58292e-034
1041	52100	8.33746e-034
1042	52150	8.27546e-034
1043	52200	7.39447e-034
1044	52250	6.78571e-034
1045	52300	3.24945e-034
1046	52350	2.85986e-034
1047	52400	2.85986e-034
1048	52450	2.79763e-034
1049	52500	2.46644e-034
1050	52550	2.46644e-034
1051	52600	8.51e-035
1052	52650	8.51e-035
1053	52700	8.51e-035
1054	52750	7.51112e-035
1055	52800	7.51112e-035
1056	52850	7.51112e-035
1057	52900	7.51112e-035
1058	52950	7.51112e-035
1059	53000	7.51112e-035
1060	53050	7.40917e-035
1061	53100	7.40917e-035
1062	53150	5.71568e-035
1063	53200	5.71568e-035
1064	53250	4.74492e-035
1065	53300	4.74492e-035
1066	53350	4.74492e-035
1067	53400	4.74492e-035
1068	53450	4.74492e-035
1069	53500	4.33712e-035
1070	53550	4.29209e-035
1071	53600	4.25922e-035
1072	53650	4.25922e-035
1073	53700	4.25922e-035
1074	53750	1.27794e-035
1075	53800	1.27794e-035
1076	53850	8.60342e-036
1077	53900	8.60342e-036
1078	53950	7.8675e-036
1079	54000	7.23808e-036
1080	54050	6.18177e-036
1081	54100	6.18177e-036
1082	54150	6.18177e-036
1083	54200	5.505e-036
1084	54250	3.56187e-036
1085	54300	3.56187e-036
1086	54350	3.56187e-036
1087	54400	3.56187e-036
1088	54450	3.56187e-036
1089	54500	2.1985e-036
1090	54550	2.1985e-036
1091	54600	1.74006e-036
1092	54650	1.74006e-036
1093	54700	1.74006e-036
1094	54750	1.74006e-036
1095	54800	1.74006e-036
1096	54850	1.74006e-036
1097	54900	1.74006e-036
1098	54950	1.67692e-036
1099	55000	1.30647e-036
1100	55050	1.30647e-036
1101	55100	1.30647e-036
1102	55150	1.30647e-036
1103	55200	1.30248e-036
1104	55250	1.29856e-036
1105	55300	7.94551e-037
1106	55350	7.52295e-037
1107	55400	7.52295e-037
1108	55450	7.52295e-037
1109	55500	4.54583e-037
1110	55550	4.54583e-037
1111	55600	4.08181e-037
1112	55650	4.08181e-037
1113	55700	3.11461e-037
1114	55750	1.8312e-037
1115	55800	1.64086e-037
1116	55850	1.58813e-037
1117	55900	1.58813e-037
1118	55950	1.36698e-037
1119	56000	1.00445e-037
1120	56050	1.00445e-037
1121	56100	1.00445e-037
1122	56150	1.00445e-037
1123	56200	1.00445e-037
1124	56250	9.43708e-038
1125	56300	8.70446e-038
1126	56350	8.70446e-038
1127	56400	8.70446e-038
1128	56450	8.61339e-038
1129	56500	8.61339e-038
1130	56550	7.39851e-038
1131	56600	6.57346e-038
1132	56650	6.57346e-038
1133	56700	6.57346e-038
1134	56750	6.57346e-038
1135	56800	6.57346e-038
1136	56850	6.57346e-038
1137	56900	6.57346e-038
1138	56950	6.57346e-038
1139	57000	6.57346e-038
1140	57050	5.98255e-038
1141	57100	5.97843e-038
1142	57150	5.97843e-038
1143	57200	3.10084e-038
1144	57250	2.67703e-038
1145	57300	2.66129e-038
1146	57350	2.66078e-038
1147	57400	2.01391e-038
1148	57450	2.01119e-038
1149	57500	1.77094e-038
1150	57550	1.77094e-038
1151	57600	1.77094e-038
1152	57650	1.77094e-038
1153	57700	1.60017e-038
1154	57750	1.60017e-038
1155	57800	1.60017e-038
1156	57850	1.60017e-038
1157	57900	1.12739e-038
1158	57950	1.12739e-038
1159	58000	3.90943e-039
1160	58050	3.90943e-039
1161	58100	3.82652e-039
1162	58150	3.36605e-039
1163	58200	3.36605e-039
1164	58250	3.30944e-039
1165	58300	3.15552e-039
1166	58350	2.91199e-039
1167	58400	2.88324e-039
1168	58450	2.88324e-039
1169	58500	2.88324e-039
1170	58550	2.82178e-039
1171	58600	2.80166e-039
1172	58650	2.80166e-039
1173	58700	2.50548e-039
1174	58750	2.49108e-039
1175	58800	2.49108e-039
1176	58850	6.53583e-040
1177	58900	6.53583e-040
1178	58950	6.12429e-040
1179	59000	5.86394e-040
1180	59050	5.86394e-040
1181	59100	5.86394e-040
1182	59150	2.49863e-040
1183	59200	2.15315e-040
1184	59250	2.11942e-040
1185	59300	2.11942e-040
1186	59350	1.87267e-040
1187	59400	1.87267e-040
1188	59450	1.87267e-040
1189	59500	1.87267e-040
1190	59550	1.44268e-040
1191	59600	1.44268e-040
1192	59650	1.27157e-040
1193	59700	1.27157e-040
1194	59750	5.93424e-041
1195	59800	5.93424e-041
1196	59850	5.93424e-041
1197	59900	5.93424e-041
1198	59950	5.93424e-041
1199	60000	5.93424e-041
1200	60050	5.80589e-041
1201	60100	5.79023e-041
1202	60150	5.44869e-041
1203	60200	5.44869e-041
1204	60250	5.35384e-041
1205	60300	3.91484e-041
1206	60350	2.90475e-041
1207	60400	2.90475e-041
1208	60450	2.90475e-041
1209	60500	2.39726e-041
1210	60550	2.35723e-041
1211	60600	1.92122e-041
1212	60650	1.1171e-041
1213	60700	1.1171e-041
1214	60750	1.09079e-041
1215	60800	7.5366e-042
1216	60850	7.5366e-042
1217	60900	7.5366e-042
1218	60950	7.5366e-042
1219	61000	7.5366e-042
1220	61050	7.5366e-042
1221	61100	7.5366e-042
1222	61150	7.5366e-042
1223	61200	7.10356e-042
1224	61250	7.10356e-042
1225	61300	7.10356e-042
1226	61350	7.04462e-042
1227	61400	5.01128e-042
1228	61450	1.5081e-042
1229	61500	1.5081e-042
1230	61550	1.11767e-042
1231	61600	1.11767e-042
1232	61650	1.06418e-042
1233	61700	1.06418e-042
1234	61750	1.06418e-042
1235	61800	1.02789e-042
1236	61850	1.02789e-042
1237	61900	7.65192e-043
1238	61950	7.59625e-043
1239	62000	7.59625e-043
1240	62050	7.59625e-043
1241	62100	7.59625e-043
1242	62150	7.47719e-043
1243	62200	7.47719e-043
1244	62250	7.47719e-043
1245	62300	6.83874e-043
1246	62350	6.83874e-043
1247	62400	6.83874e-043
1248	62450	6.83874e-043
1249	62500	6.83874e-043
1250	62550	6.83874e-043
1251	62600	6.42852e-043
1252	62650	6.42852e-043
1253	62700	6.42852e-043
1254	62750	4.97659e-043
1255	62800	4.29174e-043
1256	62850	4.29174e-043
1257	62900	4.29174e-043
1258	62950	4.29174e-043
1259	63000	4.03513e-043
1260	63050	1.38488e-043
1261	63100	1.36791e-043
1262	63150	1.24575e-043
1263	63200	1.24575e-043
1264	63250	1.24575e-043
1265	63300	1.24575e-043
1266	63350	4.70273e-044
1267	63400	4.70273e-044
1268	63450	4.70273e-044
1269	63500	4.70273e-044
1270	63550	4.01577e-044
1271	63600	1.95178e-044
1272	63650	1.95178e-044
1273	63700	1.95178e-044
1274	63750	1.66158e-044
1275	63800	1.66158e-044
1276	63850	1.66158e-044
1277	63900	1.66158e-044
1278	63950	1.66158e-044
1279	64000	1.58355e-044
1280	64050	9.01991e-045
1281	64100	9.01991e-045
1282	64150	8.99049e-045
1283	64200	8.99049e-045
1284	64250	8.99049e-045
1285	64300	8.99049e-045
1286	64350	8.99049e-045
1287	64400	8.99049e-045
1288	64450	8.73103e-045
1289	64500	8.73103e-045
1290	64550	8.73103e-045
1291	64600	8.70317e-045
1292	64650	8.57745e-045
1293	64700	8.26906e-045
1294	64750	8.08578e-045
1295	64800	8.08578e-045
1296	64850	8.08578e-045
1297	64900	8.08578e-045
1298	64950	8.08578e-045
1299	65000	7.49885e-045
1300	65050	4.44376e-045
1301	65100	4.44376e-045
1302	65150	4.44376e-045
1303	65200	2.48412e-045
1304	65250	2.48412e-045
1305	65300	2.48412e-045
1306	65350	2.40869e-045
1307	65400	1.97462e-045
1308	65450	1.96823e-045
1309	65500	1.96823e-045
1310	65550	1.96823e-045
1311	65600	1.96823e-045
1312	65650	1.96823e-045
1313	65700	1.91875e-045
1314	65750	1.91875e-045
1315	65800	1.91875e-045
1316	65850	1.74283e-045
1317	65900	1.74283e-045
1318	65950	1.74283e-045
1319	66000	1.5726e-045
1320	66050	1.5726e-045
1321	66100	1.5726e-045
1322	66150	7.02992e-046
1323	66200	2.08994e-046
1324	66250	2.08994e-046
1325	66300	2.08994e-046
1326	66350	1.7967e-046
1327	66400	1.7967e-046
1328	66450	1.7967e-046
1329	66500	1.7967e-046
1330	66550	1.39225e-046
1331	66600	1.39225e-046
1332	66650	1.39225e-046
1333	66700	1.39225e-046
1334	66750	1.39225e-046
1335	66800	8.32383e-047
1336	66850	8.09572e-047
1337	66900	8.09572e-047
1338	66950	8.09572e-047
1339	67000	8.09572e-047
1340	67050	7.99003e-047
1341	67100	4.70113e-047
1342	67150	3.45438e-047
1343	67200	3.45438e-047
1344	67250	3.45438e-047
1345	67300	3.45274e-047
1346	67350	2.1328e-047
1347	67400	2.1328e-047
1348	67450	1.21421e-047
1349	67500	1.21421e-047
1350	67550	1.21421e-047
1351	67600	1.20861e-047
1352	67650	1.20861e-047
1353	67700	8.71745e-048
1354	67750	8.71745e-048
1355	67800	8.71745e-048
1356	67850	8.71745e-048
1357	67900	5.47811e-048
1358	67950	5.47811e-048
1359	68000	4.9901e-048
1360	68050	4.75041e-048
1361	68100	2.52806e-048
1362	68150	2.52806e-048
1363	68200	2.00747e-048
1364	68250	1.67059e-048
1365	68300	1.67059e-048
1366	68350	1.67059e-048
1367	68400	1.67059e-048
1368	68450	1.66217e-048
1369	68500	1.66217e-048
1370	68550	1.66217e-048
1371	68600	1.66217e-048
1372	68650	1.66217e-048
1373	68700	1.66217e-048
1374	68750	1.66217e-048
1375	68800	1.42279e-048
1376	68850	1.17775e-048
1377	68900	9.2257e-049
1378	68950	9.2257e-049
1379	69000	9.2257e-049
1380	69050	9.2257e-049
1381	69100	9.2257e-049
1382	69150	5.1805e-049
1383	69200	5.1805e-049
1384	69250	4.21912e-049
1385	69300	4.19885e-049
1386	69350	2.5115e-049
1387	69400	2.5115e-049
1388	69450	2.15462e-049
1389	69500	2.08745e-049
1390	69550	2.08745e-049
1391	69600	2.08745e-049
1392	69650	2.08745e-049
1393	69700	2.08745e-049
1394	69750	1.15232e-049
1395	69800	1.15232e-049
1396	69850	1.12585e-049
1397	69900	7.78492e-050
1398	69950	7.78492e-050
1399	70000	7.78492e-050
1400	70050	7.78492e-050
1401	70100	7.78492e-050
1402	70150	7.78259e-050
1403	70200	5.82512e-050
1404	70250	5.82512e-050
1405	70300	5.82512e-050
1406	70350	5.82512e-050
1407	70400	3.89155e-050
1408	70450	3.89155e-050
1409	70500	3.89155e-050
1410	70550	3.37742e-050
1411	70600	3.37742e-050
1412	70650	3.37742e-050
1413	70700	2.09686e-050
1414	70750	2.09686e-050
1415	70800	2.09686e-050
1416	70850	2.09686e-050
1417	70900	2.09686e-050
1418	70950	2.07785e-050
1419	71000	1.96958e-050
1420	71050	1.96958e-050
1421	71100	1.92223e-050
1422	71150	1.88827e-050
1423	71200	1.88827e-050
1424	71250	1.88827e-050
1425	71300	1.88827e-050
1426	71350	1.88827e-050
1427	71400	1.87486e-050
1428	71450	1.87486e-050
1429	71500	1.87486e-050
1430	71550	1.87486e-050
1431	71600	1.87486e-050
1432	71650	1.75844e-050
1433	71700	1.17232e-050
1434	71750	3.50203e-051
1435	71800	3.50203e-051
1436	71850	3.45488e-051
1437	71900	3.45488e-051
1438	71950	2.33822e-051
1439	72000	2.33822e-051
1440	72050	6.52331e-052
1441	72100	6.52331e-052
1442	72150	6.52331e-052
1443	72200	5.14339e-052
1444	72250	5.14339e-052
1445	72300	5.14339e-052
1446	72350	5.14339e-052
1447	72400	5.14339e-052
1448	72450	3.24229e-052
1449	72500	3.24229e-052
1450	72550	2.54675e-052
1451	72600	2.54675e-052
1452	72650	2.24436e-052
1453	72700	2.24436e-052
1454	72750	2.24436e-052
1455	72800	1.88941e-052
1456	72850	1.88941e-052
1457	72900	1.51058e-052
1458	72950	6.69735e-053
1459	73000	6.69735e-053
1460	73050	6.69735e-053
1461	73100	6.69735e-053
1462	73150	6.35637e-053
1463	73200	6.35637e-053
1464	73250	6.35637e-053
1465	73300	6.35637e-053
1466	73350	6.35637e-053
1467	73400	4.96218e-053
1468	73450	4.96218e-053
1469	73500	4.96218e-053
1470	73550	4.96218e-053
1471	73600	4.96218e-053
1472	73650	4.55504e-053
1473	73700	4.55504e-053
1474	73750	4.55504e-053
1475	73800	4.55504e-053
1476	73850	4.01748e-053
1477	73900	4.01748e-053
1478	73950	3.22554e-053
1479	74000	3.22554e-053
1480	74050	3.22554e-053
1481	74100	3.22554e-053
1482	74150	3.19456e-053
1483	74200	3.19456e-053
1484	74250	3.19456e-053
1485	74300	1.23839e-053
1486	74350	1.23839e-053
1487	74400	1.23839e-053
1488	74450	1.1394e-053
1489	74500	1.1394e-053
1490	74550	1.1394e-053
1491	74600	1.05357e-053
1492	74650	1.05357e-053
1493	74700	1.05357e-053
1494	74750	1.05357e-053
1495	74800	1.04415e-053
1496	74850	1.04415e-053
1497	74900	1.04415e-053
1498	74950	1.04415e-053
1499	75000	1.04415e-053
1500	75050	1.04415e-053
1501	75100	1.04415e-053
1502	75150	9.86045e-054
1503	75200	9.86045e-054
1504	75250	8.79789e-054
1505	75300	8.6884e-054
1506	75350	8.08375e-054
1507	75400	8.08375e-054
1508	75450	8.08375e-054
1509	75500	8.08375e-054
1510	75550	8.08375e-054
1511	75600	8.08375e-054
1512	75650	7.60632e-054
1513	75700	7.53916e-054
1514	75750	7.33634e-054
1515	75800	7.33634e-054
1516	75850	7.22091e-054
1517	75900	7.22091e-054
1518	75950	7.10586e-054
1519	76000	7.10586e-054
1520	76050	6.88682e-054
1521	76100	2.84247e-054
1522	76150	1.39779e-054
1523	76200	1.37199e-054
1524	76250	4.87859e-055
1525	76300	4.87859e-055
1526	76350	2.05142e-055
1527	76400	1.98062e-055
1528	76450	1.94366e-055
1529	76500	1.92738e-055
1530	76550	1.92738e-055
1531	76600	1.91702e-055
1532	76650	1.91702e-055
1533	76700	1.65154e-055
1534	76750	9.61843e-056
1535	76800	9.61169e-056
1536	76850	8.2102e-056
1537	76900	8.2102e-056
1538	76950	6.74794e-056
1539	77000	6.74794e-056
1540	77050	6.74794e-056
1541	77100	2.00596e-056
1542	77150	2.00596e-056
1543	77200	2.00596e-056
1544	77250	2.00596e-056
1545	77300	2.00596e-056
1546	77350	2.00596e-056
1547	77400	1.79107e-056
1548	77450	1.79107e-056
1549	77500	1.40401e-056
1550	77550	1.38027e-056
1551	77600	1.38027e-056
1552	77650	1.38027e-056
1553	77700	1.38027e-056
1554	77750	1.38027e-056
1555	77800	1.38027e-056
1556	77850	1.38027e-056
1557	77900	1.38027e-056
1558	77950	1.38027e-056
1559	78000	1.34327e-056
1560	78050	1.33695e-056
1561	78100	1.33415e-056
1562	78150	5.84486e-057
1563	78200	5.56319e-057
1564	78250	5.56319e-057
1565	78300	5.56319e-057
1566	78350	2.57734e-057
1567	78400	2.55947e-057
1568	78450	2.55947e-057
1569	78500	2.55947e-057
1570	78550	2.53143e-057
1571	78600	2.53143e-057
1572	78650	2.38541e-057
1573	78700	2.38541e-057
1574	78750	2.38541e-057
1575	78800	2.34644e-057
1576	78850	2.34644e-057
1577	78900	2.34644e-057
1578	78950	2.34644e-057
1579	79000	2.04359e-057
1580	79050	2.04359e-057
1581	79100	2.04359e-057
1582	79150	2.04359e-057
1583	79200	1.91436e-057
1584	79250	1.91436e-057
1585	79300	1.86569e-057
1586	79350	1.67982e-057
1587	79400	5.13832e-058
1588	79450	5.13832e-058
1589	79500	5.13832e-058
1590	79550	5.06579e-058
1591	79600	5.04654e-058
1592	79650	3.08659e-058
1593	79700	3.08659e-058
1594	79750	2.22932e-058
1595	79800	1.77871e-058
1596	79850	1.77871e-058
1597	79900	1.77871e-058
1598	79950	1.77871e-058
1599	80000	1.77871e-058
1600	80050	8.98404e-059
1601	80100	8.98404e-059
1602	80150	7.92171e-059
1603	80200	7.92171e-059
1604	80250	7.90234e-059
1605	80300	7.90234e-059
1606	80350	7.4873e-059
1607	80400	6.73568e-059
1608	80450	6.73568e-059
1609	80500	6.73568e-059
1610	80550	6.73568e-059
1611	80600	2.73521e-059
1612	80650	2.73521e-059
1613	80700	2.49648e-059
1614	80750	2.49648e-059
1615	80800	2.49648e-059
1616	80850	2.49648e-059
1617	80900	2.49648e-059
1618	80950	2.49648e-059
1619	81000	2.49648e-059
1620	81050	2.49648e-059
1621	81100	2.49648e-059
1622	81150	2.49648e-059
1623	81200	2.43012e-059
1624	81250	2.42285e-059
1625	81300	2.42285e-059
1626	81350	2.42285e-059
1627	81400	2.24053e-059
1628	81450	1.7206e-059
1629	81500	1.7206e-059
1630	81550	1.7206e-059
1631	81600	9.48998e-060
1632	81650	5.02335e-060
1633	81700	1.49913e-060
1634	81750	1.49913e-060
1635	81800	1.49913e-060
1636	81850	1.49913e-060
1637	81900	1.10162e-060
1638	81950	1.10162e-060
1639	82000	1.10162e-060
1640	82050	1.10162e-060
1641	82100	1.08382e-060
1642	82150	8.46389e-061
1643	82200	8.46389e-061
1644	82250	8.4538e-061
1645	82300	8.4538e-061
1646	82350	8.08502e-061
1647	82400	8.08502e-061
1648	82450	5.69748e-061
1649	82500	5.69748e-061
1650	82550	4.01996e-061
1651	82600	3.82525e-061
1652	82650	3.62197e-061
1653	82700	3.62197e-061
1654	82750	3.02662e-061
1655	82800	2.90222e-061
1656	82850	2.90222e-061
1657	82900	2.28885e-061
1658	82950	2.28885e-061
1659	83000	2.28885e-061
1660	83050	2.28885e-061
1661	83100	2.2224e-061
1662	83150	9.85228e-062
1663	83200	9.85228e-062
1664	83250	9.85228e-062
1665	83300	9.85228e-062
1666	83350	9.85228e-062
1667	83400	7.44764e-062
1668	83450	7.44764e-062
1669	83500	7.44764e-062
1670	83550	7.44764e-062
1671	83600	7.44764e-062
1672	83650	6.4535e-062
1673	83700	6.4535e-062
1674	83750	6.4535e-062
1675	83800	2.95927e-062
1676	83850	2.25266e-062
1677	83900	2.25266e-062
1678	83950	2.25266e-062
1679	84000	1.38369e-062
1680	84050	1.38369e-062
1681	84100	1.38369e-062
1682	84150	1.28223e-062
1683	84200	8.56582e-063
1684	84250	8.56582e-063
1685	84300	8.28637e-063
1686	84350	8.14792e-063
1687	84400	8.14792e-063
1688	84450	8.14792e-063
1689	84500	7.38479e-063
1690	84550	7.38479e-063
1691	84600	6.32942e-063
1692	84650	6.32942e-063
1693	84700	6.32942e-063
1694	84750	6.32942e-063
1695	84800	6.32942e-063
1696	84850	6.32942e-063
1697	84900	6.32942e-063
1698	84950	5.49601e-063
1699	85000	5.49601e-063
1700	85050	5.49601e-063
1701	85100	5.49601e-063
1702	85150	5.49601e-063
1703	85200	2.56991e-063
1704	85250	2.56991e-063
1705	85300	2.10985e-063
1706	85350	1.99967e-063
1707	85400	1.99967e-063
1708	85450	1.99967e-063
1709	85500	1.99967e-063
1710	85550	9.66883e-064
1711	85600	9.66883e-064
1712	85650	7.26662e-064
1713	85700	7.26662e-064
1714	85750	7.26662e-064
1715	85800	7.26662e-064
1716	85850	7.12291e-064
1717	85900	7.12291e-064
1718	85950	1.80239e-064
1719	86000	1.80239e-064
1720	86050	1.80239e-064
1721	86100	1.80239e-064
1722	86150	1.80239e-064
1723	86200	1.80239e-064
1724	86250	1.80239e-064
1725	86300	1.80239e-064
1726	86350	1.47835e-064
1727	86400	1.47835e-064
1728	86450	1.47835e-064
1729	86500	1.47835e-064
1730	86550	1.31181e-064
1731	86600	1.04891e-064
1732	86650	1.04891e-064
1733	86700	1.04891e-064
1734	86750	1.04891e-064
1735	86800	1.04891e-064
1736	86850	1.04891e-064
1737	86900	1.04891e-064
1738	86950	1.03386e-064
1739	87000	1.02644e-064
1740	87050	1.02644e-064
1741	87100	1.87774e-065
1742	87150	1.87774e-065
1743	87200	1.87774e-065
1744	87250	1.87774e-065
1745	87300	1.87774e-065
1746	87350	1.87774e-065
1747	87400	1.87774e-065
1748	87450	1.87774e-065
1749	87500	1.87774e-065
1750	87550	1.87774e-065
1751	87600	1.87459e-065
1752	87650	1.87459e-065
1753	87700	1.87459e-065
1754	87750	1.82712e-065
1755	87800	1.82712e-065
1756	87850	1.74609e-065
1757	87900	1.54828e-065
1758	87950	1.47789e-065
1759	88000	1.40766e-065
1760	88050	1.40766e-065
1761	88100	5.301e-066
1762	88150	5.301e-066
1763	88200	5.21514e-066
1764	88250	5.21514e-066
1765	88300	3.83427e-066
1766	88350	3.83427e-066
1767	88400	3.04585e-066
1768	88450	3.04585e-066
1769	88500	3.04585e-066
1770	88550	2.89505e-066
1771	88600	2.89505e-066
1772	88650	2.89505e-066
1773	88700	2.7324e-066
1774	88750	1.48093e-066
1775	88800	9.55209e-067
1776	88850	7.07113e-067
1777	88900	7.07113e-067
1778	88950	7.07113e-067
1779	89000	7.07113e-067
1780	89050	3.66505e-067
1781	89100	3.66505e-067
1782	89150	3.66505e-067
1783	89200	3.66505e-067
1784	89250	3.66505e-067
1785	89300	3.66505e-067
1786	89350	2.7069e-067
1787	89400	2.7069e-067
1788	89450	2.7069e-067
1789	89500	2.32604e-067
1790	89550	2.25304e-067
1791	89600	1.95469e-067
1792	89650	1.95469e-067
1793	89700	1.95469e-067
1794	89750	3.23545e-068
1795	89800	3.23545e-068
1796	89850	3.23545e-068
1797	89900	3.23545e-068
1798	89950	2.97499e-068
1799	90000	2.97499e-068
1800	90050	2.97499e-068
1801	90100	2.97499e-068
1802	90150	2.97499e-068
1803	90200	2.97499e-068
1804	90250	2.66533e-068
1805	90300	2.66533e-068
1806	90350	2.66533e-068
1807	90400	2.66533e-068
1808	90450	2.66533e-068
1809	90500	2.66533e-068
1810	90550	2.66533e-068
1811	90600	2.66533e-068
1812	90650	2.66533e-068
1813	90700	2.52128e-068
1814	90750	2.52128e-068
1815	90800	2.52128e-068
1816	90850	2.44023e-068
1817	90900	1.91022e-068
1818	90950	1.91022e-068
1819	91000	1.45015e-068
1820	91050	1.45015e-068
1821	91100	1.45015e-068
1822	91150	1.45015e-068
1823	91200	1.40663e-068
1824	91250	3.40332e-069
1825	91300	3.40332e-069
1826	91350	1.77573e-069
1827	91400	1.77573e-069
1828	91450	1.77573e-069
1829	91500	1.77573e-069
1830	91550	1.77573e-069
1831	91600	1.77573e-069
1832	91650	1.77573e-069
1833	91700	1.77573e-069
1834	91750	1.77573e-069
1835	91800	1.73474e-069
1836	91850	1.73474e-069
1837	91900	1.73474e-069
1838	91950	1.42639e-069
1839	92000	1.42639e-069
1840	92050	1.42639e-069
1841	92100	1.42639e-069
1842	92150	1.42639e-069
1843	92200	1.42639e-069
1844	92250	1.41483e-069
1845	92300	1.41483e-069
1846	92350	1.41483e-069
1847	92400	1.41483e-069
1848	92450	1.41483e-069
1849	92500	1.37673e-069
1850	92550	1.37673e-069
1851	92600	1.35718e-069
1852	92650	1.35056e-069
1853	92700	5.02198e-070
1854	92750	5.02198e-070
1855	92800	5.02198e-070
1856	92850	4.94618e-070
1857	92900	4.94618e-070
1858	92950	4.89093e-070
1859	93000	4.89093e-070
1860	93050	4.89093e-070
1861	93100	4.77207e-070
1862	93150	4.77207e-070
1863	93200	1.23305e-070
1864	93250	1.22361e-070
1865	93300	1.1333e-070
1866	93350	1.03272e-070
1867	93400	1.03272e-070
1868	93450	1.03272e-070
1869	93500	9.17102e-071
1870	93550	9.17102e-071
1871	93600	9.17102e-071
1872	93650	9.17102e-071
1873	93700	9.17102e-071
1874	93750	9.17102e-071
1875	93800	7.92445e-071
1876	93850	7.92445e-071
1877	93900	3.79768e-071
1878	93950	2.47547e-071
1879	94000	2.47547e-071
1880	94050	1.82333e-071
1881	94100	1.80199e-071
1882	94150	1.79989e-071
1883	94200	1.79989e-071
1884	94250	1.28862e-071
1885	94300	1.28862e-071
1886	94350	1.28862e-071
1887	94400	1.28846e-071
1888	94450	1.28846e-071
1889	94500	1.21286e-071
1890	94550	1.05376e-071
1891	94600	9.58257e-072
1892	94650	9.58257e-072
1893	94700	9.02545e-072
1894	94750	9.02545e-072
1895	94800	9.02545e-072
1896	94850	9.02343e-072
1897	94900	9.02343e-072
1898	94950	1.54671e-072
1899	95000	1.54671e-072
1900	95050	5.32098e-073
1901	95100	5.32098e-073
1902	95150	4.28067e-073
1903	95200	4.28067e-073
1904	95250	4.28067e-073
1905	95300	4.23102e-073
1906	95350	4.23102e-073
1907	95400	4.23102e-073
1908	95450	3.60339e-073
1909	95500	3.60339e-073
1910	95550	3.39652e-073
1911	95600	3.13082e-073
1912	95650	3.065e-073
1913	95700	2.15745e-073
1914	95750	2.15745e-073
1915	95800	2.12246e-073
1916	95850	2.12246e-073
1917	95900	2.12246e-073
1918	95950	1.98624e-073
1919	96000	1.98624e-073
1920	96050	1.98624e-073
1921	96100	1.98624e-073
1922	96150	1.98624e-073
1923	96200	1.98624e-073
1924	96250	1.91722e-073
1925	96300	1.90394e-073
1926	96350	1.90394e-073
1927	96400	1.8187e-073
1928	96450	1.8187e-073
1929	96500	1.8187e-073
1930	96550	1.761e-073
1931	96600	1.761e-073
1932	96650	1.761e-073
1933	96700	1.761e-073
1934	96750	6.86506e-074
1935	96800	6.86506e-074
1936	96850	6.86506e-074
1937	96900	6.77193e-074
1938	96950	6.77193e-074
1939	97000	6.66989e-074
1940	97050	4.80954e-074
1941	97100	4.32003e-074
1942	97150	4.32003e-074
1943	97200	4.32003e-074
1944	97250	4.32003e-074
1945	97300	4.12174e-074
1946	97350	4.12174e-074
1947	97400	4.01848e-074
1948	97450	3.72701e-074
1949	97500	3.72701e-074
1950	97550	3.72701e-074
1951	97600	3.6514e-074
1952	97650	3.6514e-074
1953	97700	3.6509e-074
1954	97750	3.59387e-074
1955	97800	3.59387e-074
1956	97850	3.59387e-074
1957	97900	9.95261e-075
1958	97950	9.95261e-075
1959	98000	8.86806e-075
1960	98050	8.86806e-075
1961	98100	8.86806e-075
1962	98150	8.86806e-075
1963	98200	4.56463e-075
1964	98250	4.56463e-075
1965	98300	3.29279e-075
1966	98350	3.29279e-075
1967	98400	1.48998e-075
1968	98450	1.48998e-075
1969	98500	1.36459e-075
1970	98550	1.36459e-075
1971	98600	1.36439e-075
1972	98650	1.36439e-075
1973	98700	5.13304e-076
1974	98750	5.11855e-076
1975	98800	5.06961e-076
1976	98850	3.63204e-076
1977	98900	3.63204e-076
1978	98950	3.63204e-076
1979	99000	3.63204e-076
1980	99050	3.45725e-076
1981	99100	3.38776e-076
1982	99150	2.82789e-076
1983	99200	2.82789e-076
1984	99250	2.08277e-076
1985	99300	2.08277e-076
1986	99350	2.08277e-076
1987	99400	1.66913e-076
1988	99450	1.66913e-076
1989	99500	1.62523e-076
1990	99550	1.59423e-076
1991	99600	1.59423e-076
1992	99650	1.59423e-076
1993	99700	1.59423e-076
1994	99750	1.59423e-076
1995	99800	1.59423e-076
1996	99850	1.56387e-076
1997	99900	1.56387e-076
1998	99950	1.56387e-076
1999	100000	1.39723e-076
2000	100050	1.39723e-076
