1	100	0
2	150	1337.78
3	200	1337.78
4	250	1127.03
5	300	1127.03
6	350	1011.83
7	400	1011.83
8	450	1011.83
9	500	1011.83
10	550	738.872
11	600	738.872
12	650	721.94
13	700	721.94
14	750	721.94
15	800	714.593
16	850	714.593
17	900	659.143
18	950	540.658
19	1000	484.958
20	1050	451.404
21	1100	451.404
22	1150	451.404
23	1200	451.404
24	1250	451.404
25	1300	345.701
26	1350	345.701
27	1400	345.701
28	1450	261.937
29	1500	261.937
30	1550	255.542
31	1600	255.542
32	1650	255.542
33	1700	255.542
34	1750	244.969
35	1800	244.969
36	1850	242.321
37	1900	237.653
38	1950	231.962
39	2000	200.78
40	2050	200.78
41	2100	190.394
42	2150	190.394
43	2200	181.647
44	2250	180.765
45	2300	164.996
46	2350	164.996
47	2400	131.121
48	2450	124.661
49	2500	75.235
50	2550	75.235
51	2600	60.2197
52	2650	60.2197
53	2700	60.2197
54	2750	60.2197
55	2800	46.6657
56	2850	46.6657
57	2900	46.6657
58	2950	46.6657
59	3000	10.9661
60	3050	10.9661
61	3100	10.9661
62	3150	10.9661
63	3200	10.9661
64	3250	10.9661
65	3300	10.9661
66	3350	10.9661
67	3400	10.9661
68	3450	10.0638
69	3500	10.0638
70	3550	9.98781
71	3600	9.98781
72	3650	9.95755
73	3700	9.95755
74	3750	9.95755
75	3800	8.89276
76	3850	8.89276
77	3900	8.89276
78	3950	8.89276
79	4000	3.96599
80	4050	3.96599
81	4100	3.63381
82	4150	3.63381
83	4200	3.63381
84	4250	3.63381
85	4300	3.63381
86	4350	3.63381
87	4400	3.63381
88	4450	2.91832
89	4500	2.91832
90	4550	2.91832
91	4600	2.90998
92	4650	2.90998
93	4700	2.90998
94	4750	2.90998
95	4800	2.86578
96	4850	2.86578
97	4900	2.24843
98	4950	1.77545
99	5000	1.77545
100	5050	1.77545
101	5100	1.77545
102	5150	1.1732
103	5200	0.676302
104	5250	0.676302
105	5300	0.676302
106	5350	0.601876
107	5400	0.423882
108	5450	0.359712
109	5500	0.359712
110	5550	0.359712
111	5600	0.359712
112	5650	0.359269
113	5700	0.359269
114	5750	0.348784
115	5800	0.346381
116	5850	0.346381
117	5900	0.288233
118	5950	0.274256
119	6000	0.259921
120	6050	0.259921
121	6100	0.210586
122	6150	0.210586
123	6200	0.131117
124	6250	0.131117
125	6300	0.0905974
126	6350	0.0846691
127	6400	0.0846691
128	6450	0.0846691
129	6500	0.0846691
130	6550	0.0846691
131	6600	0.0846691
132	6650	0.070863
133	6700	0.0598108
134	6750	0.047124
135	6800	0.0439867
136	6850	0.0439867
137	6900	0.0439867
138	6950	0.0439867
139	7000	0.0418929
140	7050	0.0418929
141	7100	0.0418929
142	7150	0.0345545
143	7200	0.0345545
144	7250	0.0216308
145	7300	0.0216308
146	7350	0.0216308
147	7400	0.0216308
148	7450	0.0214387
149	7500	0.0214387
150	7550	0.0214387
151	7600	0.0214387
152	7650	0.0108725
153	7700	0.0108725
154	7750	0.0087516
155	7800	0.0087516
156	7850	0.0087516
157	7900	0.0087516
158	7950	0.0087516
159	8000	0.0087516
160	8050	0.0087516
161	8100	0.0087516
162	8150	0.00774957
163	8200	0.00725384
164	8250	0.00725384
165	8300	0.00725384
166	8350	0.00725384
167	8400	0.00679193
168	8450	0.00679193
169	8500	0.00297842
170	8550	0.00277844
171	8600	0.00277844
172	8650	0.00277844
173	8700	0.00277844
174	8750	0.00267009
175	8800	0.00267009
176	8850	0.00267009
177	8900	0.00253699
178	8950	0.00253699
179	9000	0.00253699
180	9050	0.00227096
181	9100	0.00227096
182	9150	0.00219824
183	9200	0.00066068
184	9250	0.00066068
185	9300	0.00066068
186	9350	0.00066068
187	9400	0.00066068
188	9450	0.00066068
189	9500	0.00066068
190	9550	0.00066068
191	9600	0.00066068
192	9650	0.00066068
193	9700	0.000527802
194	9750	0.000525245
195	9800	0.000525245
196	9850	0.000525245
197	9900	0.000525245
198	9950	0.000520705
199	10000	0.000520705
200	10050	0.000520705
201	10100	0.000520705
202	10150	0.000520705
203	10200	0.000520705
204	10250	0.000520705
205	10300	0.000520705
206	10350	0.000520705
207	10400	0.000520705
208	10450	0.000520705
209	10500	0.000517847
210	10550	0.000517847
211	10600	0.000429814
212	10650	0.000381221
213	10700	0.000381221
214	10750	0.000212012
215	10800	0.000212012
216	10850	0.000192352
217	10900	0.000192352
218	10950	0.000191661
219	11000	0.000191661
220	11050	0.000191661
221	11100	0.000185498
222	11150	0.000185498
223	11200	0.000185498
224	11250	0.000185498
225	11300	0.000184387
226	11350	0.000122814
227	11400	0.000122814
228	11450	0.000122814
229	11500	0.000122814
230	11550	0.000122814
231	11600	0.000122814
232	11650	3.98698e-005
233	11700	3.98698e-005
234	11750	3.98698e-005
235	11800	3.93188e-005
236	11850	3.93188e-005
237	11900	3.93188e-005
238	11950	3.93188e-005
239	12000	3.93188e-005
240	12050	3.93188e-005
241	12100	3.86066e-005
242	12150	3.86066e-005
243	12200	3.59445e-005
244	12250	3.59445e-005
245	12300	3.56639e-005
246	12350	2.36214e-005
247	12400	1.92394e-005
248	12450	1.92394e-005
249	12500	1.8633e-005
250	12550	1.76379e-005
251	12600	1.76379e-005
252	12650	1.76379e-005
253	12700	1.52859e-005
254	12750	1.52859e-005
255	12800	1.52859e-005
256	12850	1.52859e-005
257	12900	1.52859e-005
258	12950	1.52859e-005
259	13000	1.52859e-005
260	13050	1.52859e-005
261	13100	1.52859e-005
262	13150	1.52859e-005
263	13200	1.16191e-005
264	13250	1.08161e-005
265	13300	7.03061e-006
266	13350	7.03061e-006
267	13400	7.03061e-006
268	13450	7.03061e-006
269	13500	7.03061e-006
270	13550	7.03061e-006
271	13600	7.03061e-006
272	13650	6.72137e-006
273	13700	6.72137e-006
274	13750	5.06371e-006
275	13800	4.10085e-006
276	13850	4.10085e-006
277	13900	1.62722e-006
278	13950	1.62722e-006
279	14000	1.62722e-006
280	14050	1.62722e-006
281	14100	1.62722e-006
282	14150	1.50592e-006
283	14200	1.50592e-006
284	14250	1.50592e-006
285	14300	1.49888e-006
286	14350	1.49888e-006
287	14400	1.4028e-006
288	14450	1.4028e-006
289	14500	1.4028e-006
290	14550	1.39251e-006
291	14600	1.39251e-006
292	14650	1.39251e-006
293	14700	1.30875e-006
294	14750	7.91566e-007
295	14800	7.91566e-007
296	14850	7.91566e-007
297	14900	3.47294e-007
298	14950	3.38417e-007
299	15000	3.38417e-007
300	15050	3.38417e-007
301	15100	3.3369e-007
302	15150	2.58887e-007
303	15200	2.43553e-007
304	15250	2.43553e-007
305	15300	2.26226e-007
306	15350	1.40027e-007
307	15400	1.40027e-007
308	15450	1.40027e-007
309	15500	1.40027e-007
310	15550	1.25282e-007
311	15600	1.13897e-007
312	15650	1.13897e-007
313	15700	1.13897e-007
314	15750	1.13897e-007
315	15800	1.13897e-007
316	15850	1.13759e-007
317	15900	1.13759e-007
318	15950	1.13759e-007
319	16000	1.06484e-007
320	16050	1.06484e-007
321	16100	1.06484e-007
322	16150	1.06484e-007
323	16200	1.06484e-007
324	16250	8.2193e-008
325	16300	7.47824e-008
326	16350	7.47824e-008
327	16400	7.47824e-008
328	16450	7.3984e-008
329	16500	2.48036e-008
330	16550	2.48036e-008
331	16600	2.48036e-008
332	16650	2.48036e-008
333	16700	2.48036e-008
334	16750	2.48036e-008
335	16800	1.76724e-008
336	16850	1.74165e-008
337	16900	1.50597e-008
338	16950	1.50597e-008
339	17000	1.25892e-008
340	17050	1.25036e-008
341	17100	1.24267e-008
342	17150	1.24267e-008
343	17200	1.14859e-008
344	17250	1.14859e-008
345	17300	1.14859e-008
346	17350	1.14859e-008
347	17400	1.14859e-008
348	17450	1.14859e-008
349	17500	1.14859e-008
350	17550	1.14859e-008
351	17600	1.14859e-008
352	17650	8.32046e-009
353	17700	8.32046e-009
354	17750	8.32046e-009
355	17800	8.32046e-009
356	17850	8.32046e-009
357	17900	8.32046e-009
358	17950	8.32046e-009
359	18000	8.32046e-009
360	18050	7.6965e-009
361	18100	5.4092e-009
362	18150	5.4092e-009
363	18200	4.87432e-009
364	18250	4.87432e-009
365	18300	4.87432e-009
366	18350	4.30785e-009
367	18400	4.22701e-009
368	18450	4.08602e-009
369	18500	4.08602e-009
370	18550	2.7266e-009
371	18600	2.7266e-009
372	18650	2.7266e-009
373	18700	2.7266e-009
374	18750	2.60397e-009
375	18800	2.60397e-009
376	18850	2.60397e-009
377	18900	2.60397e-009
378	18950	2.60397e-009
379	19000	1.20641e-009
380	19050	1.20641e-009
381	19100	3.31458e-010
382	19150	2.84242e-010
383	19200	2.84242e-010
384	19250	2.84242e-010
385	19300	2.84242e-010
386	19350	2.84242e-010
387	19400	2.84242e-010
388	19450	2.84242e-010
389	19500	2.84242e-010
390	19550	2.84105e-010
391	19600	2.81619e-010
392	19650	2.81619e-010
393	19700	2.81619e-010
394	19750	2.81619e-010
395	19800	2.81619e-010
396	19850	2.81619e-010
397	19900	2.81619e-010
398	19950	2.81619e-010
399	20000	2.81619e-010
400	20050	2.81619e-010
401	20100	2.81619e-010
402	20150	2.49896e-010
403	20200	1.78455e-010
404	20250	1.78455e-010
405	20300	1.78455e-010
406	20350	1.78455e-010
407	20400	1.78455e-010
408	20450	1.49629e-010
409	20500	1.49629e-010
410	20550	3.94277e-011
411	20600	3.94277e-011
412	20650	3.94277e-011
413	20700	3.94277e-011
414	20750	3.65411e-011
415	20800	3.65411e-011
416	20850	3.65411e-011
417	20900	3.65411e-011
418	20950	3.65411e-011
419	21000	3.65411e-011
420	21050	3.65411e-011
421	21100	2.65439e-011
422	21150	2.65439e-011
423	21200	2.65439e-011
424	21250	2.65439e-011
425	21300	2.58198e-011
426	21350	2.58198e-011
427	21400	2.5552e-011
428	21450	2.5552e-011
429	21500	2.5552e-011
430	21550	2.5552e-011
431	21600	2.12885e-011
432	21650	2.12885e-011
433	21700	2.12885e-011
434	21750	1.59236e-011
435	21800	1.59236e-011
436	21850	1.59236e-011
437	21900	1.59236e-011
438	21950	1.10823e-011
439	22000	1.10823e-011
440	22050	1.10823e-011
441	22100	1.10823e-011
442	22150	1.10823e-011
443	22200	1.10823e-011
444	22250	1.10575e-011
445	22300	8.27537e-012
446	22350	8.27537e-012
447	22400	8.27537e-012
448	22450	8.27537e-012
449	22500	7.01942e-012
450	22550	4.63163e-012
451	22600	4.46241e-012
452	22650	4.46241e-012
453	22700	4.46241e-012
454	22750	3.71496e-012
455	22800	3.71496e-012
456	22850	3.71496e-012
457	22900	3.71496e-012
458	22950	3.71496e-012
459	23000	3.53626e-012
460	23050	2.45796e-012
461	23100	2.45796e-012
462	23150	2.45796e-012
463	23200	2.45796e-012
464	23250	1.90733e-012
465	23300	1.90733e-012
466	23350	1.63467e-012
467	23400	1.63467e-012
468	23450	1.63467e-012
469	23500	1.31024e-012
470	23550	1.31024e-012
471	23600	1.31024e-012
472	23650	9.7654e-013
473	23700	9.7654e-013
474	23750	9.7654e-013
475	23800	9.63252e-013
476	23850	9.63252e-013
477	23900	8.8513e-013
478	23950	8.8513e-013
479	24000	2.34536e-013
480	24050	2.34536e-013
481	24100	2.34536e-013
482	24150	2.34536e-013
483	24200	2.34536e-013
484	24250	1.97731e-013
485	24300	1.97731e-013
486	24350	1.97731e-013
487	24400	1.97731e-013
488	24450	1.97731e-013
489	24500	1.97731e-013
490	24550	1.97731e-013
491	24600	1.82964e-013
492	24650	1.82964e-013
493	24700	1.82964e-013
494	24750	1.82964e-013
495	24800	1.77528e-013
496	24850	1.65405e-013
497	24900	1.22982e-013
498	24950	4.38734e-014
499	25000	4.28025e-014
500	25050	4.28025e-014
501	25100	4.25729e-014
502	25150	4.16078e-014
503	25200	4.16078e-014
504	25250	4.16078e-014
505	25300	4.16078e-014
506	25350	4.16078e-014
507	25400	4.16078e-014
508	25450	4.16078e-014
509	25500	3.23621e-014
510	25550	1.43997e-014
511	25600	1.43997e-014
512	25650	1.43997e-014
513	25700	1.15646e-014
514	25750	1.15646e-014
515	25800	1.15646e-014
516	25850	1.15646e-014
517	25900	1.01236e-014
518	25950	1.01236e-014
519	26000	1.01236e-014
520	26050	1.01236e-014
521	26100	1.01236e-014
522	26150	1.01236e-014
523	26200	1.01236e-014
524	26250	7.42006e-015
525	26300	6.94177e-015
526	26350	6.94177e-015
527	26400	6.94177e-015
528	26450	6.94177e-015
529	26500	6.81867e-015
530	26550	6.81867e-015
531	26600	5.60921e-015
532	26650	5.60921e-015
533	26700	5.53311e-015
534	26750	2.5225e-015
535	26800	2.49e-015
536	26850	2.49e-015
537	26900	2.49e-015
538	26950	1.45852e-015
539	27000	1.45852e-015
540	27050	1.45852e-015
541	27100	1.45852e-015
542	27150	1.31414e-015
543	27200	1.31414e-015
544	27250	1.25798e-015
545	27300	1.25798e-015
546	27350	1.25798e-015
547	27400	5.09413e-016
548	27450	5.09413e-016
549	27500	3.70378e-016
550	27550	3.70378e-016
551	27600	3.70378e-016
552	27650	3.70378e-016
553	27700	3.70378e-016
554	27750	3.70378e-016
555	27800	3.70378e-016
556	27850	2.01957e-016
557	27900	2.01957e-016
558	27950	2.01957e-016
559	28000	2.01957e-016
560	28050	2.01957e-016
561	28100	2.01957e-016
562	28150	1.07446e-016
563	28200	1.07446e-016
564	28250	1.07446e-016
565	28300	8.81366e-017
566	28350	8.71963e-017
567	28400	4.22767e-017
568	28450	4.22767e-017
569	28500	4.22767e-017
570	28550	4.22767e-017
571	28600	4.22767e-017
572	28650	4.22767e-017
573	28700	4.22767e-017
574	28750	4.22767e-017
575	28800	3.27551e-017
576	28850	3.27551e-017
577	28900	3.27551e-017
578	28950	3.27551e-017
579	29000	3.27551e-017
580	29050	3.27551e-017
581	29100	3.27551e-017
582	29150	3.27551e-017
583	29200	3.27551e-017
584	29250	3.27551e-017
585	29300	3.27551e-017
586	29350	3.27551e-017
587	29400	3.27551e-017
588	29450	3.20246e-017
589	29500	2.47655e-017
590	29550	2.32984e-017
591	29600	2.32984e-017
592	29650	2.32984e-017
593	29700	2.32984e-017
594	29750	2.32984e-017
595	29800	2.03783e-017
596	29850	2.03783e-017
597	29900	2.03783e-017
598	29950	2.03783e-017
599	30000	2.03783e-017
600	30050	1.3415e-017
601	30100	1.3415e-017
602	30150	1.3415e-017
603	30200	1.27206e-017
604	30250	1.27206e-017
605	30300	1.21606e-017
606	30350	1.21606e-017
607	30400	1.04752e-017
608	30450	1.04752e-017
609	30500	1.04752e-017
610	30550	6.65318e-018
611	30600	6.65318e-018
612	30650	6.65318e-018
613	30700	6.65318e-018
614	30750	6.65318e-018
615	30800	6.65318e-018
616	30850	6.65318e-018
617	30900	6.24374e-018
618	30950	5.7034e-018
619	31000	5.7034e-018
620	31050	5.4232e-018
621	31100	5.4232e-018
622	31150	4.68163e-018
623	31200	4.68163e-018
624	31250	4.54858e-018
625	31300	2.06178e-018
626	31350	2.06178e-018
627	31400	2.06178e-018
628	31450	2.06178e-018
629	31500	2.00522e-018
630	31550	2.00522e-018
631	31600	1.96947e-018
632	31650	1.59375e-018
633	31700	1.59375e-018
634	31750	1.53604e-018
635	31800	1.53604e-018
636	31850	1.53359e-018
637	31900	8.75244e-019
638	31950	6.59559e-019
639	32000	6.59559e-019
640	32050	6.47767e-019
641	32100	6.47767e-019
642	32150	6.47767e-019
643	32200	5.9239e-019
644	32250	5.9239e-019
645	32300	5.74679e-019
646	32350	4.41425e-019
647	32400	4.0889e-019
648	32450	4.07542e-019
649	32500	3.21996e-019
650	32550	3.21996e-019
651	32600	3.04423e-019
652	32650	3.04423e-019
653	32700	3.04423e-019
654	32750	2.9922e-019
655	32800	2.9922e-019
656	32850	2.9922e-019
657	32900	2.9922e-019
658	32950	2.26979e-019
659	33000	2.26556e-019
660	33050	1.94652e-019
661	33100	1.80309e-019
662	33150	1.80309e-019
663	33200	1.72177e-019
664	33250	1.72177e-019
665	33300	2.63327e-020
666	33350	2.63327e-020
667	33400	2.63327e-020
668	33450	2.63327e-020
669	33500	1.57765e-020
670	33550	1.57765e-020
671	33600	1.30829e-020
672	33650	1.30829e-020
673	33700	1.30829e-020
674	33750	1.30829e-020
675	33800	1.30829e-020
676	33850	1.29382e-020
677	33900	1.29382e-020
678	33950	1.24129e-020
679	34000	1.24129e-020
680	34050	7.58147e-021
681	34100	7.21902e-021
682	34150	5.14773e-021
683	34200	4.61575e-021
684	34250	4.61575e-021
685	34300	4.61575e-021
686	34350	4.61575e-021
687	34400	4.61575e-021
688	34450	4.61575e-021
689	34500	4.61575e-021
690	34550	3.01412e-021
691	34600	3.01412e-021
692	34650	2.91648e-021
693	34700	2.91648e-021
694	34750	2.91648e-021
695	34800	2.91648e-021
696	34850	2.91648e-021
697	34900	2.91648e-021
698	34950	2.91648e-021
699	35000	2.91648e-021
700	35050	2.91648e-021
701	35100	2.91648e-021
702	35150	2.52817e-021
703	35200	2.52817e-021
704	35250	2.52817e-021
705	35300	2.52817e-021
706	35350	2.52817e-021
707	35400	1.95675e-021
708	35450	1.78067e-021
709	35500	1.78067e-021
710	35550	1.78067e-021
711	35600	1.72497e-021
712	35650	1.64229e-021
713	35700	1.64229e-021
714	35750	1.47257e-021
715	35800	1.15489e-021
716	35850	7.42458e-022
717	35900	7.42458e-022
718	35950	5.95464e-022
719	36000	5.94061e-022
720	36050	5.94061e-022
721	36100	5.94061e-022
722	36150	4.67219e-022
723	36200	4.13492e-022
724	36250	4.13492e-022
725	36300	4.13492e-022
726	36350	3.66262e-022
727	36400	3.44872e-022
728	36450	3.44872e-022
729	36500	3.44872e-022
730	36550	2.619e-022
731	36600	2.619e-022
732	36650	2.619e-022
733	36700	1.63823e-022
734	36750	1.62542e-022
735	36800	1.62542e-022
736	36850	9.62444e-023
737	36900	9.62444e-023
738	36950	7.96605e-023
739	37000	7.96605e-023
740	37050	7.96605e-023
741	37100	7.96605e-023
742	37150	7.31452e-023
743	37200	7.31452e-023
744	37250	7.31452e-023
745	37300	5.99849e-023
746	37350	5.11794e-023
747	37400	5.11794e-023
748	37450	3.93043e-023
749	37500	3.93043e-023
750	37550	3.93043e-023
751	37600	3.93043e-023
752	37650	3.93043e-023
753	37700	3.43416e-023
754	37750	3.43416e-023
755	37800	2.95158e-023
756	37850	2.95158e-023
757	37900	2.95158e-023
758	37950	2.95158e-023
759	38000	2.95158e-023
760	38050	2.95158e-023
761	38100	2.95158e-023
762	38150	2.35827e-023
763	38200	2.35827e-023
764	38250	7.82118e-024
765	38300	7.82118e-024
766	38350	7.82118e-024
767	38400	7.82118e-024
768	38450	7.82118e-024
769	38500	7.82118e-024
770	38550	7.82118e-024
771	38600	7.82118e-024
772	38650	7.82118e-024
773	38700	7.82118e-024
774	38750	7.82118e-024
775	38800	7.82118e-024
776	38850	7.82118e-024
777	38900	7.82118e-024
778	38950	7.82118e-024
779	39000	7.82118e-024
780	39050	7.74893e-024
781	39100	7.74893e-024
782	39150	7.74893e-024
783	39200	7.74893e-024
784	39250	7.74893e-024
785	39300	7.74234e-024
786	39350	7.74234e-024
787	39400	7.74234e-024
788	39450	7.74234e-024
789	39500	7.74234e-024
790	39550	7.74234e-024
791	39600	7.74234e-024
792	39650	7.74234e-024
793	39700	7.74234e-024
794	39750	7.72364e-024
795	39800	6.87569e-024
796	39850	4.26659e-024
797	39900	4.26659e-024
798	39950	4.26659e-024
799	40000	4.2418e-024
800	40050	4.2418e-024
801	40100	4.2418e-024
802	40150	4.2418e-024
803	40200	4.09258e-024
804	40250	4.09258e-024
805	40300	4.09258e-024
806	40350	6.96883e-025
807	40400	6.96883e-025
808	40450	6.96883e-025
809	40500	6.96883e-025
810	40550	3.94628e-025
811	40600	2.58961e-025
812	40650	7.6404e-026
813	40700	7.6404e-026
814	40750	7.6404e-026
815	40800	7.6404e-026
816	40850	7.6404e-026
817	40900	7.6404e-026
818	40950	7.6404e-026
819	41000	7.6404e-026
820	41050	7.6404e-026
821	41100	6.80682e-026
822	41150	6.80682e-026
823	41200	6.80682e-026
824	41250	6.80682e-026
825	41300	6.80682e-026
826	41350	6.80682e-026
827	41400	6.43622e-026
828	41450	6.43622e-026
829	41500	6.43622e-026
830	41550	6.43622e-026
831	41600	6.43622e-026
832	41650	4.80118e-026
833	41700	4.80118e-026
834	41750	4.80118e-026
835	41800	3.13239e-026
836	41850	3.13239e-026
837	41900	3.13239e-026
838	41950	2.87002e-026
839	42000	2.87002e-026
840	42050	2.656e-026
841	42100	2.656e-026
842	42150	2.55719e-026
843	42200	2.55719e-026
844	42250	2.55719e-026
845	42300	2.55719e-026
846	42350	2.55719e-026
847	42400	2.55719e-026
848	42450	2.55719e-026
849	42500	2.55719e-026
850	42550	2.1612e-026
851	42600	2.05018e-026
852	42650	2.03604e-026
853	42700	1.44843e-026
854	42750	1.12311e-026
855	42800	1.12311e-026
856	42850	1.12311e-026
857	42900	1.12311e-026
858	42950	1.12311e-026
859	43000	5.039e-027
860	43050	1.72702e-027
861	43100	1.72702e-027
862	43150	1.72702e-027
863	43200	1.35146e-027
864	43250	1.35146e-027
865	43300	1.35146e-027
866	43350	1.35146e-027
867	43400	1.35146e-027
868	43450	1.35146e-027
869	43500	1.35146e-027
870	43550	1.35146e-027
871	43600	1.35146e-027
872	43650	1.05949e-027
873	43700	1.05949e-027
874	43750	1.05949e-027
875	43800	1.05949e-027
876	43850	9.20751e-028
877	43900	9.20751e-028
878	43950	7.96728e-028
879	44000	7.96728e-028
880	44050	7.92696e-028
881	44100	7.92696e-028
882	44150	7.92696e-028
883	44200	7.61413e-028
884	44250	3.69965e-028
885	44300	3.69965e-028
886	44350	3.69965e-028
887	44400	2.891e-028
888	44450	2.891e-028
889	44500	2.88501e-028
890	44550	1.10696e-028
891	44600	1.10696e-028
892	44650	1.10696e-028
893	44700	1.07225e-028
894	44750	1.07225e-028
895	44800	1.07225e-028
896	44850	9.44717e-029
897	44900	9.44717e-029
898	44950	9.44717e-029
899	45000	9.44717e-029
900	45050	9.44717e-029
901	45100	9.34413e-029
902	45150	9.34413e-029
903	45200	9.34413e-029
904	45250	9.16823e-029
905	45300	9.16823e-029
906	45350	9.16823e-029
907	45400	9.16823e-029
908	45450	9.16823e-029
909	45500	9.16823e-029
910	45550	8.23089e-029
911	45600	8.23089e-029
912	45650	8.23089e-029
913	45700	8.23089e-029
914	45750	8.23089e-029
915	45800	8.2143e-029
916	45850	8.21382e-029
917	45900	8.06014e-029
918	45950	8.06014e-029
919	46000	4.81719e-029
920	46050	3.15092e-029
921	46100	2.80617e-029
922	46150	1.69935e-029
923	46200	1.68398e-029
924	46250	1.68398e-029
925	46300	1.68398e-029
926	46350	1.68398e-029
927	46400	1.52791e-029
928	46450	1.41625e-029
929	46500	1.39505e-029
930	46550	3.18742e-030
931	46600	3.18742e-030
932	46650	3.18742e-030
933	46700	3.12032e-030
934	46750	3.12032e-030
935	46800	3.12032e-030
936	46850	3.02624e-030
937	46900	3.02624e-030
938	46950	3.02624e-030
939	47000	3.00991e-030
940	47050	3.00991e-030
941	47100	1.73312e-030
942	47150	1.73312e-030
943	47200	1.73312e-030
944	47250	1.73312e-030
945	47300	1.73312e-030
946	47350	7.64644e-031
947	47400	7.64644e-031
948	47450	7.64644e-031
949	47500	7.64644e-031
950	47550	7.64644e-031
951	47600	7.64644e-031
952	47650	6.50092e-031
953	47700	6.50092e-031
954	47750	6.50092e-031
955	47800	6.41332e-031
956	47850	6.41332e-031
957	47900	6.41332e-031
958	47950	6.07228e-031
959	48000	6.07228e-031
960	48050	6.07228e-031
961	48100	6.07228e-031
962	48150	5.74285e-031
963	48200	5.74285e-031
964	48250	4.64666e-031
965	48300	4.64666e-031
966	48350	2.64933e-031
967	48400	2.62778e-031
968	48450	2.59226e-031
969	48500	2.59226e-031
970	48550	1.72391e-031
971	48600	1.41207e-031
972	48650	1.40685e-031
973	48700	1.18029e-031
974	48750	1.18029e-031
975	48800	1.18029e-031
976	48850	1.18029e-031
977	48900	1.18029e-031
978	48950	1.18029e-031
979	49000	1.11479e-031
980	49050	1.09988e-031
981	49100	8.76402e-032
982	49150	8.76402e-032
983	49200	8.76402e-032
984	49250	8.76402e-032
985	49300	8.66035e-032
986	49350	8.66035e-032
987	49400	8.66035e-032
988	49450	8.66035e-032
989	49500	8.66035e-032
990	49550	6.82165e-032
991	49600	6.77003e-032
992	49650	6.52255e-032
993	49700	6.06103e-032
994	49750	5.8298e-032
995	49800	3.28618e-032
996	49850	3.09871e-032
997	49900	3.09871e-032
998	49950	3.09734e-032
999	50000	3.09734e-032
1000	50050	1.89817e-032
1001	50100	1.89817e-032
1002	50150	1.13618e-032
1003	50200	1.13618e-032
1004	50250	1.13618e-032
1005	50300	1.13618e-032
1006	50350	1.13618e-032
1007	50400	1.0823e-032
1008	50450	8.43753e-033
1009	50500	7.42716e-033
1010	50550	7.42716e-033
1011	50600	6.36196e-033
1012	50650	5.3411e-033
1013	50700	5.3411e-033
1014	50750	5.3411e-033
1015	50800	3.41059e-033
1016	50850	3.31709e-033
1017	50900	3.31709e-033
1018	50950	3.31709e-033
1019	51000	3.31709e-033
1020	51050	1.99196e-033
1021	51100	1.71679e-033
1022	51150	1.44958e-033
1023	51200	1.44958e-033
1024	51250	1.12476e-033
1025	51300	1.12476e-033
1026	51350	1.12476e-033
1027	51400	1.0523e-033
1028	51450	7.53334e-034
1029	51500	7.53334e-034
1030	51550	7.53334e-034
1031	51600	7.53334e-034
1032	51650	7.40671e-034
1033	51700	7.14342e-034
1034	51750	7.14342e-034
1035	51800	7.14342e-034
1036	51850	7.14342e-034
1037	51900	7.14342e-034
1038	51950	6.70599e-034
1039	52000	6.4977e-034
1040	52050	6.44439e-034
1041	52100	5.82364e-034
1042	52150	3.86611e-034
1043	52200	3.86611e-034
1044	52250	3.86611e-034
1045	52300	3.52698e-034
1046	52350	2.78812e-034
1047	52400	2.37388e-034
1048	52450	2.06453e-034
1049	52500	1.97534e-034
1050	52550	1.87714e-034
1051	52600	1.87011e-034
1052	52650	1.87011e-034
1053	52700	1.15887e-034
1054	52750	1.15887e-034
1055	52800	1.15887e-034
1056	52850	4.13563e-035
1057	52900	4.13563e-035
1058	52950	4.13563e-035
1059	53000	4.13563e-035
1060	53050	4.13563e-035
1061	53100	4.13563e-035
1062	53150	4.13563e-035
1063	53200	4.13563e-035
1064	53250	4.13563e-035
1065	53300	3.93788e-035
1066	53350	3.19541e-035
1067	53400	3.19541e-035
1068	53450	3.19541e-035
1069	53500	1.07043e-035
1070	53550	7.51143e-036
1071	53600	6.82223e-036
1072	53650	6.82223e-036
1073	53700	6.82223e-036
1074	53750	6.82223e-036
1075	53800	6.82223e-036
1076	53850	6.82223e-036
1077	53900	6.82223e-036
1078	53950	6.82223e-036
1079	54000	6.82223e-036
1080	54050	6.55922e-036
1081	54100	4.10409e-036
1082	54150	4.10409e-036
1083	54200	4.10409e-036
1084	54250	4.10409e-036
1085	54300	4.04937e-036
1086	54350	4.04937e-036
1087	54400	4.04937e-036
1088	54450	4.04937e-036
1089	54500	4.04937e-036
1090	54550	4.04937e-036
1091	54600	4.04937e-036
1092	54650	4.04937e-036
1093	54700	2.95509e-036
1094	54750	2.42466e-036
1095	54800	2.42466e-036
1096	54850	2.42466e-036
1097	54900	2.42466e-036
1098	54950	2.40895e-036
1099	55000	2.00029e-036
1100	55050	2.00029e-036
1101	55100	1.95274e-036
1102	55150	1.30719e-036
1103	55200	5.19159e-037
1104	55250	3.3014e-037
1105	55300	3.03851e-037
1106	55350	3.03851e-037
1107	55400	3.03851e-037
1108	55450	3.03851e-037
1109	55500	3.03851e-037
1110	55550	3.02337e-037
1111	55600	3.02337e-037
1112	55650	1.71487e-037
1113	55700	1.71487e-037
1114	55750	1.71487e-037
1115	55800	1.71487e-037
1116	55850	1.71487e-037
1117	55900	1.71487e-037
1118	55950	1.71487e-037
1119	56000	1.70518e-037
1120	56050	1.28805e-037
1121	56100	1.25478e-037
1122	56150	1.25478e-037
1123	56200	1.25478e-037
1124	56250	1.25478e-037
1125	56300	1.25478e-037
1126	56350	1.25478e-037
1127	56400	1.14181e-037
1128	56450	1.11617e-037
1129	56500	1.11617e-037
1130	56550	8.89967e-038
1131	56600	4.76043e-038
1132	56650	4.56208e-038
1133	56700	3.96184e-038
1134	56750	3.15647e-038
1135	56800	3.15647e-038
1136	56850	2.60596e-038
1137	56900	2.60596e-038
1138	56950	2.28852e-038
1139	57000	2.28852e-038
1140	57050	2.28852e-038
1141	57100	2.28754e-038
1142	57150	2.28754e-038
1143	57200	2.28754e-038
1144	57250	2.28754e-038
1145	57300	1.89177e-038
1146	57350	1.89177e-038
1147	57400	1.78606e-038
1148	57450	1.78606e-038
1149	57500	1.57309e-038
1150	57550	1.57309e-038
1151	57600	1.57309e-038
1152	57650	1.57309e-038
1153	57700	1.57309e-038
1154	57750	1.4553e-038
1155	57800	1.33948e-038
1156	57850	1.21196e-038
1157	57900	1.0277e-038
1158	57950	4.61731e-039
1159	58000	4.61731e-039
1160	58050	4.61731e-039
1161	58100	4.61731e-039
1162	58150	3.60536e-039
1163	58200	3.60536e-039
1164	58250	3.4933e-039
1165	58300	3.01361e-039
1166	58350	2.97366e-039
1167	58400	2.96615e-039
1168	58450	2.93166e-039
1169	58500	2.93166e-039
1170	58550	2.93166e-039
1171	58600	2.05292e-039
1172	58650	2.05104e-039
1173	58700	2.05104e-039
1174	58750	1.50905e-039
1175	58800	1.37916e-039
1176	58850	1.19367e-039
1177	58900	1.19367e-039
1178	58950	1.19367e-039
1179	59000	1.19367e-039
1180	59050	1.19367e-039
1181	59100	4.28747e-040
1182	59150	4.28747e-040
1183	59200	3.77499e-040
1184	59250	3.50755e-040
1185	59300	1.99206e-040
1186	59350	1.99206e-040
1187	59400	1.99206e-040
1188	59450	1.99206e-040
1189	59500	1.99206e-040
1190	59550	1.99206e-040
1191	59600	1.99206e-040
1192	59650	1.9278e-040
1193	59700	1.9278e-040
1194	59750	1.9278e-040
1195	59800	1.9278e-040
1196	59850	1.79511e-040
1197	59900	1.79511e-040
1198	59950	1.79511e-040
1199	60000	1.64858e-040
1200	60050	1.5683e-040
1201	60100	1.5683e-040
1202	60150	1.5683e-040
1203	60200	1.49818e-040
1204	60250	1.31778e-040
1205	60300	1.2344e-040
1206	60350	1.2344e-040
1207	60400	1.17344e-040
1208	60450	1.17344e-040
1209	60500	1.17344e-040
1210	60550	1.16992e-040
1211	60600	1.16992e-040
1212	60650	1.16992e-040
1213	60700	1.14223e-040
1214	60750	1.14223e-040
1215	60800	1.14223e-040
1216	60850	6.91432e-041
1217	60900	6.68006e-041
1218	60950	6.68006e-041
1219	61000	6.4869e-041
1220	61050	6.4869e-041
1221	61100	6.4869e-041
1222	61150	6.46506e-041
1223	61200	6.34673e-041
1224	61250	6.33802e-041
1225	61300	6.33627e-041
1226	61350	9.11219e-042
1227	61400	9.11219e-042
1228	61450	9.11219e-042
1229	61500	7.85684e-042
1230	61550	7.85684e-042
1231	61600	7.85684e-042
1232	61650	6.25895e-042
1233	61700	6.25895e-042
1234	61750	5.73878e-042
1235	61800	5.73878e-042
1236	61850	5.73878e-042
1237	61900	5.73878e-042
1238	61950	5.73878e-042
1239	62000	4.63462e-042
1240	62050	4.63462e-042
1241	62100	4.63462e-042
1242	62150	3.19963e-042
1243	62200	3.18355e-042
1244	62250	3.18355e-042
1245	62300	3.17531e-042
1246	62350	3.1089e-042
1247	62400	7.52025e-043
1248	62450	7.52025e-043
1249	62500	7.52025e-043
1250	62550	7.40439e-043
1251	62600	7.40439e-043
1252	62650	7.40439e-043
1253	62700	7.40439e-043
1254	62750	7.34494e-043
1255	62800	7.34494e-043
1256	62850	7.34494e-043
1257	62900	7.34494e-043
1258	62950	7.0265e-043
1259	63000	6.94746e-043
1260	63050	2.69333e-043
1261	63100	2.69333e-043
1262	63150	2.69333e-043
1263	63200	1.61821e-043
1264	63250	1.56122e-043
1265	63300	1.56122e-043
1266	63350	1.55593e-043
1267	63400	1.55593e-043
1268	63450	1.31689e-043
1269	63500	1.31689e-043
1270	63550	4.77267e-044
1271	63600	4.77267e-044
1272	63650	4.6941e-044
1273	63700	4.6941e-044
1274	63750	2.70802e-044
1275	63800	2.70802e-044
1276	63850	2.54291e-044
1277	63900	2.06868e-044
1278	63950	1.14874e-044
1279	64000	1.14874e-044
1280	64050	8.22914e-045
1281	64100	8.22914e-045
1282	64150	8.22914e-045
1283	64200	8.22914e-045
1284	64250	8.22914e-045
1285	64300	8.22914e-045
1286	64350	8.22914e-045
1287	64400	8.22914e-045
1288	64450	8.22914e-045
1289	64500	7.74306e-045
1290	64550	7.74306e-045
1291	64600	7.74306e-045
1292	64650	7.74306e-045
1293	64700	7.74306e-045
1294	64750	7.74306e-045
1295	64800	7.659e-045
1296	64850	7.64005e-045
1297	64900	7.64005e-045
1298	64950	7.64005e-045
1299	65000	6.45306e-045
1300	65050	5.76596e-045
1301	65100	4.22231e-045
1302	65150	4.22231e-045
1303	65200	4.15224e-045
1304	65250	1.93989e-045
1305	65300	1.89871e-045
1306	65350	1.89871e-045
1307	65400	1.70847e-045
1308	65450	1.70847e-045
1309	65500	1.39331e-045
1310	65550	1.39331e-045
1311	65600	1.27314e-045
1312	65650	1.03506e-045
1313	65700	7.81634e-046
1314	65750	7.81634e-046
1315	65800	6.69333e-046
1316	65850	6.4265e-046
1317	65900	6.4265e-046
1318	65950	5.97182e-046
1319	66000	5.11117e-046
1320	66050	5.11117e-046
1321	66100	5.11117e-046
1322	66150	5.11117e-046
1323	66200	5.11117e-046
1324	66250	3.76713e-046
1325	66300	3.6516e-046
1326	66350	3.6516e-046
1327	66400	3.56929e-046
1328	66450	3.56929e-046
1329	66500	3.2896e-046
1330	66550	3.2896e-046
1331	66600	3.04505e-046
1332	66650	3.04505e-046
1333	66700	1.95068e-046
1334	66750	1.95068e-046
1335	66800	1.73529e-046
1336	66850	1.01617e-046
1337	66900	8.6278e-047
1338	66950	8.6278e-047
1339	67000	8.6278e-047
1340	67050	6.98781e-047
1341	67100	6.98781e-047
1342	67150	6.98781e-047
1343	67200	6.2594e-047
1344	67250	6.2594e-047
1345	67300	6.21109e-047
1346	67350	6.21109e-047
1347	67400	6.19154e-047
1348	67450	5.27675e-047
1349	67500	5.18193e-047
1350	67550	5.18193e-047
1351	67600	5.18193e-047
1352	67650	5.18193e-047
1353	67700	5.18193e-047
1354	67750	4.56583e-047
1355	67800	4.56583e-047
1356	67850	4.35516e-047
1357	67900	4.35516e-047
1358	67950	4.35516e-047
1359	68000	4.07882e-047
1360	68050	9.8052e-048
1361	68100	9.8052e-048
1362	68150	8.41265e-048
1363	68200	8.35513e-048
1364	68250	7.77173e-048
1365	68300	7.77173e-048
1366	68350	7.77173e-048
1367	68400	7.08481e-048
1368	68450	7.08481e-048
1369	68500	7.05634e-048
1370	68550	7.05634e-048
1371	68600	9.68533e-049
1372	68650	7.73316e-049
1373	68700	7.73316e-049
1374	68750	7.55307e-049
1375	68800	7.1816e-049
1376	68850	7.1816e-049
1377	68900	7.1816e-049
1378	68950	7.1816e-049
1379	69000	7.1375e-049
1380	69050	7.1375e-049
1381	69100	7.1375e-049
1382	69150	7.1375e-049
1383	69200	3.8467e-049
1384	69250	3.8467e-049
1385	69300	3.8467e-049
1386	69350	3.8467e-049
1387	69400	3.8467e-049
1388	69450	3.8467e-049
1389	69500	1.13851e-049
1390	69550	1.07594e-049
1391	69600	1.07594e-049
1392	69650	1.07594e-049
1393	69700	1.07594e-049
1394	69750	1.07594e-049
1395	69800	9.62919e-050
1396	69850	9.62919e-050
1397	69900	9.03276e-050
1398	69950	9.03276e-050
1399	70000	9.00882e-050
1400	70050	9.00882e-050
1401	70100	9.00882e-050
1402	70150	9.00882e-050
1403	70200	6.79798e-050
1404	70250	6.79798e-050
1405	70300	6.79798e-050
1406	70350	6.79798e-050
1407	70400	6.70118e-050
1408	70450	6.25401e-050
1409	70500	6.25401e-050
1410	70550	3.2684e-050
1411	70600	3.2684e-050
1412	70650	3.25506e-050
1413	70700	3.25506e-050
1414	70750	3.25506e-050
1415	70800	3.25506e-050
1416	70850	3.25506e-050
1417	70900	3.22087e-050
1418	70950	3.22087e-050
1419	71000	3.02158e-050
1420	71050	3.02158e-050
1421	71100	3.02158e-050
1422	71150	2.89791e-050
1423	71200	2.89791e-050
1424	71250	2.89791e-050
1425	71300	2.85326e-050
1426	71350	2.85326e-050
1427	71400	2.81324e-050
1428	71450	2.81324e-050
1429	71500	2.7385e-050
1430	71550	2.7385e-050
1431	71600	2.7385e-050
1432	71650	2.70959e-050
1433	71700	2.70959e-050
1434	71750	7.48398e-051
1435	71800	7.48398e-051
1436	71850	7.48398e-051
1437	71900	7.44415e-051
1438	71950	7.44415e-051
1439	72000	7.44415e-051
1440	72050	7.44415e-051
1441	72100	7.44415e-051
1442	72150	7.44415e-051
1443	72200	7.43591e-051
1444	72250	7.42532e-051
1445	72300	7.4247e-051
1446	72350	7.4247e-051
1447	72400	7.4247e-051
1448	72450	7.27561e-051
1449	72500	7.23586e-051
1450	72550	7.23586e-051
1451	72600	7.23586e-051
1452	72650	7.22082e-051
1453	72700	7.0719e-051
1454	72750	6.99912e-051
1455	72800	4.26832e-051
1456	72850	4.26832e-051
1457	72900	4.26832e-051
1458	72950	4.26832e-051
1459	73000	2.07161e-051
1460	73050	2.07161e-051
1461	73100	1.8972e-051
1462	73150	2.85003e-052
1463	73200	2.68477e-052
1464	73250	2.68477e-052
1465	73300	2.40142e-052
1466	73350	2.40142e-052
1467	73400	2.35349e-052
1468	73450	2.35349e-052
1469	73500	2.26853e-052
1470	73550	2.26853e-052
1471	73600	2.26853e-052
1472	73650	2.26853e-052
1473	73700	2.26853e-052
1474	73750	1.66383e-052
1475	73800	1.42632e-052
1476	73850	5.01682e-053
1477	73900	5.01682e-053
1478	73950	5.01682e-053
1479	74000	5.01682e-053
1480	74050	5.01682e-053
1481	74100	5.01682e-053
1482	74150	4.93566e-053
1483	74200	4.65519e-053
1484	74250	4.65519e-053
1485	74300	3.86411e-053
1486	74350	3.02614e-053
1487	74400	3.02614e-053
1488	74450	3.02614e-053
1489	74500	2.9044e-053
1490	74550	1.42245e-053
1491	74600	9.21077e-054
1492	74650	8.77836e-054
1493	74700	8.77836e-054
1494	74750	8.77836e-054
1495	74800	8.77836e-054
1496	74850	7.15446e-054
1497	74900	6.64052e-054
1498	74950	6.14546e-054
1499	75000	5.92784e-054
1500	75050	5.3902e-054
1501	75100	5.3902e-054
1502	75150	5.3902e-054
1503	75200	5.08134e-054
1504	75250	5.08134e-054
1505	75300	5.08134e-054
1506	75350	5.08134e-054
1507	75400	4.99191e-054
1508	75450	3.92719e-054
1509	75500	3.89225e-054
1510	75550	6.86886e-055
1511	75600	6.86886e-055
1512	75650	6.27616e-055
1513	75700	5.87948e-055
1514	75750	5.87948e-055
1515	75800	2.24725e-055
1516	75850	2.06264e-055
1517	75900	2.06264e-055
1518	75950	2.06264e-055
1519	76000	2.06264e-055
1520	76050	2.06264e-055
1521	76100	2.06264e-055
1522	76150	2.06264e-055
1523	76200	2.06264e-055
1524	76250	1.72184e-055
1525	76300	1.72184e-055
1526	76350	1.71817e-055
1527	76400	1.71817e-055
1528	76450	1.35647e-055
1529	76500	1.35647e-055
1530	76550	1.35647e-055
1531	76600	1.0001e-055
1532	76650	9.54507e-056
1533	76700	9.54507e-056
1534	76750	7.36842e-056
1535	76800	7.36842e-056
1536	76850	7.36842e-056
1537	76900	7.36842e-056
1538	76950	7.27385e-056
1539	77000	7.22758e-056
1540	77050	7.22758e-056
1541	77100	7.22758e-056
1542	77150	7.01937e-056
1543	77200	7.01937e-056
1544	77250	7.01937e-056
1545	77300	7.01937e-056
1546	77350	6.0917e-056
1547	77400	6.0917e-056
1548	77450	6.0917e-056
1549	77500	5.97745e-056
1550	77550	3.2572e-056
1551	77600	2.16097e-056
1552	77650	2.16097e-056
1553	77700	1.20956e-056
1554	77750	8.79732e-057
1555	77800	8.79732e-057
1556	77850	8.32752e-057
1557	77900	8.32752e-057
1558	77950	8.32752e-057
1559	78000	8.32752e-057
1560	78050	8.32752e-057
1561	78100	4.48142e-057
1562	78150	4.04123e-057
1563	78200	3.14986e-057
1564	78250	3.14986e-057
1565	78300	2.95238e-057
1566	78350	2.95238e-057
1567	78400	2.95238e-057
1568	78450	2.95238e-057
1569	78500	2.95238e-057
1570	78550	2.83852e-057
1571	78600	2.30796e-057
1572	78650	1.35132e-057
1573	78700	1.35132e-057
1574	78750	1.35132e-057
1575	78800	1.35132e-057
1576	78850	1.35132e-057
1577	78900	8.01094e-058
1578	78950	8.01094e-058
1579	79000	8.01094e-058
1580	79050	8.01094e-058
1581	79100	8.01094e-058
1582	79150	8.01094e-058
1583	79200	8.01094e-058
1584	79250	7.94883e-058
1585	79300	7.94883e-058
1586	79350	2.99188e-058
1587	79400	2.37954e-058
1588	79450	2.37954e-058
1589	79500	2.35398e-058
1590	79550	2.35398e-058
1591	79600	2.13584e-058
1592	79650	2.13584e-058
1593	79700	2.13584e-058
1594	79750	2.13584e-058
1595	79800	1.95184e-058
1596	79850	1.45326e-058
1597	79900	1.45326e-058
1598	79950	1.18081e-058
1599	80000	1.11331e-058
1600	80050	1.11331e-058
1601	80100	1.11331e-058
1602	80150	9.78578e-059
1603	80200	7.57106e-059
1604	80250	7.57106e-059
1605	80300	6.87113e-059
1606	80350	6.87113e-059
1607	80400	6.87113e-059
1608	80450	2.72608e-059
1609	80500	1.82287e-059
1610	80550	1.69397e-059
1611	80600	1.62814e-059
1612	80650	1.34168e-059
1613	80700	1.34168e-059
1614	80750	1.34168e-059
1615	80800	1.34168e-059
1616	80850	1.34168e-059
1617	80900	1.08138e-059
1618	80950	1.08138e-059
1619	81000	1.01449e-059
1620	81050	7.39613e-060
1621	81100	7.17653e-060
1622	81150	6.14718e-060
1623	81200	6.14718e-060
1624	81250	6.14718e-060
1625	81300	6.14718e-060
1626	81350	6.14718e-060
1627	81400	3.413e-060
1628	81450	3.413e-060
1629	81500	2.97174e-060
1630	81550	2.97174e-060
1631	81600	2.41327e-060
1632	81650	2.41327e-060
1633	81700	2.41327e-060
1634	81750	2.41327e-060
1635	81800	2.41327e-060
1636	81850	1.95776e-060
1637	81900	1.95776e-060
1638	81950	1.91104e-060
1639	82000	1.91104e-060
1640	82050	1.8695e-060
1641	82100	1.8695e-060
1642	82150	1.84706e-060
1643	82200	1.84706e-060
1644	82250	1.30066e-060
1645	82300	7.57375e-061
1646	82350	7.31101e-061
1647	82400	4.31973e-061
1648	82450	3.1962e-061
1649	82500	3.1962e-061
1650	82550	3.1962e-061
1651	82600	3.1962e-061
1652	82650	3.1962e-061
1653	82700	3.1962e-061
1654	82750	3.1962e-061
1655	82800	2.41373e-061
1656	82850	2.41373e-061
1657	82900	2.41373e-061
1658	82950	2.41373e-061
1659	83000	2.41373e-061
1660	83050	2.39202e-061
1661	83100	2.28396e-061
1662	83150	2.28396e-061
1663	83200	1.95348e-061
1664	83250	1.95348e-061
1665	83300	1.95348e-061
1666	83350	1.95071e-061
1667	83400	1.95071e-061
1668	83450	1.95071e-061
1669	83500	1.95071e-061
1670	83550	1.93937e-061
1671	83600	1.93937e-061
1672	83650	1.93937e-061
1673	83700	1.93937e-061
1674	83750	1.81207e-061
1675	83800	1.75187e-061
1676	83850	1.75187e-061
1677	83900	1.7174e-061
1678	83950	1.38094e-061
1679	84000	1.34321e-061
1680	84050	1.34321e-061
1681	84100	1.34202e-061
1682	84150	9.42531e-063
1683	84200	8.00561e-063
1684	84250	7.82781e-063
1685	84300	4.49073e-063
1686	84350	3.36531e-063
1687	84400	3.36531e-063
1688	84450	3.36531e-063
1689	84500	3.36408e-063
1690	84550	3.36408e-063
1691	84600	3.36408e-063
1692	84650	3.36408e-063
1693	84700	2.81298e-063
1694	84750	2.81298e-063
1695	84800	2.81298e-063
1696	84850	2.69924e-063
1697	84900	1.95915e-063
1698	84950	1.95915e-063
1699	85000	1.60009e-063
1700	85050	1.60009e-063
1701	85100	1.60009e-063
1702	85150	1.60009e-063
1703	85200	1.49478e-063
1704	85250	1.49478e-063
1705	85300	1.49478e-063
1706	85350	1.35665e-063
1707	85400	1.35665e-063
1708	85450	1.35665e-063
1709	85500	1.35665e-063
1710	85550	1.35665e-063
1711	85600	1.35665e-063
1712	85650	1.35665e-063
1713	85700	1.07031e-063
1714	85750	5.39951e-064
1715	85800	5.39951e-064
1716	85850	5.31678e-064
1717	85900	4.72873e-064
1718	85950	4.37296e-064
1719	86000	4.05385e-064
1720	86050	3.96015e-064
1721	86100	3.96015e-064
1722	86150	3.7618e-064
1723	86200	3.7618e-064
1724	86250	2.91128e-064
1725	86300	2.91128e-064
1726	86350	2.86533e-064
1727	86400	1.0252e-064
1728	86450	8.92565e-065
1729	86500	8.92565e-065
1730	86550	8.92565e-065
1731	86600	8.92565e-065
1732	86650	8.92565e-065
1733	86700	3.48179e-065
1734	86750	3.48179e-065
1735	86800	3.48179e-065
1736	86850	3.48179e-065
1737	86900	3.48179e-065
1738	86950	3.3124e-065
1739	87000	3.16554e-065
1740	87050	3.14071e-065
1741	87100	2.04115e-065
1742	87150	1.97539e-065
1743	87200	1.97539e-065
1744	87250	1.97539e-065
1745	87300	1.97539e-065
1746	87350	1.97539e-065
1747	87400	1.95328e-065
1748	87450	1.95328e-065
1749	87500	1.95328e-065
1750	87550	8.96948e-066
1751	87600	8.96948e-066
1752	87650	8.96948e-066
1753	87700	8.96948e-066
1754	87750	2.03592e-066
1755	87800	2.03592e-066
1756	87850	2.03592e-066
1757	87900	2.03592e-066
1758	87950	2.02946e-066
1759	88000	2.02946e-066
1760	88050	2.02946e-066
1761	88100	2.02946e-066
1762	88150	1.99449e-066
1763	88200	1.9857e-066
1764	88250	1.9857e-066
1765	88300	1.9857e-066
1766	88350	1.60373e-066
1767	88400	1.56487e-066
1768	88450	1.56156e-066
1769	88500	1.44826e-066
1770	88550	1.42839e-066
1771	88600	1.42839e-066
1772	88650	1.42839e-066
1773	88700	1.42839e-066
1774	88750	1.42839e-066
1775	88800	1.31921e-066
1776	88850	1.31921e-066
1777	88900	1.31921e-066
1778	88950	1.31921e-066
1779	89000	5.73844e-067
1780	89050	5.2792e-067
1781	89100	5.2792e-067
1782	89150	5.20731e-067
1783	89200	5.20731e-067
1784	89250	5.16718e-067
1785	89300	5.16658e-067
1786	89350	5.16658e-067
1787	89400	1.0048e-067
1788	89450	8.98879e-068
1789	89500	8.98879e-068
1790	89550	8.98879e-068
1791	89600	8.98879e-068
1792	89650	8.98879e-068
1793	89700	8.98879e-068
1794	89750	8.52301e-068
1795	89800	8.34327e-068
1796	89850	8.24517e-068
1797	89900	8.24517e-068
1798	89950	8.24517e-068
1799	90000	8.24517e-068
1800	90050	8.24517e-068
1801	90100	8.08006e-068
1802	90150	7.54552e-068
1803	90200	7.51297e-068
1804	90250	7.51297e-068
1805	90300	7.33805e-068
1806	90350	7.33805e-068
1807	90400	7.29005e-068
1808	90450	7.29005e-068
1809	90500	4.12784e-068
1810	90550	3.68019e-068
1811	90600	3.68019e-068
1812	90650	3.68019e-068
1813	90700	3.68019e-068
1814	90750	3.68019e-068
1815	90800	3.63102e-068
1816	90850	3.52158e-068
1817	90900	3.52158e-068
1818	90950	3.52158e-068
1819	91000	3.42492e-068
1820	91050	3.42492e-068
1821	91100	3.40386e-068
1822	91150	2.30564e-068
1823	91200	7.43264e-069
1824	91250	7.43264e-069
1825	91300	6.91548e-069
1826	91350	3.51835e-069
1827	91400	3.39714e-069
1828	91450	3.39714e-069
1829	91500	3.39714e-069
1830	91550	3.32065e-069
1831	91600	3.32065e-069
1832	91650	3.32065e-069
1833	91700	3.32065e-069
1834	91750	3.29679e-069
1835	91800	3.29679e-069
1836	91850	3.16949e-069
1837	91900	2.18963e-069
1838	91950	2.18963e-069
1839	92000	2.07025e-069
1840	92050	2.07025e-069
1841	92100	2.03032e-069
1842	92150	2.03032e-069
1843	92200	2.03032e-069
1844	92250	2.02798e-069
1845	92300	2.02798e-069
1846	92350	2.02798e-069
1847	92400	2.02798e-069
1848	92450	1.63367e-069
1849	92500	1.2308e-069
1850	92550	1.15114e-069
1851	92600	1.14563e-069
1852	92650	3.21059e-070
1853	92700	3.21059e-070
1854	92750	3.21059e-070
1855	92800	3.18827e-070
1856	92850	3.15332e-070
1857	92900	3.04185e-070
1858	92950	3.04185e-070
1859	93000	3.04185e-070
1860	93050	8.91428e-071
1861	93100	6.05358e-071
1862	93150	6.05358e-071
1863	93200	6.05358e-071
1864	93250	6.03398e-071
1865	93300	6.03398e-071
1866	93350	6.03398e-071
1867	93400	5.29688e-071
1868	93450	5.29688e-071
1869	93500	5.15361e-071
1870	93550	5.08866e-071
1871	93600	3.34952e-071
1872	93650	3.28267e-071
1873	93700	2.79453e-071
1874	93750	2.79453e-071
1875	93800	2.79453e-071
1876	93850	2.79453e-071
1877	93900	2.79453e-071
1878	93950	9.92812e-072
1879	94000	9.92812e-072
1880	94050	9.3925e-072
1881	94100	9.3925e-072
1882	94150	9.33907e-072
1883	94200	9.33907e-072
1884	94250	9.26535e-072
1885	94300	8.03565e-072
1886	94350	7.8397e-072
1887	94400	7.8397e-072
1888	94450	7.8397e-072
1889	94500	7.83658e-072
1890	94550	7.83658e-072
1891	94600	7.83658e-072
1892	94650	7.83658e-072
1893	94700	7.75457e-072
1894	94750	7.68372e-072
1895	94800	7.68372e-072
1896	94850	7.68372e-072
1897	94900	7.68372e-072
1898	94950	1.9022e-072
1899	95000	1.9022e-072
1900	95050	1.8351e-072
1901	95100	1.8351e-072
1902	95150	1.34606e-072
1903	95200	1.23164e-072
1904	95250	1.23164e-072
1905	95300	1.23164e-072
1906	95350	1.23164e-072
1907	95400	1.19273e-072
1908	95450	1.17894e-072
1909	95500	1.08467e-072
1910	95550	1.04355e-072
1911	95600	1.04326e-072
1912	95650	1.0226e-072
1913	95700	1.01985e-072
1914	95750	1.01985e-072
1915	95800	1.01985e-072
1916	95850	1.01985e-072
1917	95900	1.00055e-072
1918	95950	1.00055e-072
1919	96000	8.51104e-073
1920	96050	8.51104e-073
1921	96100	8.51104e-073
1922	96150	8.51104e-073
1923	96200	8.51104e-073
1924	96250	8.51104e-073
1925	96300	8.51104e-073
1926	96350	4.43208e-074
1927	96400	4.43208e-074
1928	96450	4.43208e-074
1929	96500	4.43208e-074
1930	96550	4.39251e-074
1931	96600	4.39251e-074
1932	96650	4.39251e-074
1933	96700	4.34088e-074
1934	96750	4.34088e-074
1935	96800	4.33691e-074
1936	96850	4.33691e-074
1937	96900	3.68017e-074
1938	96950	3.64157e-074
1939	97000	3.64157e-074
1940	97050	3.64157e-074
1941	97100	3.64157e-074
1942	97150	3.64157e-074
1943	97200	3.64157e-074
1944	97250	3.64157e-074
1945	97300	3.64157e-074
1946	97350	3.26203e-074
1947	97400	3.26203e-074
1948	97450	3.26203e-074
1949	97500	3.26203e-074
1950	97550	3.26203e-074
1951	97600	3.26203e-074
1952	97650	3.26203e-074
1953	97700	3.26203e-074
1954	97750	3.26203e-074
1955	97800	3.25848e-074
1956	97850	3.25848e-074
1957	97900	3.25848e-074
1958	97950	3.25848e-074
1959	98000	3.25848e-074
1960	98050	3.2537e-074
1961	98100	3.2537e-074
1962	98150	3.2537e-074
1963	98200	3.2537e-074
1964	98250	3.2537e-074
1965	98300	3.20919e-074
1966	98350	3.20919e-074
1967	98400	3.19607e-074
1968	98450	3.19597e-074
1969	98500	3.19597e-074
1970	98550	3.19597e-074
1971	98600	3.19597e-074
1972	98650	3.19597e-074
1973	98700	3.19503e-074
1974	98750	4.47712e-075
1975	98800	4.47712e-075
1976	98850	4.47712e-075
1977	98900	4.47712e-075
1978	98950	4.47712e-075
1979	99000	4.45297e-075
1980	99050	4.45297e-075
1981	99100	4.45297e-075
1982	99150	4.45241e-075
1983	99200	4.45241e-075
1984	99250	4.45241e-075
1985	99300	4.38238e-075
1986	99350	3.73356e-076
1987	99400	2.19443e-076
1988	99450	2.16994e-076
1989	99500	2.16038e-076
1990	99550	2.16038e-076
1991	99600	6.17361e-077
1992	99650	4.9376e-077
1993	99700	4.9376e-077
1994	99750	4.9376e-077
1995	99800	2.32467e-077
1996	99850	1.76394e-077
1997	99900	1.76394e-077
1998	99950	1.76394e-077
1999	100000	1.76394e-077
2000	100050	1.76394e-077
