1	100	0
2	150	1967.88
3	200	1967.88
4	250	1831.73
5	300	1831.73
6	350	1831.73
7	400	1761.71
8	450	1713.48
9	500	1502.29
10	550	1259.63
11	600	1259.63
12	650	1259.63
13	700	1195.19
14	750	1186.55
15	800	1186.55
16	850	989.3
17	900	939.575
18	950	778.484
19	1000	778.484
20	1050	477.385
21	1100	451.963
22	1150	364.433
23	1200	364.433
24	1250	364.433
25	1300	308.266
26	1350	308.266
27	1400	308.266
28	1450	296.472
29	1500	255.059
30	1550	255.059
31	1600	255.059
32	1650	200.471
33	1700	200.471
34	1750	200.471
35	1800	200.471
36	1850	176.301
37	1900	176.301
38	1950	174.82
39	2000	174.82
40	2050	174.82
41	2100	164.087
42	2150	79.976
43	2200	76.963
44	2250	76.963
45	2300	45.9559
46	2350	24.4789
47	2400	24.4789
48	2450	24.4789
49	2500	24.4789
50	2550	24.4789
51	2600	24.4789
52	2650	24.4789
53	2700	24.4789
54	2750	24.4789
55	2800	24.4789
56	2850	19.5173
57	2900	17.5429
58	2950	17.5429
59	3000	17.5429
60	3050	11.7881
61	3100	11.7881
62	3150	11.7881
63	3200	11.7881
64	3250	11.7881
65	3300	11.7881
66	3350	9.86382
67	3400	9.86382
68	3450	9.86382
69	3500	8.13202
70	3550	8.13202
71	3600	8.13202
72	3650	8.13202
73	3700	8.09492
74	3750	8.09492
75	3800	8.09492
76	3850	8.09492
77	3900	7.48729
78	3950	7.48729
79	4000	7.48729
80	4050	7.47967
81	4100	7.44649
82	4150	5.66848
83	4200	5.66848
84	4250	4.6034
85	4300	3.41636
86	4350	3.39143
87	4400	3.39143
88	4450	3.39143
89	4500	3.29755
90	4550	3.06593
91	4600	3.06593
92	4650	3.06593
93	4700	3.06459
94	4750	3.06459
95	4800	3.01817
96	4850	1.94676
97	4900	1.94676
98	4950	1.18638
99	5000	1.18638
100	5050	1.03458
101	5100	1.03458
102	5150	1.03458
103	5200	0.747619
104	5250	0.568568
105	5300	0.560888
106	5350	0.560888
107	5400	0.552313
108	5450	0.552313
109	5500	0.552313
110	5550	0.552313
111	5600	0.552313
112	5650	0.552313
113	5700	0.498258
114	5750	0.481282
115	5800	0.474482
116	5850	0.474482
117	5900	0.474482
118	5950	0.474482
119	6000	0.446764
120	6050	0.357902
121	6100	0.257242
122	6150	0.234937
123	6200	0.165469
124	6250	0.16158
125	6300	0.16158
126	6350	0.149472
127	6400	0.149472
128	6450	0.149472
129	6500	0.107723
130	6550	0.0744957
131	6600	0.0744957
132	6650	0.0735226
133	6700	0.0735226
134	6750	0.0735226
135	6800	0.0681854
136	6850	0.0681854
137	6900	0.0681854
138	6950	0.056144
139	7000	0.056144
140	7050	0.0263393
141	7100	0.0263393
142	7150	0.0263393
143	7200	0.0263393
144	7250	0.0199542
145	7300	0.0199542
146	7350	0.0199542
147	7400	0.0199542
148	7450	0.0199542
149	7500	0.0199542
150	7550	0.00882351
151	7600	0.00792541
152	7650	0.00492019
153	7700	0.00492019
154	7750	0.00492019
155	7800	0.00492019
156	7850	0.00492019
157	7900	0.00492019
158	7950	0.00492019
159	8000	0.00492019
160	8050	0.00492019
161	8100	0.00460186
162	8150	0.0036512
163	8200	0.0036512
164	8250	0.00343062
165	8300	0.00289339
166	8350	0.00289339
167	8400	0.00289339
168	8450	0.00173081
169	8500	0.00160069
170	8550	0.00160069
171	8600	0.00160069
172	8650	0.00155864
173	8700	0.00155864
174	8750	0.00154819
175	8800	0.00154819
176	8850	0.00154819
177	8900	0.00154819
178	8950	0.00154819
179	9000	0.00154819
180	9050	0.00116527
181	9100	0.00116527
182	9150	0.00112908
183	9200	0.00112908
184	9250	0.00112908
185	9300	0.00112908
186	9350	0.00111547
187	9400	0.00111547
188	9450	0.00111547
189	9500	0.00111547
190	9550	0.00110208
191	9600	0.00110208
192	9650	0.00110208
193	9700	0.00107919
194	9750	0.00077823
195	9800	0.00077823
196	9850	0.00077823
197	9900	0.000719146
198	9950	0.000719146
199	10000	0.000719146
200	10050	0.000719146
201	10100	0.000719146
202	10150	0.000719146
203	10200	0.000317201
204	10250	0.000317201
205	10300	0.000317201
206	10350	0.00027764
207	10400	0.000238886
208	10450	0.000238886
209	10500	0.000238886
210	10550	0.000238886
211	10600	0.000238886
212	10650	0.000238886
213	10700	0.000238886
214	10750	0.000238886
215	10800	0.000238886
216	10850	0.000238886
217	10900	0.000236757
218	10950	0.000236757
219	11000	0.000236757
220	11050	0.000236757
221	11100	5.341e-005
222	11150	5.341e-005
223	11200	4.95437e-005
224	11250	3.54257e-005
225	11300	3.54257e-005
226	11350	3.54257e-005
227	11400	3.54257e-005
228	11450	3.54257e-005
229	11500	3.54257e-005
230	11550	3.54257e-005
231	11600	3.54257e-005
232	11650	3.54257e-005
233	11700	2.78533e-005
234	11750	2.78533e-005
235	11800	2.78533e-005
236	11850	2.78533e-005
237	11900	2.49056e-005
238	11950	2.44993e-005
239	12000	2.44993e-005
240	12050	2.44993e-005
241	12100	2.43177e-005
242	12150	2.43177e-005
243	12200	2.43177e-005
244	12250	2.43177e-005
245	12300	2.43177e-005
246	12350	2.43177e-005
247	12400	2.43177e-005
248	12450	1.56303e-005
249	12500	1.56303e-005
250	12550	1.56303e-005
251	12600	1.56303e-005
252	12650	1.0257e-005
253	12700	1.0257e-005
254	12750	1.0257e-005
255	12800	7.13875e-006
256	12850	5.04684e-006
257	12900	5.04684e-006
258	12950	5.04684e-006
259	13000	5.04684e-006
260	13050	5.04684e-006
261	13100	5.04684e-006
262	13150	5.04684e-006
263	13200	5.04684e-006
264	13250	3.9653e-006
265	13300	2.99724e-006
266	13350	2.99724e-006
267	13400	2.97011e-006
268	13450	2.97011e-006
269	13500	2.97011e-006
270	13550	2.97011e-006
271	13600	2.97011e-006
272	13650	2.95319e-006
273	13700	2.66037e-006
274	13750	2.66037e-006
275	13800	2.66037e-006
276	13850	2.27559e-006
277	13900	2.27559e-006
278	13950	2.27559e-006
279	14000	2.27559e-006
280	14050	1.58932e-006
281	14100	1.22363e-006
282	14150	1.22363e-006
283	14200	1.22363e-006
284	14250	1.22363e-006
285	14300	1.22363e-006
286	14350	9.46132e-007
287	14400	9.46132e-007
288	14450	8.10601e-007
289	14500	7.98602e-007
290	14550	7.98602e-007
291	14600	5.15567e-007
292	14650	5.15567e-007
293	14700	4.50832e-007
294	14750	4.50832e-007
295	14800	4.50832e-007
296	14850	4.50832e-007
297	14900	3.91831e-007
298	14950	3.69025e-007
299	15000	3.69025e-007
300	15050	3.69025e-007
301	15100	3.52738e-007
302	15150	3.42933e-007
303	15200	2.86957e-007
304	15250	2.86957e-007
305	15300	2.86957e-007
306	15350	2.15613e-007
307	15400	1.71715e-007
308	15450	1.00145e-007
309	15500	1.00145e-007
310	15550	1.00145e-007
311	15600	1.00145e-007
312	15650	6.95056e-008
313	15700	6.95056e-008
314	15750	6.95056e-008
315	15800	6.95056e-008
316	15850	5.98992e-008
317	15900	5.87062e-008
318	15950	5.87062e-008
319	16000	5.87062e-008
320	16050	3.16473e-008
321	16100	3.16473e-008
322	16150	3.16473e-008
323	16200	3.16473e-008
324	16250	3.16473e-008
325	16300	3.16473e-008
326	16350	3.10179e-008
327	16400	3.10179e-008
328	16450	1.91678e-008
329	16500	1.91678e-008
330	16550	1.91678e-008
331	16600	1.88016e-008
332	16650	1.88016e-008
333	16700	1.53658e-008
334	16750	1.20649e-008
335	16800	1.20649e-008
336	16850	1.20649e-008
337	16900	1.20649e-008
338	16950	1.19323e-008
339	17000	1.19323e-008
340	17050	1.19323e-008
341	17100	1.19323e-008
342	17150	1.14642e-008
343	17200	1.14642e-008
344	17250	1.03612e-008
345	17300	1.03612e-008
346	17350	1.03612e-008
347	17400	1.03612e-008
348	17450	9.82641e-009
349	17500	5.78167e-009
350	17550	5.64273e-009
351	17600	5.64273e-009
352	17650	5.64273e-009
353	17700	5.64273e-009
354	17750	5.46544e-009
355	17800	5.39689e-009
356	17850	4.81949e-009
357	17900	4.56378e-009
358	17950	4.56378e-009
359	18000	4.56378e-009
360	18050	4.56378e-009
361	18100	4.56378e-009
362	18150	4.56378e-009
363	18200	4.56378e-009
364	18250	4.52514e-009
365	18300	4.26733e-009
366	18350	4.2403e-009
367	18400	4.2403e-009
368	18450	4.2403e-009
369	18500	3.97988e-009
370	18550	3.97988e-009
371	18600	7.73428e-010
372	18650	7.73428e-010
373	18700	4.55522e-010
374	18750	4.55522e-010
375	18800	4.55522e-010
376	18850	3.98556e-010
377	18900	3.98556e-010
378	18950	3.98556e-010
379	19000	3.98556e-010
380	19050	3.98556e-010
381	19100	3.98556e-010
382	19150	3.95009e-010
383	19200	3.95009e-010
384	19250	3.95009e-010
385	19300	3.95009e-010
386	19350	3.95009e-010
387	19400	3.95009e-010
388	19450	3.95009e-010
389	19500	3.95009e-010
390	19550	3.23423e-010
391	19600	2.3972e-010
392	19650	1.79099e-010
393	19700	1.79099e-010
394	19750	1.79099e-010
395	19800	1.79099e-010
396	19850	1.79099e-010
397	19900	7.04745e-011
398	19950	6.10467e-011
399	20000	6.10467e-011
400	20050	6.10467e-011
401	20100	5.56618e-011
402	20150	5.56618e-011
403	20200	5.56618e-011
404	20250	5.56618e-011
405	20300	5.56618e-011
406	20350	5.56618e-011
407	20400	3.13594e-011
408	20450	3.12068e-011
409	20500	3.12068e-011
410	20550	3.12068e-011
411	20600	3.12068e-011
412	20650	3.12068e-011
413	20700	3.12068e-011
414	20750	3.11502e-011
415	20800	3.11502e-011
416	20850	2.28911e-011
417	20900	1.37861e-011
418	20950	1.37861e-011
419	21000	1.37861e-011
420	21050	1.37861e-011
421	21100	1.37861e-011
422	21150	1.0389e-011
423	21200	1.0389e-011
424	21250	1.0389e-011
425	21300	1.0389e-011
426	21350	1.0389e-011
427	21400	1.0389e-011
428	21450	1.0389e-011
429	21500	1.0389e-011
430	21550	1.0389e-011
431	21600	1.0389e-011
432	21650	8.60015e-012
433	21700	8.60015e-012
434	21750	8.60015e-012
435	21800	8.60015e-012
436	21850	8.60015e-012
437	21900	8.60015e-012
438	21950	6.90574e-012
439	22000	4.63767e-012
440	22050	4.14395e-012
441	22100	4.14395e-012
442	22150	4.14395e-012
443	22200	3.59764e-012
444	22250	3.59764e-012
445	22300	3.13707e-012
446	22350	2.73235e-012
447	22400	2.73235e-012
448	22450	2.73235e-012
449	22500	2.45963e-012
450	22550	2.45963e-012
451	22600	1.93689e-012
452	22650	1.44966e-012
453	22700	1.19862e-012
454	22750	1.19862e-012
455	22800	7.15482e-013
456	22850	7.15482e-013
457	22900	7.15482e-013
458	22950	7.15482e-013
459	23000	7.15482e-013
460	23050	7.15482e-013
461	23100	5.33973e-013
462	23150	5.33973e-013
463	23200	3.30932e-013
464	23250	3.30932e-013
465	23300	3.21408e-013
466	23350	3.21408e-013
467	23400	3.21408e-013
468	23450	3.19733e-013
469	23500	2.27641e-013
470	23550	2.27641e-013
471	23600	2.27641e-013
472	23650	2.27641e-013
473	23700	2.27641e-013
474	23750	2.27641e-013
475	23800	2.13562e-013
476	23850	2.13562e-013
477	23900	9.97777e-014
478	23950	9.97777e-014
479	24000	9.97777e-014
480	24050	9.97777e-014
481	24100	9.97777e-014
482	24150	9.97777e-014
483	24200	9.97777e-014
484	24250	9.97777e-014
485	24300	8.50955e-014
486	24350	8.50955e-014
487	24400	8.50955e-014
488	24450	8.50955e-014
489	24500	8.50955e-014
490	24550	7.33329e-014
491	24600	7.33329e-014
492	24650	7.0446e-014
493	24700	6.26317e-014
494	24750	6.26317e-014
495	24800	5.62692e-014
496	24850	5.54915e-014
497	24900	5.11283e-014
498	24950	4.98373e-014
499	25000	4.98373e-014
500	25050	4.98373e-014
501	25100	4.97248e-014
502	25150	4.13486e-014
503	25200	3.32911e-014
504	25250	3.32911e-014
505	25300	3.32911e-014
506	25350	2.38773e-014
507	25400	2.38773e-014
508	25450	2.38773e-014
509	25500	2.38773e-014
510	25550	2.38773e-014
511	25600	2.38773e-014
512	25650	2.38773e-014
513	25700	2.12373e-014
514	25750	2.10291e-014
515	25800	2.10291e-014
516	25850	1.85253e-014
517	25900	1.66598e-014
518	25950	1.48162e-014
519	26000	1.45362e-014
520	26050	1.36898e-014
521	26100	1.36898e-014
522	26150	1.23731e-014
523	26200	1.23731e-014
524	26250	1.19487e-014
525	26300	1.18801e-014
526	26350	1.15033e-014
527	26400	1.09133e-014
528	26450	1.09133e-014
529	26500	2.97464e-015
530	26550	2.97464e-015
531	26600	2.97464e-015
532	26650	2.88276e-015
533	26700	2.74209e-015
534	26750	2.53966e-015
535	26800	2.53966e-015
536	26850	2.53966e-015
537	26900	2.53966e-015
538	26950	2.53966e-015
539	27000	2.5343e-015
540	27050	2.47775e-015
541	27100	2.47775e-015
542	27150	2.47775e-015
543	27200	2.22106e-015
544	27250	2.22106e-015
545	27300	1.18226e-015
546	27350	1.18226e-015
547	27400	1.1231e-015
548	27450	7.70212e-016
549	27500	7.70212e-016
550	27550	6.08074e-016
551	27600	6.08074e-016
552	27650	6.08074e-016
553	27700	5.70295e-016
554	27750	5.20849e-016
555	27800	5.20849e-016
556	27850	4.94648e-016
557	27900	4.76078e-016
558	27950	4.76078e-016
559	28000	4.49415e-016
560	28050	4.49415e-016
561	28100	4.49415e-016
562	28150	4.49415e-016
563	28200	4.49415e-016
564	28250	4.19554e-016
565	28300	3.87544e-016
566	28350	3.86722e-016
567	28400	3.83571e-016
568	28450	3.83571e-016
569	28500	3.83571e-016
570	28550	2.13231e-016
571	28600	1.23198e-016
572	28650	1.1799e-016
573	28700	1.1799e-016
574	28750	1.1799e-016
575	28800	1.14679e-016
576	28850	7.17605e-017
577	28900	6.99318e-017
578	28950	6.53361e-017
579	29000	6.53361e-017
580	29050	6.47779e-017
581	29100	6.27336e-017
582	29150	6.27336e-017
583	29200	6.27336e-017
584	29250	6.27336e-017
585	29300	4.51535e-017
586	29350	4.51535e-017
587	29400	4.30805e-017
588	29450	4.30805e-017
589	29500	4.29794e-017
590	29550	4.29794e-017
591	29600	4.29794e-017
592	29650	3.47379e-017
593	29700	3.47379e-017
594	29750	3.47379e-017
595	29800	3.47379e-017
596	29850	3.47379e-017
597	29900	3.47379e-017
598	29950	3.03458e-017
599	30000	3.03458e-017
600	30050	2.46341e-017
601	30100	2.46341e-017
602	30150	1.06779e-017
603	30200	1.06779e-017
604	30250	1.06779e-017
605	30300	9.39047e-018
606	30350	9.39047e-018
607	30400	8.7855e-018
608	30450	8.7855e-018
609	30500	8.7855e-018
610	30550	8.7855e-018
611	30600	8.7855e-018
612	30650	8.7855e-018
613	30700	2.72868e-018
614	30750	2.59821e-018
615	30800	2.59821e-018
616	30850	2.59821e-018
617	30900	1.77279e-018
618	30950	1.77279e-018
619	31000	1.77279e-018
620	31050	1.60461e-018
621	31100	1.60461e-018
622	31150	1.60461e-018
623	31200	1.60461e-018
624	31250	1.59335e-018
625	31300	1.59335e-018
626	31350	1.59335e-018
627	31400	1.56545e-018
628	31450	1.23411e-018
629	31500	1.04609e-018
630	31550	7.51452e-019
631	31600	7.51452e-019
632	31650	7.51452e-019
633	31700	7.35182e-019
634	31750	7.35182e-019
635	31800	6.89651e-019
636	31850	6.89651e-019
637	31900	6.09834e-019
638	31950	6.09834e-019
639	32000	5.59555e-019
640	32050	5.58456e-019
641	32100	5.5441e-019
642	32150	3.73237e-019
643	32200	3.73237e-019
644	32250	3.73237e-019
645	32300	3.14793e-019
646	32350	3.14793e-019
647	32400	2.11356e-019
648	32450	1.98987e-019
649	32500	1.98987e-019
650	32550	1.98987e-019
651	32600	1.58839e-019
652	32650	1.49327e-019
653	32700	1.49327e-019
654	32750	1.49327e-019
655	32800	1.49327e-019
656	32850	1.42933e-019
657	32900	7.66181e-020
658	32950	7.55907e-020
659	33000	7.55907e-020
660	33050	7.55907e-020
661	33100	7.55907e-020
662	33150	7.55907e-020
663	33200	7.55907e-020
664	33250	7.55907e-020
665	33300	7.55907e-020
666	33350	7.55907e-020
667	33400	7.55907e-020
668	33450	7.55907e-020
669	33500	7.55907e-020
670	33550	7.55907e-020
671	33600	4.32582e-020
672	33650	4.10753e-020
673	33700	2.42653e-020
674	33750	2.42653e-020
675	33800	2.42653e-020
676	33850	2.42653e-020
677	33900	2.42653e-020
678	33950	2.42653e-020
679	34000	2.19205e-020
680	34050	2.19205e-020
681	34100	2.19205e-020
682	34150	2.19205e-020
683	34200	2.19205e-020
684	34250	2.19205e-020
685	34300	2.19205e-020
686	34350	2.18377e-020
687	34400	7.64597e-021
688	34450	7.59077e-021
689	34500	7.59077e-021
690	34550	4.91889e-021
691	34600	3.87131e-021
692	34650	3.87131e-021
693	34700	3.87131e-021
694	34750	3.87131e-021
695	34800	3.14972e-021
696	34850	3.13702e-021
697	34900	3.13702e-021
698	34950	3.13702e-021
699	35000	3.13702e-021
700	35050	3.13702e-021
701	35100	3.13702e-021
702	35150	3.13702e-021
703	35200	2.03796e-021
704	35250	2.03768e-021
705	35300	2.03768e-021
706	35350	2.03768e-021
707	35400	2.03768e-021
708	35450	2.02988e-021
709	35500	2.02988e-021
710	35550	2.02988e-021
711	35600	2.02988e-021
712	35650	2.02988e-021
713	35700	1.42709e-021
714	35750	1.42589e-021
715	35800	1.26127e-021
716	35850	1.18996e-021
717	35900	1.18996e-021
718	35950	1.18996e-021
719	36000	1.18996e-021
720	36050	1.18996e-021
721	36100	1.18996e-021
722	36150	7.69227e-022
723	36200	7.69227e-022
724	36250	7.30968e-022
725	36300	7.01751e-022
726	36350	1.97927e-022
727	36400	1.97927e-022
728	36450	1.9304e-022
729	36500	1.84242e-022
730	36550	1.84242e-022
731	36600	1.82227e-022
732	36650	1.8051e-022
733	36700	1.8051e-022
734	36750	1.70031e-022
735	36800	1.64808e-022
736	36850	1.64808e-022
737	36900	1.64808e-022
738	36950	1.53799e-022
739	37000	1.53799e-022
740	37050	1.53799e-022
741	37100	1.53342e-022
742	37150	1.53342e-022
743	37200	1.28574e-022
744	37250	1.28574e-022
745	37300	1.28574e-022
746	37350	1.23339e-022
747	37400	1.23339e-022
748	37450	1.23339e-022
749	37500	1.23339e-022
750	37550	1.23015e-022
751	37600	1.23015e-022
752	37650	1.23015e-022
753	37700	1.23015e-022
754	37750	1.13712e-022
755	37800	1.13712e-022
756	37850	1.13674e-022
757	37900	1.13674e-022
758	37950	1.13674e-022
759	38000	1.13674e-022
760	38050	1.13674e-022
761	38100	1.13674e-022
762	38150	9.72982e-023
763	38200	9.72982e-023
764	38250	9.72982e-023
765	38300	2.27801e-023
766	38350	2.27801e-023
767	38400	2.27689e-023
768	38450	2.27689e-023
769	38500	2.27689e-023
770	38550	2.27689e-023
771	38600	2.21333e-023
772	38650	2.15308e-023
773	38700	2.15308e-023
774	38750	2.12958e-023
775	38800	1.81223e-023
776	38850	1.81223e-023
777	38900	1.81223e-023
778	38950	1.81223e-023
779	39000	6.86943e-024
780	39050	6.33864e-024
781	39100	6.33864e-024
782	39150	5.99512e-024
783	39200	5.72432e-024
784	39250	5.72432e-024
785	39300	5.72432e-024
786	39350	5.72432e-024
787	39400	5.05995e-024
788	39450	5.05995e-024
789	39500	4.52039e-024
790	39550	2.23901e-024
791	39600	2.23901e-024
792	39650	2.23901e-024
793	39700	2.0318e-024
794	39750	2.0318e-024
795	39800	2.01766e-024
796	39850	2.01766e-024
797	39900	2.01766e-024
798	39950	1.994e-024
799	40000	1.96577e-024
800	40050	1.96577e-024
801	40100	1.96577e-024
802	40150	1.92663e-024
803	40200	1.92663e-024
804	40250	1.92378e-024
805	40300	1.91979e-024
806	40350	1.91979e-024
807	40400	1.68445e-024
808	40450	1.68445e-024
809	40500	1.68445e-024
810	40550	1.68445e-024
811	40600	7.47146e-025
812	40650	7.47146e-025
813	40700	6.86505e-025
814	40750	4.32635e-025
815	40800	2.90216e-025
816	40850	2.90216e-025
817	40900	2.90216e-025
818	40950	2.45449e-025
819	41000	2.45449e-025
820	41050	2.45449e-025
821	41100	1.43917e-025
822	41150	1.43917e-025
823	41200	1.36902e-025
824	41250	1.36902e-025
825	41300	1.36902e-025
826	41350	1.36902e-025
827	41400	1.13487e-025
828	41450	9.19579e-026
829	41500	9.19579e-026
830	41550	9.19579e-026
831	41600	4.7907e-026
832	41650	3.19134e-026
833	41700	3.19134e-026
834	41750	3.19134e-026
835	41800	3.19134e-026
836	41850	3.17024e-026
837	41900	3.17024e-026
838	41950	1.1984e-026
839	42000	1.1984e-026
840	42050	1.1984e-026
841	42100	1.16362e-026
842	42150	7.90901e-027
843	42200	7.90901e-027
844	42250	7.90901e-027
845	42300	7.63751e-027
846	42350	7.63751e-027
847	42400	7.63751e-027
848	42450	7.63751e-027
849	42500	5.56201e-027
850	42550	5.56201e-027
851	42600	5.56201e-027
852	42650	3.70361e-027
853	42700	3.70361e-027
854	42750	3.70361e-027
855	42800	6.19418e-028
856	42850	6.19418e-028
857	42900	6.19418e-028
858	42950	5.04463e-028
859	43000	4.99585e-028
860	43050	2.03061e-028
861	43100	2.03061e-028
862	43150	2.03061e-028
863	43200	2.03061e-028
864	43250	2.03061e-028
865	43300	2.03061e-028
866	43350	2.03061e-028
867	43400	2.03061e-028
868	43450	2.03061e-028
869	43500	2.03061e-028
870	43550	2.03061e-028
871	43600	1.2369e-028
872	43650	1.2369e-028
873	43700	1.2369e-028
874	43750	1.2369e-028
875	43800	1.2369e-028
876	43850	1.2369e-028
877	43900	1.2369e-028
878	43950	1.2369e-028
879	44000	1.19685e-028
880	44050	1.19685e-028
881	44100	1.19685e-028
882	44150	8.25113e-029
883	44200	7.62112e-029
884	44250	6.7502e-029
885	44300	6.7502e-029
886	44350	6.7502e-029
887	44400	6.7502e-029
888	44450	6.7502e-029
889	44500	6.7502e-029
890	44550	6.60088e-029
891	44600	6.60088e-029
892	44650	6.60088e-029
893	44700	6.60088e-029
894	44750	6.60088e-029
895	44800	5.33638e-029
896	44850	4.89261e-029
897	44900	4.70984e-029
898	44950	4.62519e-029
899	45000	4.62519e-029
900	45050	4.62519e-029
901	45100	4.62519e-029
902	45150	4.62519e-029
903	45200	4.62519e-029
904	45250	4.62519e-029
905	45300	3.42232e-029
906	45350	3.42232e-029
907	45400	3.42232e-029
908	45450	3.41754e-029
909	45500	3.41754e-029
910	45550	1.93941e-029
911	45600	1.93941e-029
912	45650	1.93941e-029
913	45700	1.93941e-029
914	45750	1.93941e-029
915	45800	1.61712e-029
916	45850	9.77624e-030
917	45900	9.77624e-030
918	45950	9.17328e-030
919	46000	9.17328e-030
920	46050	9.17328e-030
921	46100	9.17328e-030
922	46150	9.17328e-030
923	46200	9.17328e-030
924	46250	7.78233e-030
925	46300	7.78233e-030
926	46350	7.78233e-030
927	46400	3.28556e-030
928	46450	2.85527e-030
929	46500	2.85527e-030
930	46550	2.06724e-030
931	46600	1.82856e-030
932	46650	1.82856e-030
933	46700	1.82458e-030
934	46750	1.68148e-030
935	46800	1.68148e-030
936	46850	1.68148e-030
937	46900	1.68148e-030
938	46950	1.68148e-030
939	47000	1.68148e-030
940	47050	1.68148e-030
941	47100	1.02426e-030
942	47150	9.2035e-031
943	47200	8.88571e-031
944	47250	8.86855e-031
945	47300	8.86855e-031
946	47350	2.81753e-031
947	47400	2.81753e-031
948	47450	2.81753e-031
949	47500	2.7875e-031
950	47550	2.7875e-031
951	47600	2.7875e-031
952	47650	2.7875e-031
953	47700	2.7875e-031
954	47750	2.7875e-031
955	47800	2.7875e-031
956	47850	2.7875e-031
957	47900	2.7875e-031
958	47950	2.63683e-031
959	48000	2.63683e-031
960	48050	2.26268e-031
961	48100	2.26268e-031
962	48150	2.26268e-031
963	48200	2.26268e-031
964	48250	8.19224e-032
965	48300	6.80161e-032
966	48350	6.60753e-032
967	48400	6.21398e-032
968	48450	6.21398e-032
969	48500	5.19324e-032
970	48550	5.19324e-032
971	48600	5.18749e-032
972	48650	5.18749e-032
973	48700	5.18749e-032
974	48750	5.18749e-032
975	48800	5.18749e-032
976	48850	5.04672e-032
977	48900	5.04672e-032
978	48950	5.04672e-032
979	49000	2.50943e-032
980	49050	2.50943e-032
981	49100	2.41906e-032
982	49150	2.35888e-032
983	49200	2.35888e-032
984	49250	2.35888e-032
985	49300	2.35888e-032
986	49350	2.35888e-032
987	49400	2.34593e-032
988	49450	2.34593e-032
989	49500	2.34593e-032
990	49550	2.34593e-032
991	49600	2.34593e-032
992	49650	1.05593e-032
993	49700	1.05593e-032
994	49750	9.58625e-033
995	49800	3.4468e-033
996	49850	3.36656e-033
997	49900	3.34453e-033
998	49950	3.34453e-033
999	50000	3.34453e-033
1000	50050	3.34453e-033
1001	50100	3.34453e-033
1002	50150	3.34453e-033
1003	50200	3.16189e-033
1004	50250	1.63334e-033
1005	50300	1.63334e-033
1006	50350	1.39711e-033
1007	50400	1.39711e-033
1008	50450	1.0391e-033
1009	50500	1.0391e-033
1010	50550	1.0391e-033
1011	50600	1.0391e-033
1012	50650	1.0391e-033
1013	50700	1.0391e-033
1014	50750	1.0391e-033
1015	50800	1.01916e-033
1016	50850	1.01916e-033
1017	50900	1.01916e-033
1018	50950	4.41045e-034
1019	51000	2.04272e-034
1020	51050	1.83874e-034
1021	51100	1.83874e-034
1022	51150	1.39523e-034
1023	51200	1.39523e-034
1024	51250	1.39523e-034
1025	51300	1.15269e-034
1026	51350	1.14064e-034
1027	51400	9.78528e-035
1028	51450	9.78528e-035
1029	51500	9.78528e-035
1030	51550	9.78528e-035
1031	51600	9.78528e-035
1032	51650	9.78528e-035
1033	51700	9.78528e-035
1034	51750	9.78528e-035
1035	51800	9.21897e-035
1036	51850	9.21897e-035
1037	51900	8.94603e-035
1038	51950	8.94603e-035
1039	52000	8.94603e-035
1040	52050	8.94603e-035
1041	52100	8.94603e-035
1042	52150	8.1838e-035
1043	52200	7.52391e-035
1044	52250	7.52391e-035
1045	52300	7.52391e-035
1046	52350	7.52391e-035
1047	52400	3.75628e-035
1048	52450	3.58786e-035
1049	52500	3.58786e-035
1050	52550	3.58786e-035
1051	52600	3.58786e-035
1052	52650	3.58786e-035
1053	52700	3.58786e-035
1054	52750	2.9387e-035
1055	52800	2.9387e-035
1056	52850	2.9387e-035
1057	52900	2.9387e-035
1058	52950	2.93605e-035
1059	53000	2.87849e-035
1060	53050	1.49243e-035
1061	53100	1.49243e-035
1062	53150	1.34176e-035
1063	53200	1.34176e-035
1064	53250	1.34176e-035
1065	53300	1.29682e-035
1066	53350	1.29682e-035
1067	53400	1.29682e-035
1068	53450	6.98961e-036
1069	53500	4.97625e-036
1070	53550	3.28457e-036
1071	53600	3.07957e-036
1072	53650	3.07957e-036
1073	53700	3.07957e-036
1074	53750	3.07957e-036
1075	53800	2.11631e-036
1076	53850	2.11631e-036
1077	53900	1.55411e-036
1078	53950	1.55411e-036
1079	54000	1.55134e-036
1080	54050	1.04702e-036
1081	54100	1.04702e-036
1082	54150	8.37921e-037
1083	54200	8.37921e-037
1084	54250	7.95712e-037
1085	54300	7.95712e-037
1086	54350	7.22496e-037
1087	54400	7.22496e-037
1088	54450	5.9641e-037
1089	54500	5.9641e-037
1090	54550	5.9641e-037
1091	54600	5.37467e-037
1092	54650	4.1655e-037
1093	54700	4.1655e-037
1094	54750	4.13835e-037
1095	54800	2.71073e-037
1096	54850	2.71073e-037
1097	54900	2.71073e-037
1098	54950	2.61459e-037
1099	55000	2.61459e-037
1100	55050	2.61459e-037
1101	55100	2.61459e-037
1102	55150	2.61459e-037
1103	55200	2.61459e-037
1104	55250	2.61459e-037
1105	55300	2.61459e-037
1106	55350	2.61459e-037
1107	55400	2.61459e-037
1108	55450	2.45972e-037
1109	55500	2.21909e-037
1110	55550	2.21909e-037
1111	55600	2.21909e-037
1112	55650	2.21909e-037
1113	55700	2.21129e-037
1114	55750	2.18444e-037
1115	55800	2.17698e-037
1116	55850	2.17698e-037
1117	55900	2.17698e-037
1118	55950	1.31899e-038
1119	56000	1.05516e-038
1120	56050	1.05516e-038
1121	56100	1.05516e-038
1122	56150	1.05516e-038
1123	56200	1.05516e-038
1124	56250	1.00652e-038
1125	56300	1.00652e-038
1126	56350	8.75136e-039
1127	56400	8.75136e-039
1128	56450	7.16093e-039
1129	56500	7.07375e-039
1130	56550	7.07375e-039
1131	56600	7.07375e-039
1132	56650	7.07375e-039
1133	56700	4.93066e-039
1134	56750	4.93066e-039
1135	56800	4.89427e-039
1136	56850	4.89427e-039
1137	56900	4.53487e-039
1138	56950	4.53487e-039
1139	57000	4.52612e-039
1140	57050	4.52612e-039
1141	57100	4.36206e-039
1142	57150	4.06446e-039
1143	57200	2.67736e-039
1144	57250	2.67736e-039
1145	57300	2.67736e-039
1146	57350	2.46781e-039
1147	57400	2.46781e-039
1148	57450	2.30541e-039
1149	57500	2.30541e-039
1150	57550	2.30541e-039
1151	57600	1.62203e-039
1152	57650	1.62203e-039
1153	57700	1.45829e-039
1154	57750	1.44352e-039
1155	57800	1.43923e-039
1156	57850	1.43923e-039
1157	57900	1.43029e-039
1158	57950	1.43029e-039
1159	58000	1.43029e-039
1160	58050	1.30464e-039
1161	58100	1.2377e-039
1162	58150	1.2377e-039
1163	58200	1.03403e-039
1164	58250	1.03403e-039
1165	58300	5.85848e-040
1166	58350	5.47664e-040
1167	58400	5.41536e-040
1168	58450	5.40595e-040
1169	58500	5.38384e-040
1170	58550	3.72536e-040
1171	58600	3.72536e-040
1172	58650	3.58117e-040
1173	58700	3.5312e-040
1174	58750	3.25098e-040
1175	58800	3.25098e-040
1176	58850	3.25098e-040
1177	58900	3.25098e-040
1178	58950	3.25098e-040
1179	59000	3.25098e-040
1180	59050	3.25098e-040
1181	59100	2.82502e-040
1182	59150	9.29721e-041
1183	59200	9.29721e-041
1184	59250	7.94552e-041
1185	59300	2.35615e-041
1186	59350	2.34263e-041
1187	59400	2.34263e-041
1188	59450	2.34263e-041
1189	59500	2.07072e-041
1190	59550	1.19327e-041
1191	59600	1.19327e-041
1192	59650	1.19327e-041
1193	59700	1.19327e-041
1194	59750	1.19327e-041
1195	59800	9.02681e-042
1196	59850	9.02681e-042
1197	59900	9.02681e-042
1198	59950	8.99935e-042
1199	60000	8.99935e-042
1200	60050	8.99935e-042
1201	60100	8.99935e-042
1202	60150	8.99935e-042
1203	60200	8.99935e-042
1204	60250	8.99935e-042
1205	60300	8.29936e-042
1206	60350	8.29936e-042
1207	60400	4.81044e-042
1208	60450	4.65159e-042
1209	60500	4.64707e-042
1210	60550	4.64707e-042
1211	60600	1.60892e-042
1212	60650	1.60892e-042
1213	60700	1.52912e-042
1214	60750	1.52912e-042
1215	60800	1.04413e-042
1216	60850	1.04413e-042
1217	60900	1.04413e-042
1218	60950	1.04413e-042
1219	61000	1.04413e-042
1220	61050	1.04413e-042
1221	61100	1.04413e-042
1222	61150	1.04413e-042
1223	61200	1.04413e-042
1224	61250	7.66281e-043
1225	61300	7.66281e-043
1226	61350	6.74836e-043
1227	61400	6.74836e-043
1228	61450	6.59269e-043
1229	61500	5.27531e-043
1230	61550	5.00719e-043
1231	61600	3.2403e-043
1232	61650	2.36814e-043
1233	61700	2.03551e-043
1234	61750	2.03551e-043
1235	61800	2.03551e-043
1236	61850	1.32323e-043
1237	61900	1.02761e-043
1238	61950	1.02761e-043
1239	62000	1.02761e-043
1240	62050	7.3766e-044
1241	62100	6.35208e-044
1242	62150	5.6386e-044
1243	62200	5.6386e-044
1244	62250	5.35199e-044
1245	62300	5.35199e-044
1246	62350	4.72115e-044
1247	62400	4.72115e-044
1248	62450	4.71148e-044
1249	62500	4.71148e-044
1250	62550	4.71148e-044
1251	62600	4.64873e-044
1252	62650	4.64873e-044
1253	62700	4.57498e-044
1254	62750	4.57498e-044
1255	62800	4.57498e-044
1256	62850	2.62287e-044
1257	62900	2.62287e-044
1258	62950	2.15298e-044
1259	63000	2.15298e-044
1260	63050	2.15298e-044
1261	63100	1.9464e-044
1262	63150	1.9464e-044
1263	63200	1.9464e-044
1264	63250	1.6388e-044
1265	63300	1.58947e-044
1266	63350	1.58947e-044
1267	63400	9.62687e-045
1268	63450	8.95926e-045
1269	63500	8.8111e-045
1270	63550	8.53172e-045
1271	63600	8.53172e-045
1272	63650	8.46669e-045
1273	63700	3.22978e-045
1274	63750	2.92296e-045
1275	63800	2.473e-045
1276	63850	2.473e-045
1277	63900	2.473e-045
1278	63950	2.473e-045
1279	64000	2.473e-045
1280	64050	2.43304e-045
1281	64100	2.31842e-045
1282	64150	2.05479e-045
1283	64200	2.05479e-045
1284	64250	2.05479e-045
1285	64300	2.05479e-045
1286	64350	2.05479e-045
1287	64400	1.72759e-045
1288	64450	1.72759e-045
1289	64500	1.72759e-045
1290	64550	6.6015e-046
1291	64600	6.6015e-046
1292	64650	6.6015e-046
1293	64700	6.6015e-046
1294	64750	2.7307e-046
1295	64800	2.7307e-046
1296	64850	2.7307e-046
1297	64900	2.7307e-046
1298	64950	2.35133e-046
1299	65000	2.35133e-046
1300	65050	2.35133e-046
1301	65100	2.22398e-046
1302	65150	2.16608e-046
1303	65200	2.16608e-046
1304	65250	2.13742e-046
1305	65300	2.13742e-046
1306	65350	2.13742e-046
1307	65400	1.29426e-046
1308	65450	1.29136e-046
1309	65500	1.29136e-046
1310	65550	1.29136e-046
1311	65600	1.25509e-046
1312	65650	1.01751e-046
1313	65700	1.01751e-046
1314	65750	1.01751e-046
1315	65800	1.01751e-046
1316	65850	1.01751e-046
1317	65900	1.01751e-046
1318	65950	2.35118e-047
1319	66000	2.35118e-047
1320	66050	2.35118e-047
1321	66100	2.35118e-047
1322	66150	2.34746e-047
1323	66200	2.34746e-047
1324	66250	2.24105e-047
1325	66300	1.69585e-047
1326	66350	1.69585e-047
1327	66400	1.64669e-047
1328	66450	1.64669e-047
1329	66500	1.64669e-047
1330	66550	1.64669e-047
1331	66600	1.64669e-047
1332	66650	1.64669e-047
1333	66700	1.64669e-047
1334	66750	1.64669e-047
1335	66800	1.64669e-047
1336	66850	1.64669e-047
1337	66900	7.16254e-048
1338	66950	7.16254e-048
1339	67000	6.60527e-048
1340	67050	5.32954e-048
1341	67100	4.75422e-048
1342	67150	4.75422e-048
1343	67200	4.08616e-048
1344	67250	3.97293e-048
1345	67300	3.97293e-048
1346	67350	3.32859e-048
1347	67400	2.02494e-048
1348	67450	2.02494e-048
1349	67500	2.02494e-048
1350	67550	9.20794e-049
1351	67600	9.20794e-049
1352	67650	9.20794e-049
1353	67700	8.89372e-049
1354	67750	8.49993e-049
1355	67800	8.49993e-049
1356	67850	8.49993e-049
1357	67900	8.49993e-049
1358	67950	7.80646e-049
1359	68000	7.80646e-049
1360	68050	6.55423e-049
1361	68100	6.55423e-049
1362	68150	6.27858e-049
1363	68200	6.24571e-049
1364	68250	5.48915e-049
1365	68300	4.99172e-049
1366	68350	2.97653e-049
1367	68400	2.97653e-049
1368	68450	2.97653e-049
1369	68500	2.97653e-049
1370	68550	2.97653e-049
1371	68600	2.97653e-049
1372	68650	2.97653e-049
1373	68700	2.19422e-049
1374	68750	2.19422e-049
1375	68800	1.51998e-049
1376	68850	1.51998e-049
1377	68900	1.51998e-049
1378	68950	1.51998e-049
1379	69000	1.24162e-049
1380	69050	8.75399e-050
1381	69100	8.75399e-050
1382	69150	8.18715e-050
1383	69200	8.18715e-050
1384	69250	4.90384e-050
1385	69300	3.11675e-050
1386	69350	3.11675e-050
1387	69400	3.11675e-050
1388	69450	2.54027e-050
1389	69500	2.54027e-050
1390	69550	1.4507e-050
1391	69600	1.4507e-050
1392	69650	1.4507e-050
1393	69700	1.4507e-050
1394	69750	1.4507e-050
1395	69800	1.40768e-050
1396	69850	1.40768e-050
1397	69900	1.40768e-050
1398	69950	1.40768e-050
1399	70000	1.30479e-050
1400	70050	1.30479e-050
1401	70100	1.30479e-050
1402	70150	1.30479e-050
1403	70200	1.30479e-050
1404	70250	1.30479e-050
1405	70300	1.29727e-050
1406	70350	1.14213e-050
1407	70400	1.14213e-050
1408	70450	1.14213e-050
1409	70500	1.14213e-050
1410	70550	1.14213e-050
1411	70600	9.8902e-051
1412	70650	9.8902e-051
1413	70700	9.8902e-051
1414	70750	9.8902e-051
1415	70800	3.25121e-051
1416	70850	3.25121e-051
1417	70900	3.25121e-051
1418	70950	2.70328e-051
1419	71000	2.10823e-051
1420	71050	2.10823e-051
1421	71100	1.70581e-051
1422	71150	1.70581e-051
1423	71200	1.69706e-051
1424	71250	1.69706e-051
1425	71300	1.69706e-051
1426	71350	1.25441e-051
1427	71400	1.2486e-051
1428	71450	1.2486e-051
1429	71500	5.82128e-052
1430	71550	5.82128e-052
1431	71600	5.82128e-052
1432	71650	5.54428e-052
1433	71700	5.48403e-052
1434	71750	5.48403e-052
1435	71800	5.48403e-052
1436	71850	5.48403e-052
1437	71900	5.48403e-052
1438	71950	1.66675e-052
1439	72000	1.44258e-052
1440	72050	1.11236e-052
1441	72100	1.11236e-052
1442	72150	1.11236e-052
1443	72200	1.11236e-052
1444	72250	1.07202e-052
1445	72300	1.05653e-052
1446	72350	1.05653e-052
1447	72400	9.96948e-053
1448	72450	9.96948e-053
1449	72500	5.38856e-053
1450	72550	5.38856e-053
1451	72600	2.75677e-053
1452	72650	2.75677e-053
1453	72700	2.75677e-053
1454	72750	2.75677e-053
1455	72800	2.46554e-053
1456	72850	2.46554e-053
1457	72900	2.45729e-053
1458	72950	2.3158e-053
1459	73000	2.3158e-053
1460	73050	2.3158e-053
1461	73100	1.83253e-053
1462	73150	1.83253e-053
1463	73200	1.83253e-053
1464	73250	1.69376e-053
1465	73300	6.90411e-054
1466	73350	6.90411e-054
1467	73400	6.90411e-054
1468	73450	4.22012e-054
1469	73500	4.22012e-054
1470	73550	4.22012e-054
1471	73600	4.22012e-054
1472	73650	4.22012e-054
1473	73700	3.97493e-054
1474	73750	3.97493e-054
1475	73800	3.97493e-054
1476	73850	3.97493e-054
1477	73900	3.89391e-054
1478	73950	3.88381e-054
1479	74000	3.88381e-054
1480	74050	3.03797e-054
1481	74100	3.03797e-054
1482	74150	3.03797e-054
1483	74200	2.92375e-054
1484	74250	2.92375e-054
1485	74300	2.92375e-054
1486	74350	2.92375e-054
1487	74400	2.92375e-054
1488	74450	2.92375e-054
1489	74500	2.92375e-054
1490	74550	2.67306e-054
1491	74600	1.91391e-054
1492	74650	1.8194e-054
1493	74700	1.73506e-054
1494	74750	1.53078e-054
1495	74800	1.53024e-054
1496	74850	1.53024e-054
1497	74900	1.53024e-054
1498	74950	1.53024e-054
1499	75000	1.51682e-054
1500	75050	9.92136e-055
1501	75100	7.33194e-055
1502	75150	5.5045e-055
1503	75200	5.5045e-055
1504	75250	5.44516e-055
1505	75300	5.44516e-055
1506	75350	5.02682e-055
1507	75400	4.70876e-055
1508	75450	4.70876e-055
1509	75500	1.28173e-055
1510	75550	1.15879e-055
1511	75600	1.1533e-055
1512	75650	1.1533e-055
1513	75700	1.1533e-055
1514	75750	1.1533e-055
1515	75800	1.1533e-055
1516	75850	1.1533e-055
1517	75900	1.1533e-055
1518	75950	1.14275e-055
1519	76000	9.59996e-056
1520	76050	6.45099e-056
1521	76100	6.45099e-056
1522	76150	6.45099e-056
1523	76200	5.64435e-056
1524	76250	5.64435e-056
1525	76300	5.64435e-056
1526	76350	5.64435e-056
1527	76400	5.64435e-056
1528	76450	5.64435e-056
1529	76500	5.6334e-056
1530	76550	3.41183e-056
1531	76600	3.41183e-056
1532	76650	3.40912e-056
1533	76700	2.72429e-056
1534	76750	2.72429e-056
1535	76800	2.72429e-056
1536	76850	2.72429e-056
1537	76900	2.72429e-056
1538	76950	2.45545e-056
1539	77000	2.20682e-056
1540	77050	2.20642e-056
1541	77100	1.07817e-056
1542	77150	1.07817e-056
1543	77200	7.30912e-057
1544	77250	6.89383e-057
1545	77300	6.89383e-057
1546	77350	5.7486e-057
1547	77400	5.7486e-057
1548	77450	5.4967e-057
1549	77500	5.1257e-057
1550	77550	4.82204e-057
1551	77600	4.82204e-057
1552	77650	4.57279e-057
1553	77700	1.46974e-057
1554	77750	1.46974e-057
1555	77800	1.46974e-057
1556	77850	1.07054e-057
1557	77900	1.07054e-057
1558	77950	8.76556e-058
1559	78000	7.60011e-058
1560	78050	6.15924e-058
1561	78100	6.15924e-058
1562	78150	6.15924e-058
1563	78200	6.03797e-058
1564	78250	4.52156e-058
1565	78300	4.52156e-058
1566	78350	3.45483e-058
1567	78400	2.3926e-058
1568	78450	8.91634e-059
1569	78500	8.91634e-059
1570	78550	8.91634e-059
1571	78600	8.91634e-059
1572	78650	8.91634e-059
1573	78700	4.93733e-059
1574	78750	4.93587e-059
1575	78800	4.93587e-059
1576	78850	4.93587e-059
1577	78900	4.93587e-059
1578	78950	4.93587e-059
1579	79000	4.93587e-059
1580	79050	4.77618e-059
1581	79100	4.77618e-059
1582	79150	4.12251e-059
1583	79200	3.65999e-059
1584	79250	3.10168e-059
1585	79300	2.59697e-059
1586	79350	2.59697e-059
1587	79400	1.34303e-059
1588	79450	1.34303e-059
1589	79500	9.05102e-060
1590	79550	7.08983e-060
1591	79600	6.9794e-060
1592	79650	6.79984e-060
1593	79700	6.79984e-060
1594	79750	6.79984e-060
1595	79800	6.79984e-060
1596	79850	6.79984e-060
1597	79900	6.79984e-060
1598	79950	6.79984e-060
1599	80000	6.7191e-060
1600	80050	6.7191e-060
1601	80100	5.27585e-060
1602	80150	5.19115e-060
1603	80200	5.0684e-060
1604	80250	5.0684e-060
1605	80300	3.10172e-060
1606	80350	2.97499e-060
1607	80400	2.97499e-060
1608	80450	2.97499e-060
1609	80500	2.97499e-060
1610	80550	2.70012e-060
1611	80600	2.70012e-060
1612	80650	2.68606e-060
1613	80700	2.47426e-060
1614	80750	2.16619e-060
1615	80800	2.11722e-060
1616	80850	2.11722e-060
1617	80900	2.11722e-060
1618	80950	2.11722e-060
1619	81000	1.62363e-060
1620	81050	1.62363e-060
1621	81100	1.00738e-060
1622	81150	7.50114e-061
1623	81200	7.50114e-061
1624	81250	7.50114e-061
1625	81300	6.38533e-061
1626	81350	6.38533e-061
1627	81400	6.38533e-061
1628	81450	6.37848e-061
1629	81500	6.37848e-061
1630	81550	6.37848e-061
1631	81600	6.28182e-061
1632	81650	6.1201e-061
1633	81700	6.1201e-061
1634	81750	6.1201e-061
1635	81800	6.1201e-061
1636	81850	2.56054e-061
1637	81900	2.56054e-061
1638	81950	2.56054e-061
1639	82000	2.53759e-061
1640	82050	2.22938e-061
1641	82100	2.22425e-061
1642	82150	2.22425e-061
1643	82200	2.22425e-061
1644	82250	1.05545e-061
1645	82300	1.05545e-061
1646	82350	1.00161e-061
1647	82400	9.56567e-062
1648	82450	9.56567e-062
1649	82500	9.04547e-062
1650	82550	9.04547e-062
1651	82600	8.68963e-062
1652	82650	8.68963e-062
1653	82700	8.0756e-062
1654	82750	6.08047e-062
1655	82800	6.08047e-062
1656	82850	6.08047e-062
1657	82900	6.08047e-062
1658	82950	5.26065e-062
1659	83000	5.0566e-062
1660	83050	4.34224e-062
1661	83100	4.26521e-062
1662	83150	3.40072e-062
1663	83200	3.40072e-062
1664	83250	3.40072e-062
1665	83300	3.35597e-062
1666	83350	3.35597e-062
1667	83400	3.35184e-062
1668	83450	3.35184e-062
1669	83500	3.12016e-062
1670	83550	3.12016e-062
1671	83600	3.09486e-062
1672	83650	3.01885e-062
1673	83700	3.01885e-062
1674	83750	3.01197e-062
1675	83800	3.01197e-062
1676	83850	1.91496e-062
1677	83900	1.79612e-062
1678	83950	1.78306e-062
1679	84000	1.7692e-062
1680	84050	1.7692e-062
1681	84100	1.7692e-062
1682	84150	1.76725e-062
1683	84200	1.76725e-062
1684	84250	1.75024e-062
1685	84300	1.75024e-062
1686	84350	1.75024e-062
1687	84400	1.75024e-062
1688	84450	3.10068e-063
1689	84500	3.09588e-063
1690	84550	3.09182e-063
1691	84600	3.09182e-063
1692	84650	3.09182e-063
1693	84700	3.09182e-063
1694	84750	3.09182e-063
1695	84800	2.02113e-063
1696	84850	1.65698e-063
1697	84900	1.6523e-063
1698	84950	1.65033e-063
1699	85000	1.6165e-063
1700	85050	1.6165e-063
1701	85100	1.57158e-063
1702	85150	1.57158e-063
1703	85200	1.43641e-063
1704	85250	1.43641e-063
1705	85300	8.96409e-064
1706	85350	8.96409e-064
1707	85400	8.95069e-064
1708	85450	4.00021e-064
1709	85500	1.28735e-064
1710	85550	1.26238e-064
1711	85600	1.18909e-064
1712	85650	1.18909e-064
1713	85700	1.18909e-064
1714	85750	8.89411e-065
1715	85800	6.64944e-065
1716	85850	6.64944e-065
1717	85900	6.54007e-065
1718	85950	6.54007e-065
1719	86000	5.04112e-065
1720	86050	4.38437e-065
1721	86100	4.38437e-065
1722	86150	4.24489e-065
1723	86200	3.97813e-065
1724	86250	3.97813e-065
1725	86300	3.7986e-065
1726	86350	3.7986e-065
1727	86400	3.02233e-065
1728	86450	3.02233e-065
1729	86500	2.83885e-065
1730	86550	2.83885e-065
1731	86600	2.73468e-065
1732	86650	2.73468e-065
1733	86700	1.12213e-065
1734	86750	7.9788e-066
1735	86800	7.9788e-066
1736	86850	7.9788e-066
1737	86900	7.9788e-066
1738	86950	6.77795e-066
1739	87000	6.77795e-066
1740	87050	6.05655e-066
1741	87100	6.05655e-066
1742	87150	5.03413e-066
1743	87200	3.31372e-066
1744	87250	3.31372e-066
1745	87300	3.09558e-066
1746	87350	3.09558e-066
1747	87400	3.09558e-066
1748	87450	1.94504e-066
1749	87500	1.94504e-066
1750	87550	1.94504e-066
1751	87600	1.94504e-066
1752	87650	1.94504e-066
1753	87700	1.94504e-066
1754	87750	1.94504e-066
1755	87800	1.86007e-066
1756	87850	1.86007e-066
1757	87900	1.86007e-066
1758	87950	1.09729e-066
1759	88000	1.07124e-066
1760	88050	1.02505e-066
1761	88100	1.02505e-066
1762	88150	1.02505e-066
1763	88200	4.15423e-067
1764	88250	3.49629e-067
1765	88300	2.27175e-067
1766	88350	2.27175e-067
1767	88400	2.24795e-067
1768	88450	1.19665e-067
1769	88500	1.19665e-067
1770	88550	1.17341e-067
1771	88600	1.09702e-067
1772	88650	1.09645e-067
1773	88700	1.09645e-067
1774	88750	1.09645e-067
1775	88800	1.09645e-067
1776	88850	1.09645e-067
1777	88900	1.09645e-067
1778	88950	1.09645e-067
1779	89000	1.00407e-067
1780	89050	1.00407e-067
1781	89100	9.89703e-068
1782	89150	4.51157e-068
1783	89200	4.51157e-068
1784	89250	4.51157e-068
1785	89300	4.51157e-068
1786	89350	4.51157e-068
1787	89400	3.74673e-068
1788	89450	3.04272e-068
1789	89500	1.98485e-068
1790	89550	1.6117e-068
1791	89600	1.15676e-068
1792	89650	1.0111e-068
1793	89700	1.0111e-068
1794	89750	1.0111e-068
1795	89800	1.0111e-068
1796	89850	9.51695e-069
1797	89900	9.51695e-069
1798	89950	9.51695e-069
1799	90000	8.63826e-069
1800	90050	3.73463e-069
1801	90100	3.36294e-069
1802	90150	3.36294e-069
1803	90200	3.36294e-069
1804	90250	3.36294e-069
1805	90300	3.36294e-069
1806	90350	3.06918e-069
1807	90400	3.02844e-069
1808	90450	2.8885e-069
1809	90500	2.12764e-069
1810	90550	2.07875e-069
1811	90600	2.07875e-069
1812	90650	2.07875e-069
1813	90700	2.07875e-069
1814	90750	2.07239e-069
1815	90800	2.07239e-069
1816	90850	2.07239e-069
1817	90900	2.07239e-069
1818	90950	2.07239e-069
1819	91000	2.07239e-069
1820	91050	2.07239e-069
1821	91100	2.07239e-069
1822	91150	2.07239e-069
1823	91200	2.07239e-069
1824	91250	2.07239e-069
1825	91300	4.52489e-070
1826	91350	4.52489e-070
1827	91400	4.50792e-070
1828	91450	4.50792e-070
1829	91500	3.91897e-070
1830	91550	1.25365e-070
1831	91600	1.25271e-070
1832	91650	1.17709e-070
1833	91700	1.10267e-070
1834	91750	1.10267e-070
1835	91800	1.10267e-070
1836	91850	1.05847e-070
1837	91900	1.05847e-070
1838	91950	1.03923e-070
1839	92000	1.03923e-070
1840	92050	1.03923e-070
1841	92100	1.02983e-070
1842	92150	1.02983e-070
1843	92200	6.0857e-071
1844	92250	6.0857e-071
1845	92300	4.17317e-071
1846	92350	3.74575e-071
1847	92400	3.74575e-071
1848	92450	3.57589e-071
1849	92500	3.57589e-071
1850	92550	3.26952e-071
1851	92600	2.5279e-071
1852	92650	2.5279e-071
1853	92700	2.5279e-071
1854	92750	2.5279e-071
1855	92800	2.5279e-071
1856	92850	2.5279e-071
1857	92900	2.5279e-071
1858	92950	2.01968e-071
1859	93000	2.01968e-071
1860	93050	2.01968e-071
1861	93100	2.01968e-071
1862	93150	2.01968e-071
1863	93200	2.01968e-071
1864	93250	1.93872e-071
1865	93300	1.93872e-071
1866	93350	1.93689e-071
1867	93400	1.92939e-071
1868	93450	1.76745e-071
1869	93500	1.43919e-071
1870	93550	1.43919e-071
1871	93600	4.9256e-072
1872	93650	4.9256e-072
1873	93700	4.66341e-072
1874	93750	4.66341e-072
1875	93800	4.66341e-072
1876	93850	4.66341e-072
1877	93900	2.00479e-072
1878	93950	1.22883e-072
1879	94000	1.22883e-072
1880	94050	1.22883e-072
1881	94100	1.06177e-072
1882	94150	1.06177e-072
1883	94200	8.3992e-073
1884	94250	8.35683e-073
1885	94300	8.35683e-073
1886	94350	6.95015e-073
1887	94400	6.95015e-073
1888	94450	6.95015e-073
1889	94500	6.95015e-073
1890	94550	6.95015e-073
1891	94600	6.95015e-073
1892	94650	5.71417e-073
1893	94700	4.92081e-073
1894	94750	4.92081e-073
1895	94800	4.47692e-073
1896	94850	3.65005e-073
1897	94900	3.65005e-073
1898	94950	3.65005e-073
1899	95000	1.12968e-073
1900	95050	1.12968e-073
1901	95100	1.12968e-073
1902	95150	1.05985e-073
1903	95200	1.05985e-073
1904	95250	1.05985e-073
1905	95300	1.05985e-073
1906	95350	1.05985e-073
1907	95400	1.05985e-073
1908	95450	8.41541e-074
1909	95500	8.41541e-074
1910	95550	5.72981e-074
1911	95600	5.71642e-074
1912	95650	5.71642e-074
1913	95700	4.81963e-074
1914	95750	4.81963e-074
1915	95800	4.81237e-074
1916	95850	9.67755e-075
1917	95900	9.67755e-075
1918	95950	9.16177e-075
1919	96000	9.16177e-075
1920	96050	9.02251e-075
1921	96100	9.02251e-075
1922	96150	9.02251e-075
1923	96200	9.02251e-075
1924	96250	8.43028e-075
1925	96300	8.16966e-075
1926	96350	8.03048e-075
1927	96400	8.03048e-075
1928	96450	8.03048e-075
1929	96500	2.65161e-075
1930	96550	2.65161e-075
1931	96600	2.65161e-075
1932	96650	2.65161e-075
1933	96700	1.37944e-075
1934	96750	1.07162e-075
1935	96800	1.07162e-075
1936	96850	1.07162e-075
1937	96900	1.05231e-075
1938	96950	1.05231e-075
1939	97000	1.05231e-075
1940	97050	1.05231e-075
1941	97100	1.05231e-075
1942	97150	1.05231e-075
1943	97200	1.05231e-075
1944	97250	9.51368e-076
1945	97300	9.44123e-076
1946	97350	9.44123e-076
1947	97400	9.44123e-076
1948	97450	9.44123e-076
1949	97500	8.90145e-076
1950	97550	8.90145e-076
1951	97600	8.90145e-076
1952	97650	8.90145e-076
1953	97700	8.90145e-076
1954	97750	7.94301e-076
1955	97800	7.94301e-076
1956	97850	7.47832e-076
1957	97900	7.47832e-076
1958	97950	6.2929e-076
1959	98000	5.37489e-076
1960	98050	5.37489e-076
1961	98100	5.37489e-076
1962	98150	5.37489e-076
1963	98200	5.3691e-076
1964	98250	5.3691e-076
1965	98300	3.9658e-076
1966	98350	3.90269e-076
1967	98400	2.38833e-076
1968	98450	2.38833e-076
1969	98500	1.00177e-076
1970	98550	9.91827e-077
1971	98600	9.91827e-077
1972	98650	9.91827e-077
1973	98700	9.91827e-077
1974	98750	8.02044e-077
1975	98800	7.38301e-077
1976	98850	7.38301e-077
1977	98900	7.3347e-077
1978	98950	7.32718e-077
1979	99000	7.32718e-077
1980	99050	7.32718e-077
1981	99100	7.32718e-077
1982	99150	7.32718e-077
1983	99200	7.31189e-077
1984	99250	6.47617e-077
1985	99300	6.47617e-077
1986	99350	6.47101e-077
1987	99400	6.34681e-077
1988	99450	6.29303e-077
1989	99500	6.29303e-077
1990	99550	2.97571e-077
1991	99600	6.73128e-078
1992	99650	6.35103e-078
1993	99700	6.35103e-078
1994	99750	5.78445e-078
1995	99800	5.78445e-078
1996	99850	4.37373e-078
1997	99900	4.37373e-078
1998	99950	4.37373e-078
1999	100000	3.63649e-078
2000	100050	3.63649e-078
