1	100	0
2	150	1277.36
3	200	1255.04
4	250	1084.97
5	300	772.444
6	350	634.153
7	400	634.153
8	450	634.153
9	500	553.049
10	550	521.589
11	600	521.589
12	650	521.589
13	700	521.589
14	750	521.589
15	800	521.589
16	850	521.589
17	900	521.589
18	950	521.589
19	1000	521.589
20	1050	515.992
21	1100	440.81
22	1150	440.17
23	1200	295.413
24	1250	295.413
25	1300	295.413
26	1350	295.413
27	1400	295.413
28	1450	295.413
29	1500	295.413
30	1550	295.413
31	1600	220.605
32	1650	219.856
33	1700	156.126
34	1750	156.126
35	1800	120.936
36	1850	111.666
37	1900	111.666
38	1950	111.605
39	2000	71.7037
40	2050	71.7037
41	2100	71.7037
42	2150	71.7037
43	2200	71.7037
44	2250	71.7037
45	2300	71.7037
46	2350	57.6782
47	2400	57.6782
48	2450	48.6681
49	2500	48.6681
50	2550	48.6681
51	2600	48.6681
52	2650	48.6681
53	2700	39.4306
54	2750	35.7302
55	2800	26.3359
56	2850	26.3359
57	2900	26.3359
58	2950	26.3359
59	3000	26.3359
60	3050	26.1428
61	3100	25.9402
62	3150	25.9402
63	3200	24.5197
64	3250	23.8164
65	3300	11.5884
66	3350	11.3001
67	3400	11.3001
68	3450	8.29203
69	3500	8.29203
70	3550	6.90209
71	3600	6.84129
72	3650	6.84129
73	3700	6.84129
74	3750	6.84129
75	3800	6.84129
76	3850	6.84129
77	3900	6.84129
78	3950	6.84129
79	4000	6.84129
80	4050	6.84129
81	4100	6.84129
82	4150	6.84129
83	4200	5.10463
84	4250	4.94665
85	4300	4.55101
86	4350	4.55101
87	4400	4.33879
88	4450	1.21247
89	4500	1.21247
90	4550	1.21247
91	4600	1.21247
92	4650	1.21247
93	4700	1.21247
94	4750	1.21247
95	4800	1.21247
96	4850	1.21247
97	4900	1.21247
98	4950	1.09058
99	5000	1.09058
100	5050	1.09058
101	5100	0.843285
102	5150	0.843285
103	5200	0.71434
104	5250	0.71434
105	5300	0.71434
106	5350	0.71434
107	5400	0.608313
108	5450	0.602599
109	5500	0.602599
110	5550	0.602599
111	5600	0.602599
112	5650	0.602599
113	5700	0.593065
114	5750	0.365664
115	5800	0.282318
116	5850	0.282318
117	5900	0.282318
118	5950	0.282318
119	6000	0.254811
120	6050	0.254811
121	6100	0.190158
122	6150	0.190158
123	6200	0.0349112
124	6250	0.0349112
125	6300	0.0349112
126	6350	0.0349112
127	6400	0.0349112
128	6450	0.0349112
129	6500	0.0328947
130	6550	0.0328947
131	6600	0.0328947
132	6650	0.0328947
133	6700	0.0328947
134	6750	0.0328947
135	6800	0.0324475
136	6850	0.0324475
137	6900	0.0324475
138	6950	0.0324475
139	7000	0.0324475
140	7050	0.0308812
141	7100	0.0308812
142	7150	0.0308812
143	7200	0.0308812
144	7250	0.0244121
145	7300	0.0244121
146	7350	0.0244121
147	7400	0.0244121
148	7450	0.0244121
149	7500	0.0174748
150	7550	0.0174748
151	7600	0.0144058
152	7650	0.0144058
153	7700	0.0144058
154	7750	0.0144058
155	7800	0.0144058
156	7850	0.0144058
157	7900	0.0144058
158	7950	0.0144058
159	8000	0.0142713
160	8050	0.0142713
161	8100	0.0142713
162	8150	0.0142713
163	8200	0.0142713
164	8250	0.0142713
165	8300	0.0142713
166	8350	0.0142713
167	8400	0.0140805
168	8450	0.00959203
169	8500	0.00959203
170	8550	0.00743279
171	8600	0.00649411
172	8650	0.00649411
173	8700	0.00432288
174	8750	0.00432288
175	8800	0.00432288
176	8850	0.00432288
177	8900	0.00432288
178	8950	0.00239224
179	9000	0.00239224
180	9050	0.00239224
181	9100	0.00239224
182	9150	0.00239224
183	9200	0.00239224
184	9250	0.00239224
185	9300	0.00239224
186	9350	0.00239224
187	9400	0.00239224
188	9450	0.00235015
189	9500	0.00235015
190	9550	0.00235015
191	9600	0.00235015
192	9650	0.00235015
193	9700	0.00221913
194	9750	0.00221913
195	9800	0.00221913
196	9850	0.00221913
197	9900	0.00221913
198	9950	0.00221913
199	10000	0.00221645
200	10050	0.00221645
201	10100	0.00125689
202	10150	0.00125689
203	10200	0.00125689
204	10250	0.00125689
205	10300	0.00125689
206	10350	0.00125689
207	10400	0.00125689
208	10450	0.00125689
209	10500	0.00125689
210	10550	0.000962358
211	10600	0.000854483
212	10650	0.000710099
213	10700	0.000710099
214	10750	0.000710099
215	10800	0.000710099
216	10850	0.000710099
217	10900	0.000710099
218	10950	0.000710099
219	11000	0.000701359
220	11050	0.000366093
221	11100	0.000346885
222	11150	0.000291324
223	11200	0.000291324
224	11250	0.000291324
225	11300	0.000291324
226	11350	0.000261634
227	11400	0.000261634
228	11450	0.000261634
229	11500	0.000202072
230	11550	0.000202072
231	11600	0.000202072
232	11650	0.000188127
233	11700	0.000188127
234	11750	8.55669e-005
235	11800	8.55669e-005
236	11850	8.55669e-005
237	11900	8.55669e-005
238	11950	7.71042e-005
239	12000	7.71042e-005
240	12050	7.71042e-005
241	12100	7.71042e-005
242	12150	7.71042e-005
243	12200	7.71042e-005
244	12250	7.71042e-005
245	12300	5.10986e-005
246	12350	5.10986e-005
247	12400	5.10986e-005
248	12450	4.522e-005
249	12500	4.522e-005
250	12550	4.34156e-005
251	12600	4.01846e-005
252	12650	4.01846e-005
253	12700	4.01846e-005
254	12750	4.01846e-005
255	12800	3.75498e-005
256	12850	3.46564e-005
257	12900	1.82407e-005
258	12950	1.82407e-005
259	13000	1.33942e-005
260	13050	1.33942e-005
261	13100	1.33942e-005
262	13150	1.33942e-005
263	13200	1.11299e-005
264	13250	1.11299e-005
265	13300	1.03227e-005
266	13350	1.03227e-005
267	13400	9.89036e-006
268	13450	8.0188e-006
269	13500	8.0188e-006
270	13550	8.0188e-006
271	13600	8.0188e-006
272	13650	8.0188e-006
273	13700	8.0188e-006
274	13750	5.44756e-006
275	13800	5.17155e-006
276	13850	4.35599e-006
277	13900	4.35599e-006
278	13950	4.35599e-006
279	14000	4.35599e-006
280	14050	4.35599e-006
281	14100	3.98109e-006
282	14150	3.98109e-006
283	14200	3.98109e-006
284	14250	3.98109e-006
285	14300	3.98109e-006
286	14350	3.5824e-006
287	14400	3.5824e-006
288	14450	3.5824e-006
289	14500	3.24612e-006
290	14550	3.24612e-006
291	14600	3.24612e-006
292	14650	2.68046e-006
293	14700	2.61809e-006
294	14750	1.7159e-006
295	14800	1.7159e-006
296	14850	1.60948e-006
297	14900	9.80894e-007
298	14950	9.80894e-007
299	15000	9.80894e-007
300	15050	8.24765e-007
301	15100	8.24765e-007
302	15150	8.24765e-007
303	15200	8.24765e-007
304	15250	8.24765e-007
305	15300	8.24765e-007
306	15350	8.24765e-007
307	15400	7.85972e-007
308	15450	7.85972e-007
309	15500	7.85972e-007
310	15550	7.85972e-007
311	15600	7.85972e-007
312	15650	7.85972e-007
313	15700	7.85972e-007
314	15750	7.85972e-007
315	15800	7.85972e-007
316	15850	7.85972e-007
317	15900	7.84924e-007
318	15950	7.84924e-007
319	16000	7.84924e-007
320	16050	7.84924e-007
321	16100	7.84924e-007
322	16150	7.84924e-007
323	16200	7.84924e-007
324	16250	7.84924e-007
325	16300	7.46726e-007
326	16350	7.39427e-007
327	16400	7.39427e-007
328	16450	7.39427e-007
329	16500	1.68883e-007
330	16550	1.68883e-007
331	16600	1.68883e-007
332	16650	1.68883e-007
333	16700	1.68883e-007
334	16750	1.68883e-007
335	16800	1.53837e-007
336	16850	1.53837e-007
337	16900	1.09859e-007
338	16950	1.06452e-007
339	17000	1.06006e-007
340	17050	9.97969e-008
341	17100	9.97969e-008
342	17150	7.46238e-008
343	17200	7.46238e-008
344	17250	7.46238e-008
345	17300	7.46238e-008
346	17350	7.30195e-008
347	17400	2.17205e-008
348	17450	2.02254e-008
349	17500	2.02254e-008
350	17550	2.02254e-008
351	17600	2.02254e-008
352	17650	2.02254e-008
353	17700	1.86294e-008
354	17750	1.75974e-008
355	17800	1.75974e-008
356	17850	1.60778e-008
357	17900	1.60778e-008
358	17950	1.39218e-008
359	18000	1.37916e-008
360	18050	1.00243e-008
361	18100	1.00243e-008
362	18150	1.00243e-008
363	18200	1.00243e-008
364	18250	1.00243e-008
365	18300	1.00243e-008
366	18350	1.00243e-008
367	18400	8.50511e-009
368	18450	8.50511e-009
369	18500	7.45409e-009
370	18550	6.96857e-009
371	18600	6.70589e-009
372	18650	6.65721e-009
373	18700	6.65721e-009
374	18750	6.65721e-009
375	18800	6.65721e-009
376	18850	6.65721e-009
377	18900	2.1929e-009
378	18950	2.1929e-009
379	19000	9.51063e-010
380	19050	9.51063e-010
381	19100	9.51063e-010
382	19150	9.51063e-010
383	19200	9.51063e-010
384	19250	9.51063e-010
385	19300	6.95235e-010
386	19350	6.95235e-010
387	19400	6.05899e-010
388	19450	5.96007e-010
389	19500	5.96007e-010
390	19550	5.96007e-010
391	19600	5.96007e-010
392	19650	5.96007e-010
393	19700	5.96007e-010
394	19750	5.96007e-010
395	19800	5.96007e-010
396	19850	5.96007e-010
397	19900	5.96007e-010
398	19950	5.30794e-010
399	20000	5.30794e-010
400	20050	5.30794e-010
401	20100	5.30794e-010
402	20150	5.30794e-010
403	20200	5.30794e-010
404	20250	1.49059e-010
405	20300	1.49059e-010
406	20350	1.49059e-010
407	20400	1.49059e-010
408	20450	1.49059e-010
409	20500	1.25308e-010
410	20550	1.24771e-010
411	20600	1.24771e-010
412	20650	1.24771e-010
413	20700	1.24771e-010
414	20750	1.24771e-010
415	20800	1.05073e-010
416	20850	9.13588e-011
417	20900	9.13588e-011
418	20950	9.13588e-011
419	21000	9.13588e-011
420	21050	9.13588e-011
421	21100	6.59045e-011
422	21150	5.64018e-011
423	21200	5.64018e-011
424	21250	5.64018e-011
425	21300	5.64018e-011
426	21350	5.64018e-011
427	21400	5.64018e-011
428	21450	5.64018e-011
429	21500	5.64018e-011
430	21550	5.64018e-011
431	21600	5.64018e-011
432	21650	4.69742e-011
433	21700	4.21946e-011
434	21750	4.21946e-011
435	21800	4.06964e-011
436	21850	4.06964e-011
437	21900	4.06964e-011
438	21950	2.7985e-011
439	22000	2.7985e-011
440	22050	2.7985e-011
441	22100	2.30959e-011
442	22150	2.30959e-011
443	22200	2.19711e-011
444	22250	1.68783e-011
445	22300	1.67788e-011
446	22350	1.49625e-011
447	22400	1.49625e-011
448	22450	1.24685e-011
449	22500	1.24685e-011
450	22550	1.24685e-011
451	22600	1.15158e-011
452	22650	1.15158e-011
453	22700	7.13048e-012
454	22750	4.68349e-012
455	22800	4.68349e-012
456	22850	4.64858e-012
457	22900	4.64858e-012
458	22950	4.64858e-012
459	23000	4.64858e-012
460	23050	4.64858e-012
461	23100	4.51163e-012
462	23150	4.3759e-012
463	23200	3.85151e-012
464	23250	3.85151e-012
465	23300	3.85151e-012
466	23350	2.42838e-012
467	23400	2.28991e-012
468	23450	2.28991e-012
469	23500	2.27759e-012
470	23550	2.07598e-012
471	23600	1.96134e-012
472	23650	1.93785e-012
473	23700	1.93785e-012
474	23750	1.93785e-012
475	23800	1.9075e-012
476	23850	1.80674e-012
477	23900	1.60407e-012
478	23950	8.27732e-013
479	24000	8.27732e-013
480	24050	8.27732e-013
481	24100	8.27732e-013
482	24150	8.27732e-013
483	24200	8.27732e-013
484	24250	8.27732e-013
485	24300	8.27732e-013
486	24350	5.99346e-013
487	24400	5.99346e-013
488	24450	4.51768e-013
489	24500	4.49239e-013
490	24550	4.46717e-013
491	24600	3.75518e-013
492	24650	3.48736e-013
493	24700	3.20443e-013
494	24750	3.03408e-013
495	24800	2.66696e-013
496	24850	2.25431e-013
497	24900	1.14881e-013
498	24950	1.14881e-013
499	25000	1.14881e-013
500	25050	1.14881e-013
501	25100	8.76039e-014
502	25150	8.76039e-014
503	25200	8.60862e-014
504	25250	2.38209e-014
505	25300	2.38209e-014
506	25350	9.71824e-015
507	25400	9.71824e-015
508	25450	9.71824e-015
509	25500	9.71824e-015
510	25550	9.71824e-015
511	25600	9.46779e-015
512	25650	9.46779e-015
513	25700	9.46779e-015
514	25750	9.46779e-015
515	25800	4.71084e-015
516	25850	4.71084e-015
517	25900	4.69033e-015
518	25950	4.69033e-015
519	26000	4.69033e-015
520	26050	4.62378e-015
521	26100	4.62378e-015
522	26150	4.62378e-015
523	26200	4.38286e-015
524	26250	4.38286e-015
525	26300	4.38286e-015
526	26350	4.38286e-015
527	26400	4.38286e-015
528	26450	4.38286e-015
529	26500	4.38286e-015
530	26550	4.38286e-015
531	26600	4.38286e-015
532	26650	4.38286e-015
533	26700	3.96102e-015
534	26750	3.96102e-015
535	26800	3.94162e-015
536	26850	3.94162e-015
537	26900	3.94162e-015
538	26950	3.94162e-015
539	27000	3.94162e-015
540	27050	3.94162e-015
541	27100	3.94162e-015
542	27150	2.19815e-015
543	27200	8.40188e-016
544	27250	8.40188e-016
545	27300	8.40188e-016
546	27350	7.80292e-016
547	27400	7.80292e-016
548	27450	7.80292e-016
549	27500	7.80292e-016
550	27550	7.80292e-016
551	27600	7.80292e-016
552	27650	7.80292e-016
553	27700	7.58187e-016
554	27750	7.58187e-016
555	27800	7.19729e-016
556	27850	7.19729e-016
557	27900	6.72447e-016
558	27950	6.72447e-016
559	28000	1.76924e-016
560	28050	1.76924e-016
561	28100	1.76924e-016
562	28150	1.76924e-016
563	28200	1.76924e-016
564	28250	1.39084e-016
565	28300	9.61482e-017
566	28350	8.43319e-017
567	28400	4.88169e-017
568	28450	4.88169e-017
569	28500	4.88169e-017
570	28550	4.88169e-017
571	28600	4.33466e-017
572	28650	4.33466e-017
573	28700	4.33466e-017
574	28750	4.33466e-017
575	28800	4.33466e-017
576	28850	4.33466e-017
577	28900	4.33466e-017
578	28950	4.33466e-017
579	29000	4.33466e-017
580	29050	4.33466e-017
581	29100	2.41594e-017
582	29150	2.41594e-017
583	29200	2.41594e-017
584	29250	2.41594e-017
585	29300	2.41594e-017
586	29350	2.38481e-017
587	29400	2.16607e-017
588	29450	2.16607e-017
589	29500	2.16607e-017
590	29550	2.16607e-017
591	29600	2.16607e-017
592	29650	2.16607e-017
593	29700	2.16607e-017
594	29750	2.16607e-017
595	29800	1.91089e-017
596	29850	1.91089e-017
597	29900	1.91089e-017
598	29950	1.72226e-017
599	30000	1.72226e-017
600	30050	1.44087e-017
601	30100	1.39424e-017
602	30150	1.39424e-017
603	30200	6.65529e-018
604	30250	6.65529e-018
605	30300	5.26588e-018
606	30350	5.26588e-018
607	30400	4.94648e-018
608	30450	4.94268e-018
609	30500	4.87968e-018
610	30550	4.87968e-018
611	30600	4.87968e-018
612	30650	4.87968e-018
613	30700	4.87968e-018
614	30750	4.87968e-018
615	30800	2.61207e-018
616	30850	2.61207e-018
617	30900	2.12855e-018
618	30950	2.12855e-018
619	31000	2.12855e-018
620	31050	2.12855e-018
621	31100	2.11922e-018
622	31150	2.11922e-018
623	31200	2.11922e-018
624	31250	2.11922e-018
625	31300	1.42881e-018
626	31350	1.42881e-018
627	31400	1.42881e-018
628	31450	1.42881e-018
629	31500	1.42881e-018
630	31550	1.42881e-018
631	31600	2.18747e-019
632	31650	2.18747e-019
633	31700	2.18747e-019
634	31750	1.53954e-019
635	31800	1.53954e-019
636	31850	1.53954e-019
637	31900	1.53954e-019
638	31950	1.53954e-019
639	32000	1.53954e-019
640	32050	1.53954e-019
641	32100	1.45235e-019
642	32150	1.45235e-019
643	32200	1.45235e-019
644	32250	1.39848e-019
645	32300	1.39848e-019
646	32350	1.39848e-019
647	32400	1.39848e-019
648	32450	1.39848e-019
649	32500	1.39848e-019
650	32550	1.39848e-019
651	32600	1.39848e-019
652	32650	1.39848e-019
653	32700	1.39848e-019
654	32750	1.39848e-019
655	32800	1.39848e-019
656	32850	1.14551e-019
657	32900	1.14551e-019
658	32950	1.02759e-019
659	33000	1.02759e-019
660	33050	7.81198e-020
661	33100	7.81198e-020
662	33150	7.81198e-020
663	33200	7.54598e-020
664	33250	7.54598e-020
665	33300	7.54598e-020
666	33350	7.34748e-020
667	33400	6.83626e-020
668	33450	6.83626e-020
669	33500	6.83626e-020
670	33550	6.83626e-020
671	33600	6.69401e-020
672	33650	1.41189e-020
673	33700	1.40655e-020
674	33750	1.33288e-020
675	33800	1.33288e-020
676	33850	1.33288e-020
677	33900	1.33288e-020
678	33950	1.33288e-020
679	34000	1.33288e-020
680	34050	1.33288e-020
681	34100	1.33288e-020
682	34150	1.33288e-020
683	34200	8.57607e-021
684	34250	8.57607e-021
685	34300	6.90739e-021
686	34350	4.14628e-021
687	34400	3.94052e-021
688	34450	3.65709e-021
689	34500	3.65709e-021
690	34550	3.65709e-021
691	34600	3.65709e-021
692	34650	3.65709e-021
693	34700	3.65709e-021
694	34750	3.65709e-021
695	34800	3.65709e-021
696	34850	2.97915e-021
697	34900	2.97915e-021
698	34950	2.97915e-021
699	35000	2.00373e-021
700	35050	1.86609e-021
701	35100	1.86609e-021
702	35150	1.80442e-021
703	35200	1.80442e-021
704	35250	1.80442e-021
705	35300	1.80442e-021
706	35350	1.80442e-021
707	35400	1.03083e-021
708	35450	5.81168e-022
709	35500	5.81168e-022
710	35550	4.98656e-022
711	35600	4.98656e-022
712	35650	4.98656e-022
713	35700	4.98656e-022
714	35750	4.98656e-022
715	35800	4.98656e-022
716	35850	4.98656e-022
717	35900	4.61837e-022
718	35950	4.61837e-022
719	36000	4.61837e-022
720	36050	4.61837e-022
721	36100	4.61837e-022
722	36150	2.1467e-022
723	36200	2.1467e-022
724	36250	2.1467e-022
725	36300	2.1467e-022
726	36350	2.1467e-022
727	36400	2.1467e-022
728	36450	1.53713e-022
729	36500	1.53713e-022
730	36550	1.53713e-022
731	36600	1.27914e-022
732	36650	1.27914e-022
733	36700	1.27914e-022
734	36750	1.10629e-022
735	36800	1.09667e-022
736	36850	1.09667e-022
737	36900	6.38365e-023
738	36950	6.38365e-023
739	37000	6.38365e-023
740	37050	6.38365e-023
741	37100	6.14848e-023
742	37150	6.14848e-023
743	37200	6.14848e-023
744	37250	6.14848e-023
745	37300	6.14848e-023
746	37350	6.14848e-023
747	37400	3.23824e-023
748	37450	3.23824e-023
749	37500	1.88145e-023
750	37550	1.88145e-023
751	37600	1.88145e-023
752	37650	1.88145e-023
753	37700	1.88145e-023
754	37750	1.88145e-023
755	37800	1.88145e-023
756	37850	1.40068e-023
757	37900	1.40068e-023
758	37950	1.40068e-023
759	38000	1.32402e-023
760	38050	1.32402e-023
761	38100	1.22919e-023
762	38150	1.21963e-023
763	38200	1.21963e-023
764	38250	1.21645e-023
765	38300	1.21645e-023
766	38350	1.21645e-023
767	38400	1.21645e-023
768	38450	1.21645e-023
769	38500	7.70657e-024
770	38550	7.27819e-024
771	38600	6.57209e-024
772	38650	6.57209e-024
773	38700	6.57209e-024
774	38750	6.57209e-024
775	38800	5.2031e-024
776	38850	5.2031e-024
777	38900	5.2031e-024
778	38950	4.8806e-024
779	39000	4.73006e-024
780	39050	4.73006e-024
781	39100	4.41071e-024
782	39150	4.40807e-024
783	39200	3.60525e-024
784	39250	3.60525e-024
785	39300	3.45629e-024
786	39350	3.11888e-024
787	39400	3.11888e-024
788	39450	2.59701e-024
789	39500	1.76487e-024
790	39550	7.27276e-025
791	39600	7.27276e-025
792	39650	3.76447e-025
793	39700	3.76447e-025
794	39750	3.76447e-025
795	39800	3.46687e-025
796	39850	3.46687e-025
797	39900	3.46687e-025
798	39950	3.46687e-025
799	40000	3.46687e-025
800	40050	3.46687e-025
801	40100	3.46687e-025
802	40150	3.46687e-025
803	40200	3.46687e-025
804	40250	3.46687e-025
805	40300	3.46687e-025
806	40350	3.46687e-025
807	40400	2.99193e-025
808	40450	2.99193e-025
809	40500	2.99193e-025
810	40550	2.99193e-025
811	40600	2.99193e-025
812	40650	2.99193e-025
813	40700	2.99193e-025
814	40750	2.99193e-025
815	40800	2.99193e-025
816	40850	2.99193e-025
817	40900	2.93912e-025
818	40950	2.93912e-025
819	41000	2.93912e-025
820	41050	2.60718e-025
821	41100	2.60718e-025
822	41150	2.53206e-025
823	41200	2.53206e-025
824	41250	2.4781e-025
825	41300	4.55385e-026
826	41350	4.42126e-026
827	41400	4.42126e-026
828	41450	4.42126e-026
829	41500	4.36546e-026
830	41550	3.10599e-026
831	41600	2.81978e-026
832	41650	2.81978e-026
833	41700	2.81978e-026
834	41750	2.17332e-026
835	41800	2.17332e-026
836	41850	2.17332e-026
837	41900	1.32105e-026
838	41950	1.32105e-026
839	42000	1.32105e-026
840	42050	1.32105e-026
841	42100	1.32105e-026
842	42150	1.17524e-026
843	42200	4.85161e-027
844	42250	4.38178e-027
845	42300	4.38178e-027
846	42350	3.37832e-027
847	42400	2.77659e-027
848	42450	2.77659e-027
849	42500	2.77659e-027
850	42550	2.77659e-027
851	42600	2.77659e-027
852	42650	2.77659e-027
853	42700	2.69141e-027
854	42750	2.69141e-027
855	42800	2.69141e-027
856	42850	2.21399e-027
857	42900	2.21399e-027
858	42950	2.05723e-027
859	43000	2.05723e-027
860	43050	2.05723e-027
861	43100	2.04314e-027
862	43150	2.04314e-027
863	43200	2.01419e-027
864	43250	1.2193e-027
865	43300	1.2193e-027
866	43350	1.13789e-027
867	43400	9.91818e-028
868	43450	9.88721e-028
869	43500	9.82069e-028
870	43550	3.09112e-028
871	43600	3.09112e-028
872	43650	3.09112e-028
873	43700	3.09112e-028
874	43750	2.98459e-028
875	43800	2.98459e-028
876	43850	2.32861e-028
877	43900	2.32861e-028
878	43950	2.32861e-028
879	44000	1.63741e-028
880	44050	1.63741e-028
881	44100	1.42341e-028
882	44150	1.42341e-028
883	44200	1.42341e-028
884	44250	1.42341e-028
885	44300	9.26552e-029
886	44350	9.08768e-029
887	44400	3.42836e-029
888	44450	3.42836e-029
889	44500	3.42836e-029
890	44550	2.85303e-029
891	44600	2.60673e-029
892	44650	2.60673e-029
893	44700	1.70926e-029
894	44750	1.70926e-029
895	44800	1.08954e-029
896	44850	1.08954e-029
897	44900	1.08954e-029
898	44950	1.08954e-029
899	45000	9.35845e-030
900	45050	9.35845e-030
901	45100	9.35845e-030
902	45150	9.35845e-030
903	45200	9.35845e-030
904	45250	9.35845e-030
905	45300	9.35845e-030
906	45350	9.34228e-030
907	45400	9.20195e-030
908	45450	8.07587e-030
909	45500	7.62712e-030
910	45550	6.57396e-030
911	45600	5.70125e-030
912	45650	3.16255e-030
913	45700	3.14044e-030
914	45750	3.14044e-030
915	45800	3.14044e-030
916	45850	3.14044e-030
917	45900	1.92878e-030
918	45950	1.92878e-030
919	46000	1.92878e-030
920	46050	1.92878e-030
921	46100	1.92878e-030
922	46150	1.92878e-030
923	46200	1.92878e-030
924	46250	1.21522e-030
925	46300	1.21522e-030
926	46350	8.84629e-031
927	46400	6.64267e-031
928	46450	6.64267e-031
929	46500	6.64267e-031
930	46550	6.64267e-031
931	46600	6.64267e-031
932	46650	6.64267e-031
933	46700	6.64267e-031
934	46750	6.64267e-031
935	46800	6.64267e-031
936	46850	6.64267e-031
937	46900	6.64267e-031
938	46950	5.19014e-031
939	47000	5.14472e-031
940	47050	5.14472e-031
941	47100	5.14472e-031
942	47150	3.11569e-031
943	47200	2.28856e-031
944	47250	2.28856e-031
945	47300	1.17866e-031
946	47350	1.17866e-031
947	47400	1.06166e-031
948	47450	1.06166e-031
949	47500	1.06166e-031
950	47550	1.06166e-031
951	47600	1.01228e-031
952	47650	1.01228e-031
953	47700	1.01228e-031
954	47750	1.01228e-031
955	47800	1.01228e-031
956	47850	1.01228e-031
957	47900	1.01228e-031
958	47950	7.92679e-032
959	48000	7.92679e-032
960	48050	7.92679e-032
961	48100	7.92679e-032
962	48150	7.92679e-032
963	48200	7.92679e-032
964	48250	7.92679e-032
965	48300	7.14973e-032
966	48350	7.14973e-032
967	48400	7.14973e-032
968	48450	7.14973e-032
969	48500	7.04245e-032
970	48550	6.79799e-032
971	48600	6.79799e-032
972	48650	6.79799e-032
973	48700	6.79799e-032
974	48750	1.39355e-032
975	48800	1.39355e-032
976	48850	1.28595e-032
977	48900	1.0422e-032
978	48950	1.0422e-032
979	49000	9.23511e-033
980	49050	8.00362e-033
981	49100	6.93952e-033
982	49150	6.69523e-033
983	49200	6.20493e-033
984	49250	6.15489e-033
985	49300	6.15489e-033
986	49350	6.15489e-033
987	49400	2.74551e-033
988	49450	2.74551e-033
989	49500	2.68335e-033
990	49550	2.68335e-033
991	49600	2.21627e-033
992	49650	2.21627e-033
993	49700	2.07975e-033
994	49750	2.0548e-033
995	49800	2.0548e-033
996	49850	2.0548e-033
997	49900	2.0548e-033
998	49950	2.0548e-033
999	50000	1.38602e-033
1000	50050	1.38602e-033
1001	50100	1.38602e-033
1002	50150	1.18275e-033
1003	50200	1.16748e-033
1004	50250	1.15492e-033
1005	50300	1.15492e-033
1006	50350	1.06615e-033
1007	50400	1.06615e-033
1008	50450	2.46681e-034
1009	50500	2.46681e-034
1010	50550	2.46681e-034
1011	50600	2.46681e-034
1012	50650	2.43994e-034
1013	50700	2.42583e-034
1014	50750	2.42583e-034
1015	50800	2.42583e-034
1016	50850	2.42583e-034
1017	50900	2.42583e-034
1018	50950	2.42583e-034
1019	51000	2.14805e-034
1020	51050	1.91324e-034
1021	51100	1.71312e-034
1022	51150	1.71312e-034
1023	51200	1.62582e-034
1024	51250	1.54671e-034
1025	51300	1.54671e-034
1026	51350	1.42004e-034
1027	51400	1.21761e-034
1028	51450	1.20766e-034
1029	51500	1.19381e-034
1030	51550	1.19381e-034
1031	51600	1.08215e-034
1032	51650	1.02027e-034
1033	51700	1.01765e-034
1034	51750	1.01765e-034
1035	51800	8.80134e-035
1036	51850	8.80134e-035
1037	51900	8.80134e-035
1038	51950	8.78624e-035
1039	52000	4.68091e-035
1040	52050	4.68091e-035
1041	52100	4.64969e-035
1042	52150	4.64969e-035
1043	52200	7.67524e-036
1044	52250	7.45843e-036
1045	52300	7.21838e-036
1046	52350	7.21838e-036
1047	52400	6.95902e-036
1048	52450	6.95902e-036
1049	52500	5.85483e-036
1050	52550	5.78275e-036
1051	52600	5.78275e-036
1052	52650	5.78275e-036
1053	52700	5.78275e-036
1054	52750	5.78275e-036
1055	52800	5.78275e-036
1056	52850	5.78275e-036
1057	52900	5.78275e-036
1058	52950	5.78275e-036
1059	53000	4.41877e-036
1060	53050	4.41877e-036
1061	53100	4.41877e-036
1062	53150	4.41877e-036
1063	53200	2.94738e-036
1064	53250	2.44269e-036
1065	53300	1.88478e-036
1066	53350	9.4335e-037
1067	53400	9.4335e-037
1068	53450	9.4335e-037
1069	53500	9.4335e-037
1070	53550	2.91347e-037
1071	53600	2.91347e-037
1072	53650	2.91347e-037
1073	53700	2.89047e-037
1074	53750	2.89047e-037
1075	53800	2.89047e-037
1076	53850	2.20459e-037
1077	53900	2.20459e-037
1078	53950	2.20459e-037
1079	54000	2.20459e-037
1080	54050	2.20459e-037
1081	54100	2.20459e-037
1082	54150	2.20459e-037
1083	54200	2.20459e-037
1084	54250	2.20459e-037
1085	54300	2.20459e-037
1086	54350	1.34569e-037
1087	54400	1.34569e-037
1088	54450	1.34569e-037
1089	54500	1.20108e-037
1090	54550	1.18019e-037
1091	54600	1.14643e-037
1092	54650	1.14643e-037
1093	54700	1.06114e-037
1094	54750	1.06114e-037
1095	54800	1.06114e-037
1096	54850	9.44752e-038
1097	54900	9.44752e-038
1098	54950	9.44752e-038
1099	55000	5.43568e-038
1100	55050	5.43568e-038
1101	55100	5.43383e-038
1102	55150	4.57132e-038
1103	55200	4.57132e-038
1104	55250	3.54218e-038
1105	55300	3.54218e-038
1106	55350	3.54218e-038
1107	55400	3.54218e-038
1108	55450	3.54218e-038
1109	55500	3.54218e-038
1110	55550	3.54218e-038
1111	55600	3.54218e-038
1112	55650	3.47001e-038
1113	55700	3.03445e-038
1114	55750	2.11669e-038
1115	55800	2.11669e-038
1116	55850	2.11669e-038
1117	55900	2.11669e-038
1118	55950	1.58533e-038
1119	56000	1.58533e-038
1120	56050	1.58533e-038
1121	56100	1.53988e-038
1122	56150	1.49599e-038
1123	56200	8.25648e-039
1124	56250	8.25648e-039
1125	56300	8.25648e-039
1126	56350	7.09471e-039
1127	56400	7.09471e-039
1128	56450	7.09471e-039
1129	56500	7.09471e-039
1130	56550	7.09471e-039
1131	56600	7.09471e-039
1132	56650	7.09471e-039
1133	56700	5.63178e-039
1134	56750	2.77343e-039
1135	56800	2.77343e-039
1136	56850	2.77343e-039
1137	56900	2.77343e-039
1138	56950	2.7075e-039
1139	57000	2.7075e-039
1140	57050	2.7075e-039
1141	57100	2.66245e-039
1142	57150	2.66245e-039
1143	57200	2.51951e-039
1144	57250	2.43818e-039
1145	57300	2.4366e-039
1146	57350	2.4366e-039
1147	57400	2.4366e-039
1148	57450	2.28373e-039
1149	57500	2.28373e-039
1150	57550	2.28373e-039
1151	57600	2.28373e-039
1152	57650	1.25154e-039
1153	57700	1.25154e-039
1154	57750	1.12541e-039
1155	57800	1.12541e-039
1156	57850	1.05072e-039
1157	57900	9.21824e-040
1158	57950	7.5455e-040
1159	58000	7.5455e-040
1160	58050	7.5455e-040
1161	58100	7.5455e-040
1162	58150	7.5455e-040
1163	58200	6.42622e-040
1164	58250	6.3011e-040
1165	58300	6.3011e-040
1166	58350	5.71243e-040
1167	58400	2.31234e-040
1168	58450	2.00201e-040
1169	58500	2.00201e-040
1170	58550	1.96375e-040
1171	58600	1.7693e-040
1172	58650	1.7693e-040
1173	58700	1.76841e-040
1174	58750	1.76841e-040
1175	58800	1.58484e-040
1176	58850	1.58484e-040
1177	58900	1.58484e-040
1178	58950	1.5325e-040
1179	59000	1.48484e-040
1180	59050	1.48484e-040
1181	59100	1.48484e-040
1182	59150	1.46984e-040
1183	59200	1.46984e-040
1184	59250	1.46984e-040
1185	59300	1.43556e-040
1186	59350	1.43556e-040
1187	59400	1.43556e-040
1188	59450	1.43556e-040
1189	59500	1.43556e-040
1190	59550	1.85006e-041
1191	59600	1.85006e-041
1192	59650	1.85006e-041
1193	59700	1.85006e-041
1194	59750	1.85006e-041
1195	59800	1.84829e-041
1196	59850	1.59724e-041
1197	59900	1.59724e-041
1198	59950	1.40375e-041
1199	60000	1.07074e-041
1200	60050	1.06899e-041
1201	60100	1.06899e-041
1202	60150	1.06899e-041
1203	60200	1.0679e-041
1204	60250	1.0679e-041
1205	60300	9.88559e-042
1206	60350	9.88559e-042
1207	60400	9.78001e-042
1208	60450	9.78001e-042
1209	60500	9.3152e-042
1210	60550	9.3152e-042
1211	60600	9.3152e-042
1212	60650	9.31372e-042
1213	60700	9.28606e-042
1214	60750	9.28606e-042
1215	60800	8.722e-042
1216	60850	8.722e-042
1217	60900	8.722e-042
1218	60950	8.722e-042
1219	61000	2.55648e-042
1220	61050	2.34343e-042
1221	61100	2.34343e-042
1222	61150	2.33185e-042
1223	61200	2.13546e-042
1224	61250	2.08292e-042
1225	61300	2.08292e-042
1226	61350	2.08292e-042
1227	61400	2.08292e-042
1228	61450	2.08292e-042
1229	61500	2.08259e-042
1230	61550	2.07753e-042
1231	61600	2.07753e-042
1232	61650	2.07753e-042
1233	61700	3.35759e-043
1234	61750	1.59214e-043
1235	61800	1.59214e-043
1236	61850	1.59214e-043
1237	61900	1.59214e-043
1238	61950	1.59214e-043
1239	62000	1.34028e-043
1240	62050	1.34028e-043
1241	62100	1.34028e-043
1242	62150	1.34028e-043
1243	62200	1.34028e-043
1244	62250	1.28206e-043
1245	62300	1.28206e-043
1246	62350	1.28206e-043
1247	62400	8.87296e-044
1248	62450	8.87296e-044
1249	62500	8.87296e-044
1250	62550	8.6855e-044
1251	62600	6.47725e-044
1252	62650	5.95243e-044
1253	62700	5.51229e-044
1254	62750	5.0028e-044
1255	62800	4.81142e-044
1256	62850	4.3023e-044
1257	62900	2.94426e-044
1258	62950	2.94426e-044
1259	63000	2.94426e-044
1260	63050	2.94426e-044
1261	63100	2.72914e-044
1262	63150	2.72914e-044
1263	63200	2.72914e-044
1264	63250	2.69528e-044
1265	63300	2.52523e-044
1266	63350	2.47551e-044
1267	63400	6.22708e-045
1268	63450	6.22708e-045
1269	63500	6.22708e-045
1270	63550	6.12572e-045
1271	63600	4.55037e-045
1272	63650	4.49844e-045
1273	63700	4.27661e-045
1274	63750	3.69392e-045
1275	63800	3.12071e-045
1276	63850	3.12071e-045
1277	63900	2.97083e-045
1278	63950	2.97083e-045
1279	64000	2.87333e-045
1280	64050	2.61293e-045
1281	64100	2.61293e-045
1282	64150	1.39654e-045
1283	64200	1.3719e-045
1284	64250	1.34824e-045
1285	64300	1.22134e-045
1286	64350	6.62841e-046
1287	64400	6.62841e-046
1288	64450	6.62841e-046
1289	64500	6.58643e-046
1290	64550	5.94726e-046
1291	64600	5.94726e-046
1292	64650	5.94726e-046
1293	64700	5.94726e-046
1294	64750	5.94726e-046
1295	64800	5.94726e-046
1296	64850	5.22914e-046
1297	64900	5.22914e-046
1298	64950	5.22914e-046
1299	65000	3.67334e-046
1300	65050	3.3964e-046
1301	65100	3.3964e-046
1302	65150	3.3964e-046
1303	65200	3.3964e-046
1304	65250	3.32845e-046
1305	65300	3.15433e-046
1306	65350	3.15087e-046
1307	65400	3.15087e-046
1308	65450	3.12207e-046
1309	65500	3.10469e-046
1310	65550	2.26936e-046
1311	65600	2.25604e-046
1312	65650	2.25604e-046
1313	65700	2.25604e-046
1314	65750	2.23519e-046
1315	65800	1.01282e-046
1316	65850	1.01282e-046
1317	65900	6.93055e-047
1318	65950	6.93055e-047
1319	66000	5.80188e-047
1320	66050	5.80188e-047
1321	66100	2.74351e-047
1322	66150	2.74108e-047
1323	66200	2.61898e-047
1324	66250	2.61898e-047
1325	66300	2.61898e-047
1326	66350	2.44257e-047
1327	66400	2.39178e-047
1328	66450	2.30211e-047
1329	66500	2.30211e-047
1330	66550	1.89122e-047
1331	66600	1.89122e-047
1332	66650	1.89122e-047
1333	66700	1.87812e-047
1334	66750	1.85894e-047
1335	66800	1.83457e-047
1336	66850	1.83457e-047
1337	66900	1.52886e-047
1338	66950	1.46465e-047
1339	67000	1.46465e-047
1340	67050	1.46465e-047
1341	67100	1.39375e-047
1342	67150	1.29608e-048
1343	67200	1.29608e-048
1344	67250	1.29608e-048
1345	67300	1.29608e-048
1346	67350	1.27582e-048
1347	67400	1.27582e-048
1348	67450	1.27582e-048
1349	67500	1.27582e-048
1350	67550	1.27582e-048
1351	67600	1.27582e-048
1352	67650	8.74666e-049
1353	67700	5.74164e-049
1354	67750	5.74164e-049
1355	67800	5.74164e-049
1356	67850	5.5441e-049
1357	67900	4.85187e-049
1358	67950	4.84712e-049
1359	68000	4.35439e-049
1360	68050	4.35439e-049
1361	68100	3.975e-049
1362	68150	3.975e-049
1363	68200	3.975e-049
1364	68250	2.35199e-049
1365	68300	2.35199e-049
1366	68350	2.35199e-049
1367	68400	2.35199e-049
1368	68450	2.3383e-049
1369	68500	2.14816e-049
1370	68550	1.82107e-049
1371	68600	1.82107e-049
1372	68650	1.82107e-049
1373	68700	1.44166e-049
1374	68750	1.44166e-049
1375	68800	1.42864e-049
1376	68850	1.42864e-049
1377	68900	1.42864e-049
1378	68950	1.42864e-049
1379	69000	1.42864e-049
1380	69050	1.42864e-049
1381	69100	1.39504e-049
1382	69150	1.24756e-049
1383	69200	1.23742e-049
1384	69250	1.23684e-049
1385	69300	1.23684e-049
1386	69350	1.23684e-049
1387	69400	2.75544e-050
1388	69450	2.75544e-050
1389	69500	2.75544e-050
1390	69550	2.73006e-050
1391	69600	2.73006e-050
1392	69650	2.73006e-050
1393	69700	2.73006e-050
1394	69750	2.73006e-050
1395	69800	2.73006e-050
1396	69850	2.73006e-050
1397	69900	2.73006e-050
1398	69950	2.73006e-050
1399	70000	2.06686e-050
1400	70050	1.8739e-050
1401	70100	1.8739e-050
1402	70150	1.8739e-050
1403	70200	1.03813e-050
1404	70250	1.03813e-050
1405	70300	1.03813e-050
1406	70350	4.60998e-051
1407	70400	4.01082e-051
1408	70450	4.01082e-051
1409	70500	3.48149e-051
1410	70550	3.48149e-051
1411	70600	3.48149e-051
1412	70650	3.48149e-051
1413	70700	3.48149e-051
1414	70750	2.70097e-051
1415	70800	2.70097e-051
1416	70850	2.49583e-051
1417	70900	2.46986e-051
1418	70950	2.23289e-051
1419	71000	2.23289e-051
1420	71050	2.23289e-051
1421	71100	1.27891e-051
1422	71150	1.27891e-051
1423	71200	5.37234e-052
1424	71250	5.37234e-052
1425	71300	5.37234e-052
1426	71350	5.36261e-052
1427	71400	5.36261e-052
1428	71450	5.36261e-052
1429	71500	5.31734e-052
1430	71550	5.21393e-052
1431	71600	5.21393e-052
1432	71650	5.21393e-052
1433	71700	3.79208e-052
1434	71750	3.79208e-052
1435	71800	3.79208e-052
1436	71850	3.79208e-052
1437	71900	3.79208e-052
1438	71950	3.79208e-052
1439	72000	3.79208e-052
1440	72050	3.79208e-052
1441	72100	2.88612e-052
1442	72150	2.82746e-052
1443	72200	2.7111e-052
1444	72250	2.65624e-052
1445	72300	2.65624e-052
1446	72350	2.65624e-052
1447	72400	2.65624e-052
1448	72450	2.65012e-052
1449	72500	2.65012e-052
1450	72550	2.65012e-052
1451	72600	3.1326e-053
1452	72650	3.1326e-053
1453	72700	3.1326e-053
1454	72750	3.1326e-053
1455	72800	3.01734e-053
1456	72850	1.71458e-053
1457	72900	1.71458e-053
1458	72950	1.71458e-053
1459	73000	1.6917e-053
1460	73050	1.6917e-053
1461	73100	1.69055e-053
1462	73150	1.69055e-053
1463	73200	1.64941e-053
1464	73250	1.64941e-053
1465	73300	1.64941e-053
1466	73350	1.60785e-053
1467	73400	1.60785e-053
1468	73450	1.60785e-053
1469	73500	4.3384e-054
1470	73550	2.82995e-054
1471	73600	2.82995e-054
1472	73650	2.82995e-054
1473	73700	2.82995e-054
1474	73750	2.67953e-054
1475	73800	2.67953e-054
1476	73850	2.55248e-054
1477	73900	2.34201e-054
1478	73950	1.61251e-054
1479	74000	1.29841e-054
1480	74050	1.21301e-054
1481	74100	1.16953e-054
1482	74150	1.16953e-054
1483	74200	1.16953e-054
1484	74250	1.03951e-054
1485	74300	1.03951e-054
1486	74350	9.90377e-055
1487	74400	8.46814e-055
1488	74450	8.46814e-055
1489	74500	8.46814e-055
1490	74550	8.46814e-055
1491	74600	6.40507e-055
1492	74650	6.40507e-055
1493	74700	6.40507e-055
1494	74750	6.40507e-055
1495	74800	6.40507e-055
1496	74850	5.4681e-055
1497	74900	1.30843e-055
1498	74950	1.0179e-055
1499	75000	1.0179e-055
1500	75050	1.0179e-055
1501	75100	1.0179e-055
1502	75150	1.0179e-055
1503	75200	1.0179e-055
1504	75250	1.0179e-055
1505	75300	1.0179e-055
1506	75350	1.0179e-055
1507	75400	9.07377e-056
1508	75450	6.45881e-056
1509	75500	5.67362e-056
1510	75550	5.67362e-056
1511	75600	5.67362e-056
1512	75650	5.67362e-056
1513	75700	3.34621e-056
1514	75750	3.34621e-056
1515	75800	2.22193e-056
1516	75850	2.22193e-056
1517	75900	1.79358e-056
1518	75950	7.87283e-057
1519	76000	7.87283e-057
1520	76050	7.87283e-057
1521	76100	7.87283e-057
1522	76150	6.67198e-057
1523	76200	6.67198e-057
1524	76250	6.31916e-057
1525	76300	5.36029e-057
1526	76350	5.36029e-057
1527	76400	5.36029e-057
1528	76450	5.36029e-057
1529	76500	5.36029e-057
1530	76550	4.46729e-057
1531	76600	4.46729e-057
1532	76650	4.46729e-057
1533	76700	3.11439e-057
1534	76750	3.11439e-057
1535	76800	3.11439e-057
1536	76850	3.11439e-057
1537	76900	3.11439e-057
1538	76950	3.01532e-057
1539	77000	2.78304e-057
1540	77050	2.78304e-057
1541	77100	2.78304e-057
1542	77150	2.29508e-057
1543	77200	1.92742e-057
1544	77250	1.92742e-057
1545	77300	1.92742e-057
1546	77350	1.92742e-057
1547	77400	1.92742e-057
1548	77450	1.89403e-057
1549	77500	1.89403e-057
1550	77550	1.89403e-057
1551	77600	1.69914e-057
1552	77650	1.69914e-057
1553	77700	1.69914e-057
1554	77750	1.56058e-057
1555	77800	7.77339e-058
1556	77850	4.62896e-058
1557	77900	4.46139e-058
1558	77950	4.46139e-058
1559	78000	4.20193e-058
1560	78050	4.20193e-058
1561	78100	4.20193e-058
1562	78150	4.00657e-058
1563	78200	4.00657e-058
1564	78250	3.04752e-058
1565	78300	2.39397e-058
1566	78350	2.39397e-058
1567	78400	1.88373e-058
1568	78450	1.7402e-058
1569	78500	1.55583e-058
1570	78550	1.3205e-058
1571	78600	1.3205e-058
1572	78650	1.3205e-058
1573	78700	1.3205e-058
1574	78750	1.3205e-058
1575	78800	1.3205e-058
1576	78850	1.3205e-058
1577	78900	1.3205e-058
1578	78950	2.37955e-059
1579	79000	2.37955e-059
1580	79050	2.37955e-059
1581	79100	2.06379e-059
1582	79150	1.46268e-059
1583	79200	1.46268e-059
1584	79250	8.75696e-060
1585	79300	8.75696e-060
1586	79350	8.75696e-060
1587	79400	8.29077e-060
1588	79450	8.29077e-060
1589	79500	8.29077e-060
1590	79550	8.29077e-060
1591	79600	8.29077e-060
1592	79650	7.93733e-060
1593	79700	7.78743e-060
1594	79750	6.88424e-060
1595	79800	6.88424e-060
1596	79850	6.08127e-060
1597	79900	6.08127e-060
1598	79950	6.08127e-060
1599	80000	6.08127e-060
1600	80050	3.04851e-060
1601	80100	3.04851e-060
1602	80150	3.04851e-060
1603	80200	3.04851e-060
1604	80250	3.04851e-060
1605	80300	3.04851e-060
1606	80350	3.04851e-060
1607	80400	3.03411e-060
1608	80450	2.33297e-060
1609	80500	2.32856e-060
1610	80550	2.32856e-060
1611	80600	1.57525e-060
1612	80650	1.57525e-060
1613	80700	1.57525e-060
1614	80750	9.71038e-061
1615	80800	9.71038e-061
1616	80850	9.71038e-061
1617	80900	9.71038e-061
1618	80950	9.71038e-061
1619	81000	9.71038e-061
1620	81050	9.71038e-061
1621	81100	9.71038e-061
1622	81150	9.71038e-061
1623	81200	2.96826e-061
1624	81250	9.08801e-062
1625	81300	9.08801e-062
1626	81350	9.08801e-062
1627	81400	9.08801e-062
1628	81450	9.08801e-062
1629	81500	9.08801e-062
1630	81550	8.95577e-062
1631	81600	8.95577e-062
1632	81650	8.95577e-062
1633	81700	6.94639e-062
1634	81750	6.94639e-062
1635	81800	6.94639e-062
1636	81850	6.94639e-062
1637	81900	6.94639e-062
1638	81950	4.80722e-062
1639	82000	4.80722e-062
1640	82050	4.80722e-062
1641	82100	4.80722e-062
1642	82150	4.80722e-062
1643	82200	4.80722e-062
1644	82250	4.80722e-062
1645	82300	4.80722e-062
1646	82350	4.80722e-062
1647	82400	4.80722e-062
1648	82450	4.78307e-062
1649	82500	4.28594e-062
1650	82550	4.28594e-062
1651	82600	4.28594e-062
1652	82650	4.15814e-062
1653	82700	3.66232e-062
1654	82750	3.66232e-062
1655	82800	3.60148e-062
1656	82850	9.95784e-063
1657	82900	9.59668e-063
1658	82950	9.59668e-063
1659	83000	9.59668e-063
1660	83050	9.59668e-063
1661	83100	9.59668e-063
1662	83150	9.59668e-063
1663	83200	9.59668e-063
1664	83250	5.7253e-063
1665	83300	5.7253e-063
1666	83350	5.2104e-063
1667	83400	5.2104e-063
1668	83450	5.2104e-063
1669	83500	4.92134e-063
1670	83550	4.92134e-063
1671	83600	4.92134e-063
1672	83650	4.92134e-063
1673	83700	3.15557e-063
1674	83750	1.18862e-063
1675	83800	5.40172e-064
1676	83850	5.40172e-064
1677	83900	3.31715e-064
1678	83950	3.31715e-064
1679	84000	3.31715e-064
1680	84050	3.31715e-064
1681	84100	3.31715e-064
1682	84150	3.31715e-064
1683	84200	3.31715e-064
1684	84250	2.79868e-064
1685	84300	2.79868e-064
1686	84350	2.63393e-064
1687	84400	2.63393e-064
1688	84450	2.63393e-064
1689	84500	2.30987e-064
1690	84550	2.30987e-064
1691	84600	2.20115e-064
1692	84650	2.20115e-064
1693	84700	2.14581e-064
1694	84750	2.01936e-064
1695	84800	2.01936e-064
1696	84850	2.01936e-064
1697	84900	2.01936e-064
1698	84950	2.01936e-064
1699	85000	2.01936e-064
1700	85050	2.01936e-064
1701	85100	2.01936e-064
1702	85150	2.01936e-064
1703	85200	2.01936e-064
1704	85250	2.01936e-064
1705	85300	1.83441e-064
1706	85350	1.77053e-064
1707	85400	1.77053e-064
1708	85450	1.77053e-064
1709	85500	1.74645e-064
1710	85550	1.33211e-064
1711	85600	1.0442e-064
1712	85650	7.95652e-065
1713	85700	7.95652e-065
1714	85750	7.95652e-065
1715	85800	7.95652e-065
1716	85850	6.30516e-065
1717	85900	5.79156e-065
1718	85950	5.79156e-065
1719	86000	4.52208e-065
1720	86050	4.52208e-065
1721	86100	4.21862e-065
1722	86150	4.08686e-065
1723	86200	1.95799e-065
1724	86250	1.95799e-065
1725	86300	1.95799e-065
1726	86350	1.95799e-065
1727	86400	1.95799e-065
1728	86450	1.95799e-065
1729	86500	5.49636e-066
1730	86550	5.49636e-066
1731	86600	5.49636e-066
1732	86650	5.24807e-066
1733	86700	5.24807e-066
1734	86750	5.24807e-066
1735	86800	5.24807e-066
1736	86850	4.19161e-066
1737	86900	2.26042e-066
1738	86950	2.1324e-066
1739	87000	2.03317e-066
1740	87050	2.03317e-066
1741	87100	1.50853e-066
1742	87150	1.50043e-066
1743	87200	1.50043e-066
1744	87250	1.50043e-066
1745	87300	1.50043e-066
1746	87350	1.37892e-066
1747	87400	1.37267e-066
1748	87450	1.37267e-066
1749	87500	1.3503e-066
1750	87550	1.3503e-066
1751	87600	1.3503e-066
1752	87650	1.33941e-066
1753	87700	1.33941e-066
1754	87750	9.90845e-067
1755	87800	9.90845e-067
1756	87850	9.90845e-067
1757	87900	2.85637e-067
1758	87950	2.69545e-067
1759	88000	2.69545e-067
1760	88050	2.66928e-067
1761	88100	2.66928e-067
1762	88150	2.66456e-067
1763	88200	2.31428e-067
1764	88250	2.10803e-067
1765	88300	2.10803e-067
1766	88350	2.10348e-067
1767	88400	9.69339e-068
1768	88450	9.69339e-068
1769	88500	9.69339e-068
1770	88550	9.26692e-068
1771	88600	9.26692e-068
1772	88650	8.56106e-068
1773	88700	8.56106e-068
1774	88750	8.56106e-068
1775	88800	8.56106e-068
1776	88850	8.47689e-068
1777	88900	3.21656e-068
1778	88950	2.42533e-068
1779	89000	2.00872e-068
1780	89050	2.00872e-068
1781	89100	2.00872e-068
1782	89150	2.00872e-068
1783	89200	1.97611e-068
1784	89250	1.91115e-068
1785	89300	1.71003e-068
1786	89350	1.71003e-068
1787	89400	1.14682e-068
1788	89450	6.41679e-069
1789	89500	6.41679e-069
1790	89550	6.41679e-069
1791	89600	6.41679e-069
1792	89650	5.28627e-069
1793	89700	5.28627e-069
1794	89750	5.28627e-069
1795	89800	5.28627e-069
1796	89850	3.98395e-069
1797	89900	3.97021e-069
1798	89950	3.97021e-069
1799	90000	3.80037e-069
1800	90050	3.77753e-069
1801	90100	3.77753e-069
1802	90150	3.77753e-069
1803	90200	3.62856e-069
1804	90250	3.40818e-069
1805	90300	2.4912e-069
1806	90350	2.4444e-069
1807	90400	2.4444e-069
1808	90450	7.83745e-070
1809	90500	7.83745e-070
1810	90550	6.92165e-070
1811	90600	6.92165e-070
1812	90650	6.60345e-070
1813	90700	6.60345e-070
1814	90750	6.45865e-070
1815	90800	6.45865e-070
1816	90850	6.45865e-070
1817	90900	6.45865e-070
1818	90950	5.52273e-070
1819	91000	5.52273e-070
1820	91050	5.52273e-070
1821	91100	5.52273e-070
1822	91150	5.52273e-070
1823	91200	5.52273e-070
1824	91250	4.53421e-070
1825	91300	3.05138e-070
1826	91350	3.05138e-070
1827	91400	3.05138e-070
1828	91450	3.05138e-070
1829	91500	2.92855e-070
1830	91550	2.92855e-070
1831	91600	2.59621e-070
1832	91650	2.59621e-070
1833	91700	2.59621e-070
1834	91750	2.59621e-070
1835	91800	2.58936e-070
1836	91850	2.48522e-070
1837	91900	2.41089e-070
1838	91950	2.39948e-070
1839	92000	1.87869e-070
1840	92050	1.87707e-070
1841	92100	1.87707e-070
1842	92150	1.87707e-070
1843	92200	1.87707e-070
1844	92250	1.32622e-070
1845	92300	1.17227e-070
1846	92350	1.17227e-070
1847	92400	1.139e-070
1848	92450	1.139e-070
1849	92500	1.88072e-071
1850	92550	1.88072e-071
1851	92600	1.87684e-071
1852	92650	1.87684e-071
1853	92700	1.87684e-071
1854	92750	1.63317e-071
1855	92800	1.63317e-071
1856	92850	1.63317e-071
1857	92900	1.63317e-071
1858	92950	1.44205e-071
1859	93000	5.04591e-072
1860	93050	5.04591e-072
1861	93100	4.85511e-072
1862	93150	4.85511e-072
1863	93200	4.85511e-072
1864	93250	4.85511e-072
1865	93300	4.85511e-072
1866	93350	2.51354e-072
1867	93400	1.94228e-072
1868	93450	1.94228e-072
1869	93500	1.94228e-072
1870	93550	1.88803e-072
1871	93600	1.70255e-072
1872	93650	1.69278e-072
1873	93700	1.69278e-072
1874	93750	1.34595e-072
1875	93800	1.34595e-072
1876	93850	1.34595e-072
1877	93900	1.25622e-072
1878	93950	1.23373e-072
1879	94000	1.23373e-072
1880	94050	1.23373e-072
1881	94100	1.13853e-072
1882	94150	1.11976e-072
1883	94200	1.10971e-072
1884	94250	1.10971e-072
1885	94300	1.10971e-072
1886	94350	5.98076e-073
1887	94400	4.92661e-073
1888	94450	4.92661e-073
1889	94500	4.92661e-073
1890	94550	4.92661e-073
1891	94600	4.92661e-073
1892	94650	4.01516e-073
1893	94700	3.56082e-073
1894	94750	1.0417e-073
1895	94800	8.70927e-074
1896	94850	8.03081e-074
1897	94900	7.03802e-074
1898	94950	7.03802e-074
1899	95000	7.01626e-074
1900	95050	7.01626e-074
1901	95100	7.01626e-074
1902	95150	5.47116e-074
1903	95200	5.47116e-074
1904	95250	4.96235e-074
1905	95300	4.96235e-074
1906	95350	4.96235e-074
1907	95400	4.48974e-074
1908	95450	3.3198e-074
1909	95500	3.3198e-074
1910	95550	3.02629e-074
1911	95600	2.7998e-074
1912	95650	2.7998e-074
1913	95700	2.76657e-074
1914	95750	2.76657e-074
1915	95800	2.66698e-074
1916	95850	2.66698e-074
1917	95900	1.69754e-074
1918	95950	1.465e-074
1919	96000	1.35403e-074
1920	96050	1.0588e-074
1921	96100	1.0588e-074
1922	96150	1.0588e-074
1923	96200	9.62826e-075
1924	96250	7.96009e-075
1925	96300	7.68347e-075
1926	96350	7.68347e-075
1927	96400	7.08956e-075
1928	96450	5.18182e-075
1929	96500	4.83002e-075
1930	96550	4.83002e-075
1931	96600	4.83002e-075
1932	96650	2.15804e-075
1933	96700	1.98943e-075
1934	96750	8.48098e-076
1935	96800	8.16015e-076
1936	96850	6.68705e-076
1937	96900	6.68705e-076
1938	96950	6.68705e-076
1939	97000	6.68705e-076
1940	97050	5.99971e-076
1941	97100	5.90522e-076
1942	97150	5.90522e-076
1943	97200	5.90522e-076
1944	97250	5.73725e-076
1945	97300	5.73725e-076
1946	97350	5.73725e-076
1947	97400	3.98547e-076
1948	97450	2.00639e-076
1949	97500	1.70427e-076
1950	97550	1.70427e-076
1951	97600	1.06498e-076
1952	97650	1.06498e-076
1953	97700	1.06498e-076
1954	97750	9.78133e-077
1955	97800	9.78133e-077
1956	97850	9.78133e-077
1957	97900	9.78133e-077
1958	97950	9.78133e-077
1959	98000	9.78133e-077
1960	98050	9.71814e-077
1961	98100	9.71814e-077
1962	98150	6.45589e-077
1963	98200	5.05427e-077
1964	98250	5.05427e-077
1965	98300	5.05427e-077
1966	98350	5.05427e-077
1967	98400	5.05427e-077
1968	98450	4.89714e-077
1969	98500	4.83792e-077
1970	98550	4.01983e-077
1971	98600	2.78355e-077
1972	98650	2.78262e-077
1973	98700	1.79965e-077
1974	98750	1.79965e-077
1975	98800	1.79965e-077
1976	98850	1.79965e-077
1977	98900	1.48062e-077
1978	98950	1.48062e-077
1979	99000	1.48062e-077
1980	99050	1.48062e-077
1981	99100	1.46659e-077
1982	99150	8.77444e-078
1983	99200	8.77444e-078
1984	99250	8.77444e-078
1985	99300	5.77353e-078
1986	99350	4.36187e-078
1987	99400	4.36187e-078
1988	99450	4.36187e-078
1989	99500	4.36187e-078
1990	99550	4.36187e-078
1991	99600	4.17829e-078
1992	99650	3.19001e-078
1993	99700	3.19001e-078
1994	99750	3.19001e-078
1995	99800	3.19001e-078
1996	99850	3.19001e-078
1997	99900	1.89432e-078
1998	99950	1.89432e-078
1999	100000	1.89432e-078
2000	100050	1.89432e-078
