1	100	0
2	150	1311.04
3	200	839.183
4	250	839.183
5	300	636.22
6	350	398.88
7	400	308.648
8	450	306.239
9	500	306.239
10	550	276.558
11	600	276.558
12	650	276.558
13	700	276.558
14	750	276.558
15	800	276.558
16	850	276.558
17	900	226.952
18	950	226.952
19	1000	226.952
20	1050	226.952
21	1100	226.952
22	1150	226.952
23	1200	226.952
24	1250	226.952
25	1300	226.952
26	1350	187.579
27	1400	157.868
28	1450	157.868
29	1500	157.868
30	1550	157.868
31	1600	157.868
32	1650	157.868
33	1700	139.605
34	1750	139.605
35	1800	110.233
36	1850	110.233
37	1900	110.233
38	1950	110.233
39	2000	106.316
40	2050	106.316
41	2100	106.316
42	2150	88.0326
43	2200	58.0767
44	2250	58.0767
45	2300	58.0767
46	2350	54.3386
47	2400	54.3386
48	2450	43.5779
49	2500	43.5779
50	2550	33.5466
51	2600	33.5466
52	2650	33.5466
53	2700	33.5466
54	2750	26.0807
55	2800	26.0807
56	2850	26.0807
57	2900	26.0807
58	2950	26.0807
59	3000	26.0567
60	3050	26.0567
61	3100	26.0567
62	3150	24.1927
63	3200	24.1927
64	3250	24.1927
65	3300	24.1927
66	3350	24.1927
67	3400	21.7637
68	3450	20.3514
69	3500	15.9015
70	3550	13.6375
71	3600	7.24684
72	3650	7.24684
73	3700	7.24684
74	3750	7.24684
75	3800	5.54161
76	3850	5.54161
77	3900	5.50276
78	3950	5.50276
79	4000	5.50276
80	4050	5.50276
81	4100	5.08149
82	4150	5.08149
83	4200	5.08149
84	4250	5.08149
85	4300	2.86596
86	4350	2.86596
87	4400	2.86596
88	4450	2.86596
89	4500	2.86596
90	4550	2.86596
91	4600	2.86596
92	4650	2.86596
93	4700	2.86596
94	4750	2.86596
95	4800	2.86596
96	4850	0.83435
97	4900	0.83435
98	4950	0.83435
99	5000	0.83435
100	5050	0.711321
101	5100	0.711321
102	5150	0.710382
103	5200	0.671917
104	5250	0.671917
105	5300	0.671917
106	5350	0.671917
107	5400	0.671917
108	5450	0.671917
109	5500	0.671917
110	5550	0.578141
111	5600	0.578141
112	5650	0.282601
113	5700	0.282601
114	5750	0.282601
115	5800	0.282601
116	5850	0.241507
117	5900	0.241507
118	5950	0.154339
119	6000	0.154339
120	6050	0.154339
121	6100	0.154339
122	6150	0.154339
123	6200	0.154339
124	6250	0.154339
125	6300	0.154339
126	6350	0.154339
127	6400	0.154339
128	6450	0.154339
129	6500	0.154339
130	6550	0.148943
131	6600	0.0921415
132	6650	0.0921415
133	6700	0.0921415
134	6750	0.0508
135	6800	0.0508
136	6850	0.0508
137	6900	0.0508
138	6950	0.0508
139	7000	0.0508
140	7050	0.0499197
141	7100	0.0499197
142	7150	0.0499197
143	7200	0.0499197
144	7250	0.0354814
145	7300	0.0354814
146	7350	0.0354814
147	7400	0.0354814
148	7450	0.0347516
149	7500	0.0183841
150	7550	0.0183841
151	7600	0.0183841
152	7650	0.0183841
153	7700	0.0183841
154	7750	0.0183841
155	7800	0.0183841
156	7850	0.0183841
157	7900	0.0183841
158	7950	0.0183841
159	8000	0.0183841
160	8050	0.00649395
161	8100	0.00649395
162	8150	0.00649395
163	8200	0.00649395
164	8250	0.00649395
165	8300	0.00649395
166	8350	0.00649395
167	8400	0.00649395
168	8450	0.00649395
169	8500	0.00649395
170	8550	0.00649395
171	8600	0.0062531
172	8650	0.0062531
173	8700	0.00600953
174	8750	0.00600953
175	8800	0.00526192
176	8850	0.00526192
177	8900	0.00526192
178	8950	0.00449485
179	9000	0.00369137
180	9050	0.00356484
181	9100	0.00356484
182	9150	0.00356484
183	9200	0.00351146
184	9250	0.00351146
185	9300	0.00289327
186	9350	0.00289327
187	9400	0.00289327
188	9450	0.00278706
189	9500	0.00278586
190	9550	0.00205461
191	9600	0.00205461
192	9650	0.00205461
193	9700	0.00193872
194	9750	0.001377
195	9800	0.001377
196	9850	0.00101255
197	9900	0.00101255
198	9950	0.00101255
199	10000	0.00101255
200	10050	0.00101255
201	10100	0.000834137
202	10150	0.000716679
203	10200	0.000629915
204	10250	0.000629915
205	10300	0.000627762
206	10350	0.000627762
207	10400	0.000594838
208	10450	0.000594838
209	10500	0.000594838
210	10550	0.000594838
211	10600	0.000594838
212	10650	0.000570556
213	10700	0.000540938
214	10750	0.000540938
215	10800	0.000455816
216	10850	0.000455816
217	10900	0.000454879
218	10950	0.000257987
219	11000	0.000257987
220	11050	0.000218797
221	11100	0.000218797
222	11150	0.00015688
223	11200	0.00015688
224	11250	0.00015688
225	11300	0.00015688
226	11350	0.000139342
227	11400	0.000139342
228	11450	0.000139342
229	11500	0.000105371
230	11550	0.000105371
231	11600	7.6533e-005
232	11650	7.6533e-005
233	11700	7.6533e-005
234	11750	7.6533e-005
235	11800	7.58256e-005
236	11850	7.58256e-005
237	11900	7.58256e-005
238	11950	7.58256e-005
239	12000	7.58256e-005
240	12050	3.42815e-005
241	12100	3.42815e-005
242	12150	3.42815e-005
243	12200	3.42815e-005
244	12250	2.81733e-005
245	12300	1.99935e-005
246	12350	1.99935e-005
247	12400	1.99935e-005
248	12450	1.99935e-005
249	12500	1.99935e-005
250	12550	1.82827e-005
251	12600	1.03766e-005
252	12650	1.03766e-005
253	12700	1.03766e-005
254	12750	1.03766e-005
255	12800	1.03766e-005
256	12850	1.03766e-005
257	12900	1.03766e-005
258	12950	1.03766e-005
259	13000	1.0053e-005
260	13050	1.0053e-005
261	13100	1.0053e-005
262	13150	9.73398e-006
263	13200	9.73398e-006
264	13250	9.34295e-006
265	13300	7.53244e-006
266	13350	7.53244e-006
267	13400	7.53244e-006
268	13450	7.53244e-006
269	13500	7.53244e-006
270	13550	7.53244e-006
271	13600	7.53244e-006
272	13650	7.53244e-006
273	13700	6.90952e-006
274	13750	6.90952e-006
275	13800	6.18313e-006
276	13850	6.18313e-006
277	13900	4.25194e-006
278	13950	4.25194e-006
279	14000	4.1314e-006
280	14050	4.1314e-006
281	14100	2.87467e-006
282	14150	2.87467e-006
283	14200	2.87467e-006
284	14250	2.87467e-006
285	14300	2.87467e-006
286	14350	2.87467e-006
287	14400	2.87467e-006
288	14450	2.45952e-006
289	14500	2.44593e-006
290	14550	2.44593e-006
291	14600	2.33974e-006
292	14650	2.33974e-006
293	14700	2.17589e-006
294	14750	2.17589e-006
295	14800	2.17589e-006
296	14850	1.15231e-006
297	14900	1.09824e-006
298	14950	1.09824e-006
299	15000	1.09824e-006
300	15050	1.09824e-006
301	15100	6.77479e-007
302	15150	6.65779e-007
303	15200	6.65779e-007
304	15250	6.65779e-007
305	15300	6.65779e-007
306	15350	6.65779e-007
307	15400	5.58916e-007
308	15450	5.58479e-007
309	15500	5.58479e-007
310	15550	5.58479e-007
311	15600	3.47492e-007
312	15650	3.47492e-007
313	15700	2.29081e-007
314	15750	2.29081e-007
315	15800	2.29081e-007
316	15850	2.15086e-007
317	15900	1.78339e-007
318	15950	1.78339e-007
319	16000	1.78339e-007
320	16050	1.14655e-007
321	16100	6.46257e-008
322	16150	6.46257e-008
323	16200	6.46257e-008
324	16250	6.46257e-008
325	16300	6.39061e-008
326	16350	6.39061e-008
327	16400	6.32482e-008
328	16450	6.32482e-008
329	16500	6.32482e-008
330	16550	6.32482e-008
331	16600	6.32482e-008
332	16650	6.32482e-008
333	16700	6.32482e-008
334	16750	6.32482e-008
335	16800	6.32482e-008
336	16850	6.26617e-008
337	16900	5.09708e-008
338	16950	5.09708e-008
339	17000	5.09708e-008
340	17050	5.09708e-008
341	17100	3.7225e-008
342	17150	3.56735e-008
343	17200	3.56735e-008
344	17250	3.56735e-008
345	17300	3.53663e-008
346	17350	3.53663e-008
347	17400	3.53663e-008
348	17450	1.98024e-008
349	17500	1.98024e-008
350	17550	1.98024e-008
351	17600	1.98024e-008
352	17650	1.98024e-008
353	17700	1.98024e-008
354	17750	1.63968e-008
355	17800	1.63968e-008
356	17850	1.52457e-008
357	17900	9.83744e-009
358	17950	8.49037e-009
359	18000	8.15383e-009
360	18050	8.15383e-009
361	18100	7.62815e-009
362	18150	5.04449e-009
363	18200	3.18661e-009
364	18250	2.79135e-009
365	18300	2.79135e-009
366	18350	2.79135e-009
367	18400	2.79135e-009
368	18450	2.79135e-009
369	18500	2.77884e-009
370	18550	2.77884e-009
371	18600	2.77884e-009
372	18650	2.22199e-009
373	18700	2.22199e-009
374	18750	2.16492e-009
375	18800	2.16492e-009
376	18850	2.16492e-009
377	18900	2.16492e-009
378	18950	1.97811e-009
379	19000	1.97811e-009
380	19050	1.78952e-009
381	19100	1.78952e-009
382	19150	1.76076e-009
383	19200	1.76076e-009
384	19250	1.76076e-009
385	19300	1.76076e-009
386	19350	2.33841e-010
387	19400	2.33841e-010
388	19450	2.33841e-010
389	19500	2.33841e-010
390	19550	2.33841e-010
391	19600	2.33841e-010
392	19650	2.33841e-010
393	19700	2.33841e-010
394	19750	2.33841e-010
395	19800	2.33841e-010
396	19850	2.33841e-010
397	19900	2.33841e-010
398	19950	2.33841e-010
399	20000	2.33841e-010
400	20050	2.33841e-010
401	20100	2.33841e-010
402	20150	2.33841e-010
403	20200	2.33841e-010
404	20250	2.33841e-010
405	20300	2.06956e-010
406	20350	2.01454e-010
407	20400	2.01454e-010
408	20450	2.01454e-010
409	20500	1.69442e-010
410	20550	1.38605e-010
411	20600	1.38605e-010
412	20650	1.17618e-010
413	20700	9.28946e-011
414	20750	9.28946e-011
415	20800	9.28946e-011
416	20850	9.28946e-011
417	20900	9.28946e-011
418	20950	9.28946e-011
419	21000	8.79733e-011
420	21050	8.79733e-011
421	21100	7.55021e-011
422	21150	7.55021e-011
423	21200	7.55021e-011
424	21250	7.18445e-011
425	21300	6.29963e-011
426	21350	6.28722e-011
427	21400	6.28722e-011
428	21450	6.28722e-011
429	21500	6.28722e-011
430	21550	6.28722e-011
431	21600	6.15979e-011
432	21650	5.7655e-011
433	21700	5.7655e-011
434	21750	5.7655e-011
435	21800	5.65438e-011
436	21850	5.13333e-011
437	21900	4.8741e-011
438	21950	3.99824e-011
439	22000	3.99824e-011
440	22050	3.62822e-011
441	22100	3.62822e-011
442	22150	2.15128e-011
443	22200	2.15128e-011
444	22250	2.15128e-011
445	22300	2.15128e-011
446	22350	2.15128e-011
447	22400	2.15128e-011
448	22450	2.15128e-011
449	22500	2.13459e-011
450	22550	2.13459e-011
451	22600	2.13459e-011
452	22650	2.13459e-011
453	22700	2.13459e-011
454	22750	1.03867e-011
455	22800	1.03867e-011
456	22850	1.03014e-011
457	22900	1.03014e-011
458	22950	1.03014e-011
459	23000	1.03014e-011
460	23050	9.63248e-012
461	23100	6.76363e-012
462	23150	6.76363e-012
463	23200	6.76363e-012
464	23250	6.76363e-012
465	23300	6.6791e-012
466	23350	6.65864e-012
467	23400	5.76488e-012
468	23450	5.76488e-012
469	23500	5.26916e-012
470	23550	5.24718e-012
471	23600	4.42703e-012
472	23650	4.22908e-012
473	23700	1.3929e-012
474	23750	8.51502e-013
475	23800	8.51502e-013
476	23850	7.36326e-013
477	23900	7.36326e-013
478	23950	7.36326e-013
479	24000	7.36326e-013
480	24050	6.57812e-013
481	24100	6.57812e-013
482	24150	6.16103e-013
483	24200	6.16103e-013
484	24250	6.16103e-013
485	24300	6.16103e-013
486	24350	6.16103e-013
487	24400	5.42528e-013
488	24450	5.2663e-013
489	24500	5.2663e-013
490	24550	5.2663e-013
491	24600	5.2663e-013
492	24650	3.1939e-013
493	24700	2.75438e-013
494	24750	2.38436e-013
495	24800	2.38436e-013
496	24850	1.18369e-013
497	24900	1.10382e-013
498	24950	1.10382e-013
499	25000	1.10382e-013
500	25050	1.10382e-013
501	25100	1.10382e-013
502	25150	1.10382e-013
503	25200	1.10382e-013
504	25250	1.08784e-013
505	25300	1.08784e-013
506	25350	1.08784e-013
507	25400	1.08784e-013
508	25450	1.02595e-013
509	25500	1.02595e-013
510	25550	9.76461e-014
511	25600	9.76461e-014
512	25650	9.76461e-014
513	25700	9.76461e-014
514	25750	7.39845e-014
515	25800	4.11475e-014
516	25850	4.11475e-014
517	25900	4.11475e-014
518	25950	4.11475e-014
519	26000	3.14818e-014
520	26050	3.14818e-014
521	26100	1.74226e-014
522	26150	1.74226e-014
523	26200	1.45298e-014
524	26250	9.01139e-015
525	26300	7.27221e-015
526	26350	6.97493e-015
527	26400	6.97493e-015
528	26450	6.97493e-015
529	26500	6.97493e-015
530	26550	6.97493e-015
531	26600	6.97493e-015
532	26650	4.01534e-015
533	26700	4.01534e-015
534	26750	4.01534e-015
535	26800	2.99034e-015
536	26850	2.99034e-015
537	26900	2.99034e-015
538	26950	2.99034e-015
539	27000	2.99034e-015
540	27050	2.65028e-015
541	27100	2.55988e-015
542	27150	2.55988e-015
543	27200	2.45665e-015
544	27250	1.01361e-015
545	27300	1.01361e-015
546	27350	1.01361e-015
547	27400	1.01361e-015
548	27450	9.98608e-016
549	27500	8.67886e-016
550	27550	8.67886e-016
551	27600	8.67886e-016
552	27650	7.62238e-016
553	27700	7.62238e-016
554	27750	7.48585e-016
555	27800	7.48585e-016
556	27850	6.91582e-016
557	27900	6.91582e-016
558	27950	6.91582e-016
559	28000	5.97729e-016
560	28050	3.94838e-016
561	28100	3.94838e-016
562	28150	2.74376e-016
563	28200	2.74376e-016
564	28250	2.74376e-016
565	28300	2.70482e-016
566	28350	2.70482e-016
567	28400	2.35193e-016
568	28450	2.11543e-016
569	28500	2.11543e-016
570	28550	2.11543e-016
571	28600	2.11543e-016
572	28650	2.11525e-016
573	28700	2.11525e-016
574	28750	2.04097e-016
575	28800	2.04097e-016
576	28850	2.04097e-016
577	28900	2.04097e-016
578	28950	1.93173e-016
579	29000	1.88127e-016
580	29050	1.88127e-016
581	29100	1.84669e-016
582	29150	1.42825e-016
583	29200	1.41923e-016
584	29250	1.41923e-016
585	29300	1.41923e-016
586	29350	1.41923e-016
587	29400	1.35886e-016
588	29450	1.35886e-016
589	29500	1.1819e-016
590	29550	9.18955e-017
591	29600	7.57087e-017
592	29650	7.57087e-017
593	29700	1.72386e-017
594	29750	1.70822e-017
595	29800	1.45637e-017
596	29850	1.45637e-017
597	29900	1.22017e-017
598	29950	1.22017e-017
599	30000	1.21529e-017
600	30050	1.21529e-017
601	30100	1.21529e-017
602	30150	1.21529e-017
603	30200	1.21529e-017
604	30250	1.19348e-017
605	30300	1.19348e-017
606	30350	1.16734e-017
607	30400	1.10346e-017
608	30450	1.10346e-017
609	30500	1.10346e-017
610	30550	1.10346e-017
611	30600	5.66706e-018
612	30650	5.66706e-018
613	30700	5.66706e-018
614	30750	3.81742e-018
615	30800	3.81742e-018
616	30850	2.35709e-018
617	30900	2.35709e-018
618	30950	2.35709e-018
619	31000	2.35709e-018
620	31050	2.35709e-018
621	31100	2.35709e-018
622	31150	2.20014e-018
623	31200	2.20014e-018
624	31250	1.71924e-018
625	31300	1.63728e-018
626	31350	1.13079e-018
627	31400	1.13079e-018
628	31450	1.13079e-018
629	31500	1.13079e-018
630	31550	1.13079e-018
631	31600	1.11027e-018
632	31650	1.11027e-018
633	31700	1.08575e-018
634	31750	6.38822e-019
635	31800	6.38822e-019
636	31850	6.38822e-019
637	31900	6.38822e-019
638	31950	6.38822e-019
639	32000	6.38822e-019
640	32050	6.38822e-019
641	32100	6.35281e-019
642	32150	6.29928e-019
643	32200	1.86421e-019
644	32250	1.86421e-019
645	32300	1.86421e-019
646	32350	1.86421e-019
647	32400	1.86421e-019
648	32450	1.86421e-019
649	32500	1.86421e-019
650	32550	1.86421e-019
651	32600	1.86421e-019
652	32650	1.86421e-019
653	32700	1.03976e-019
654	32750	1.03976e-019
655	32800	9.23701e-020
656	32850	9.11921e-020
657	32900	9.11921e-020
658	32950	9.11921e-020
659	33000	9.11921e-020
660	33050	9.11921e-020
661	33100	2.62502e-020
662	33150	2.62502e-020
663	33200	2.62502e-020
664	33250	2.62502e-020
665	33300	2.35006e-020
666	33350	2.35006e-020
667	33400	2.35006e-020
668	33450	2.35006e-020
669	33500	2.35006e-020
670	33550	2.35006e-020
671	33600	2.35006e-020
672	33650	2.35006e-020
673	33700	2.08554e-020
674	33750	2.08554e-020
675	33800	1.71434e-020
676	33850	1.63799e-020
677	33900	1.467e-020
678	33950	1.467e-020
679	34000	1.467e-020
680	34050	1.467e-020
681	34100	1.44482e-020
682	34150	1.44482e-020
683	34200	1.44482e-020
684	34250	1.44482e-020
685	34300	1.44482e-020
686	34350	1.33889e-020
687	34400	1.33889e-020
688	34450	1.33889e-020
689	34500	1.33889e-020
690	34550	6.79627e-021
691	34600	6.79627e-021
692	34650	6.73988e-021
693	34700	6.49786e-021
694	34750	4.78546e-021
695	34800	4.78546e-021
696	34850	4.78546e-021
697	34900	4.78546e-021
698	34950	4.78546e-021
699	35000	4.78546e-021
700	35050	4.78546e-021
701	35100	4.78278e-021
702	35150	4.78278e-021
703	35200	2.00504e-021
704	35250	1.97694e-021
705	35300	1.94559e-021
706	35350	1.94559e-021
707	35400	1.94559e-021
708	35450	1.77605e-021
709	35500	1.56512e-021
710	35550	1.52469e-021
711	35600	1.52469e-021
712	35650	1.52469e-021
713	35700	1.52469e-021
714	35750	1.52469e-021
715	35800	1.52469e-021
716	35850	1.52469e-021
717	35900	1.52469e-021
718	35950	9.71405e-022
719	36000	9.71405e-022
720	36050	9.71405e-022
721	36100	9.71405e-022
722	36150	9.09336e-022
723	36200	9.09336e-022
724	36250	9.09336e-022
725	36300	9.09336e-022
726	36350	8.4453e-022
727	36400	8.4453e-022
728	36450	8.35037e-022
729	36500	8.35037e-022
730	36550	8.34795e-022
731	36600	8.34795e-022
732	36650	5.36814e-022
733	36700	5.06281e-022
734	36750	5.06281e-022
735	36800	4.79343e-022
736	36850	4.79343e-022
737	36900	2.79035e-022
738	36950	2.45268e-022
739	37000	2.42205e-022
740	37050	2.42205e-022
741	37100	2.42205e-022
742	37150	2.37552e-022
743	37200	2.37033e-022
744	37250	1.9646e-022
745	37300	1.91165e-022
746	37350	1.52999e-022
747	37400	1.52808e-022
748	37450	1.52808e-022
749	37500	1.44758e-022
750	37550	1.44758e-022
751	37600	1.40391e-022
752	37650	1.40391e-022
753	37700	1.40391e-022
754	37750	1.40391e-022
755	37800	1.40391e-022
756	37850	1.3377e-022
757	37900	1.3377e-022
758	37950	1.3377e-022
759	38000	1.3377e-022
760	38050	1.31972e-022
761	38100	1.15289e-022
762	38150	1.15289e-022
763	38200	2.56754e-023
764	38250	1.91211e-023
765	38300	1.19069e-023
766	38350	1.18949e-023
767	38400	9.59712e-024
768	38450	9.59712e-024
769	38500	6.56619e-024
770	38550	6.37188e-024
771	38600	6.37188e-024
772	38650	5.9353e-024
773	38700	5.9353e-024
774	38750	4.2895e-024
775	38800	3.95764e-024
776	38850	3.94429e-024
777	38900	3.94429e-024
778	38950	3.63612e-024
779	39000	3.63612e-024
780	39050	3.28383e-024
781	39100	2.6236e-024
782	39150	2.41118e-024
783	39200	2.32963e-024
784	39250	2.32963e-024
785	39300	2.32963e-024
786	39350	2.32963e-024
787	39400	2.32963e-024
788	39450	2.32963e-024
789	39500	2.25339e-024
790	39550	2.20649e-024
791	39600	2.20649e-024
792	39650	2.20649e-024
793	39700	1.8631e-024
794	39750	1.82999e-024
795	39800	1.80202e-024
796	39850	1.80202e-024
797	39900	1.51727e-024
798	39950	1.46511e-024
799	40000	1.25591e-024
800	40050	1.21892e-024
801	40100	1.14896e-024
802	40150	5.84229e-025
803	40200	5.84229e-025
804	40250	5.31888e-025
805	40300	5.1779e-025
806	40350	5.1779e-025
807	40400	4.65603e-025
808	40450	4.425e-025
809	40500	4.425e-025
810	40550	4.425e-025
811	40600	3.96957e-025
812	40650	1.76674e-025
813	40700	1.45785e-025
814	40750	1.19581e-025
815	40800	1.19581e-025
816	40850	1.19581e-025
817	40900	1.0488e-025
818	40950	1.0488e-025
819	41000	1.0488e-025
820	41050	9.62307e-026
821	41100	9.49612e-026
822	41150	8.80773e-026
823	41200	8.80773e-026
824	41250	8.80773e-026
825	41300	8.80773e-026
826	41350	8.80773e-026
827	41400	8.80773e-026
828	41450	5.40946e-026
829	41500	5.40946e-026
830	41550	3.30048e-026
831	41600	3.30048e-026
832	41650	3.30048e-026
833	41700	3.25511e-026
834	41750	3.25511e-026
835	41800	3.25511e-026
836	41850	3.13275e-026
837	41900	1.54842e-026
838	41950	1.52372e-026
839	42000	1.52372e-026
840	42050	1.52372e-026
841	42100	1.52372e-026
842	42150	1.52372e-026
843	42200	1.52372e-026
844	42250	1.10361e-026
845	42300	8.49478e-027
846	42350	8.27533e-027
847	42400	8.27533e-027
848	42450	8.27533e-027
849	42500	8.07913e-027
850	42550	8.07913e-027
851	42600	8.07913e-027
852	42650	8.07913e-027
853	42700	8.07913e-027
854	42750	8.07913e-027
855	42800	8.07913e-027
856	42850	8.07913e-027
857	42900	7.11624e-027
858	42950	6.52704e-027
859	43000	5.54256e-027
860	43050	4.1941e-027
861	43100	4.1941e-027
862	43150	4.1941e-027
863	43200	4.1941e-027
864	43250	3.6038e-027
865	43300	3.34288e-027
866	43350	3.3425e-027
867	43400	3.3425e-027
868	43450	1.41976e-027
869	43500	1.06602e-027
870	43550	1.06602e-027
871	43600	1.06602e-027
872	43650	1.06602e-027
873	43700	1.06602e-027
874	43750	1.06602e-027
875	43800	8.5522e-028
876	43850	4.89801e-028
877	43900	4.89801e-028
878	43950	4.06244e-028
879	44000	4.06244e-028
880	44050	1.73084e-028
881	44100	1.73084e-028
882	44150	1.73084e-028
883	44200	1.73084e-028
884	44250	1.73084e-028
885	44300	1.73084e-028
886	44350	1.73084e-028
887	44400	1.73084e-028
888	44450	1.73084e-028
889	44500	1.73084e-028
890	44550	1.56146e-028
891	44600	1.56146e-028
892	44650	1.46173e-028
893	44700	1.45568e-028
894	44750	1.45568e-028
895	44800	1.35658e-028
896	44850	1.17216e-028
897	44900	9.88352e-029
898	44950	9.88352e-029
899	45000	8.43354e-029
900	45050	8.43354e-029
901	45100	8.43354e-029
902	45150	8.43354e-029
903	45200	8.43354e-029
904	45250	8.21599e-029
905	45300	4.26129e-029
906	45350	4.26129e-029
907	45400	4.25751e-029
908	45450	4.25751e-029
909	45500	2.93802e-029
910	45550	2.93802e-029
911	45600	2.93802e-029
912	45650	2.93802e-029
913	45700	1.93117e-029
914	45750	1.76422e-029
915	45800	8.16611e-030
916	45850	8.16611e-030
917	45900	8.16611e-030
918	45950	8.16611e-030
919	46000	8.16611e-030
920	46050	6.90666e-030
921	46100	6.90666e-030
922	46150	6.90666e-030
923	46200	6.90666e-030
924	46250	6.90666e-030
925	46300	6.90666e-030
926	46350	6.90666e-030
927	46400	6.90666e-030
928	46450	6.90666e-030
929	46500	6.90666e-030
930	46550	6.90666e-030
931	46600	6.90666e-030
932	46650	6.39087e-030
933	46700	3.50208e-030
934	46750	3.35646e-030
935	46800	3.35646e-030
936	46850	2.1846e-030
937	46900	1.86462e-030
938	46950	1.40455e-030
939	47000	1.40455e-030
940	47050	1.40455e-030
941	47100	1.40455e-030
942	47150	1.40455e-030
943	47200	1.20918e-030
944	47250	1.20918e-030
945	47300	1.20918e-030
946	47350	1.17652e-030
947	47400	1.17652e-030
948	47450	9.68326e-031
949	47500	2.70512e-031
950	47550	2.70512e-031
951	47600	2.70512e-031
952	47650	2.67239e-031
953	47700	2.67239e-031
954	47750	2.67239e-031
955	47800	2.67239e-031
956	47850	2.67239e-031
957	47900	2.67239e-031
958	47950	2.67239e-031
959	48000	2.67239e-031
960	48050	2.67239e-031
961	48100	2.62372e-031
962	48150	2.62372e-031
963	48200	2.62372e-031
964	48250	2.62372e-031
965	48300	2.10415e-031
966	48350	2.10415e-031
967	48400	2.10415e-031
968	48450	2.10415e-031
969	48500	2.10415e-031
970	48550	1.84186e-031
971	48600	1.84186e-031
972	48650	1.39171e-031
973	48700	1.39171e-031
974	48750	1.29652e-031
975	48800	8.76956e-032
976	48850	7.2487e-032
977	48900	7.2487e-032
978	48950	4.84519e-032
979	49000	4.84519e-032
980	49050	4.84519e-032
981	49100	4.84519e-032
982	49150	4.84519e-032
983	49200	4.84519e-032
984	49250	3.97536e-032
985	49300	3.97536e-032
986	49350	3.97536e-032
987	49400	3.97536e-032
988	49450	3.97536e-032
989	49500	3.97536e-032
990	49550	3.97536e-032
991	49600	3.97536e-032
992	49650	3.97536e-032
993	49700	3.97536e-032
994	49750	3.79783e-032
995	49800	3.79783e-032
996	49850	3.78261e-032
997	49900	3.05387e-032
998	49950	3.05387e-032
999	50000	1.32697e-032
1000	50050	1.15302e-032
1001	50100	1.15302e-032
1002	50150	1.15302e-032
1003	50200	1.15302e-032
1004	50250	1.15302e-032
1005	50300	1.15302e-032
1006	50350	1.15302e-032
1007	50400	1.15053e-032
1008	50450	1.15053e-032
1009	50500	1.15053e-032
1010	50550	1.09436e-032
1011	50600	1.09436e-032
1012	50650	1.09436e-032
1013	50700	1.09436e-032
1014	50750	3.43751e-033
1015	50800	3.43751e-033
1016	50850	3.43751e-033
1017	50900	3.43751e-033
1018	50950	3.43751e-033
1019	51000	1.99744e-033
1020	51050	1.99744e-033
1021	51100	1.99744e-033
1022	51150	1.99744e-033
1023	51200	9.7163e-034
1024	51250	9.7163e-034
1025	51300	6.24897e-034
1026	51350	6.17484e-034
1027	51400	6.17484e-034
1028	51450	6.17484e-034
1029	51500	6.17484e-034
1030	51550	4.58107e-034
1031	51600	4.58107e-034
1032	51650	4.58107e-034
1033	51700	4.29106e-034
1034	51750	4.29106e-034
1035	51800	2.86503e-034
1036	51850	2.86503e-034
1037	51900	2.86503e-034
1038	51950	2.63386e-034
1039	52000	2.63386e-034
1040	52050	2.12697e-034
1041	52100	2.12697e-034
1042	52150	1.9155e-034
1043	52200	1.65616e-034
1044	52250	1.64975e-034
1045	52300	1.64975e-034
1046	52350	1.62145e-034
1047	52400	1.62145e-034
1048	52450	9.79656e-035
1049	52500	9.79656e-035
1050	52550	9.79656e-035
1051	52600	7.15843e-035
1052	52650	6.87579e-035
1053	52700	6.87579e-035
1054	52750	6.87579e-035
1055	52800	6.87579e-035
1056	52850	6.87579e-035
1057	52900	6.78073e-035
1058	52950	5.97786e-035
1059	53000	5.97786e-035
1060	53050	5.97786e-035
1061	53100	5.97786e-035
1062	53150	5.97786e-035
1063	53200	5.97786e-035
1064	53250	5.48511e-035
1065	53300	5.48511e-035
1066	53350	3.95434e-035
1067	53400	3.95434e-035
1068	53450	3.95434e-035
1069	53500	1.28339e-035
1070	53550	1.27348e-035
1071	53600	1.27348e-035
1072	53650	1.11225e-035
1073	53700	1.11225e-035
1074	53750	1.08431e-035
1075	53800	1.0275e-035
1076	53850	7.96726e-036
1077	53900	7.79799e-036
1078	53950	7.79799e-036
1079	54000	7.79799e-036
1080	54050	7.79799e-036
1081	54100	7.17674e-036
1082	54150	6.66016e-036
1083	54200	5.11933e-036
1084	54250	5.11933e-036
1085	54300	4.72503e-036
1086	54350	4.72503e-036
1087	54400	4.04803e-036
1088	54450	4.04803e-036
1089	54500	4.04803e-036
1090	54550	3.26347e-036
1091	54600	3.12109e-036
1092	54650	3.12109e-036
1093	54700	3.12109e-036
1094	54750	3.12109e-036
1095	54800	3.12109e-036
1096	54850	3.08539e-036
1097	54900	2.97534e-036
1098	54950	2.97534e-036
1099	55000	2.97534e-036
1100	55050	2.97534e-036
1101	55100	2.94278e-036
1102	55150	2.94278e-036
1103	55200	2.88941e-036
1104	55250	2.88941e-036
1105	55300	2.55517e-036
1106	55350	2.55517e-036
1107	55400	2.55517e-036
1108	55450	2.52991e-036
1109	55500	2.47507e-036
1110	55550	1.03528e-036
1111	55600	1.02582e-036
1112	55650	1.02582e-036
1113	55700	1.02582e-036
1114	55750	1.02582e-036
1115	55800	1.02582e-036
1116	55850	1.02582e-036
1117	55900	1.01678e-036
1118	55950	1.00991e-036
1119	56000	9.82946e-037
1120	56050	1.22986e-037
1121	56100	1.04172e-037
1122	56150	1.04172e-037
1123	56200	9.26996e-038
1124	56250	9.26996e-038
1125	56300	8.99133e-038
1126	56350	6.49135e-038
1127	56400	5.81193e-038
1128	56450	5.81193e-038
1129	56500	5.81193e-038
1130	56550	5.81193e-038
1131	56600	5.77925e-038
1132	56650	5.77925e-038
1133	56700	5.77925e-038
1134	56750	5.77363e-038
1135	56800	5.56495e-038
1136	56850	5.56495e-038
1137	56900	4.71477e-038
1138	56950	4.53657e-038
1139	57000	1.7251e-038
1140	57050	1.7251e-038
1141	57100	1.63822e-038
1142	57150	1.63822e-038
1143	57200	1.63822e-038
1144	57250	1.63822e-038
1145	57300	1.63465e-038
1146	57350	1.63142e-038
1147	57400	1.59107e-038
1148	57450	1.48344e-038
1149	57500	3.288e-039
1150	57550	3.288e-039
1151	57600	3.21445e-039
1152	57650	3.21445e-039
1153	57700	3.21445e-039
1154	57750	2.92905e-039
1155	57800	2.92905e-039
1156	57850	2.92905e-039
1157	57900	2.92905e-039
1158	57950	2.92905e-039
1159	58000	2.92905e-039
1160	58050	2.58385e-039
1161	58100	7.03287e-040
1162	58150	7.03287e-040
1163	58200	7.03287e-040
1164	58250	7.03287e-040
1165	58300	7.03051e-040
1166	58350	7.03051e-040
1167	58400	6.90243e-040
1168	58450	6.90243e-040
1169	58500	6.6718e-040
1170	58550	6.6718e-040
1171	58600	6.6718e-040
1172	58650	3.71668e-040
1173	58700	3.01088e-040
1174	58750	2.39157e-040
1175	58800	2.39157e-040
1176	58850	2.39157e-040
1177	58900	2.08884e-040
1178	58950	2.08884e-040
1179	59000	2.08884e-040
1180	59050	2.08884e-040
1181	59100	2.08884e-040
1182	59150	2.04997e-040
1183	59200	2.04997e-040
1184	59250	2.04286e-040
1185	59300	2.04286e-040
1186	59350	2.0211e-040
1187	59400	2.0211e-040
1188	59450	2.00808e-040
1189	59500	1.25098e-040
1190	59550	1.23587e-040
1191	59600	1.21429e-040
1192	59650	1.21429e-040
1193	59700	1.21429e-040
1194	59750	1.21429e-040
1195	59800	1.21429e-040
1196	59850	1.21429e-040
1197	59900	1.21429e-040
1198	59950	1.20158e-040
1199	60000	5.75452e-041
1200	60050	4.52783e-041
1201	60100	4.52783e-041
1202	60150	4.4272e-041
1203	60200	4.4272e-041
1204	60250	4.4044e-041
1205	60300	3.64204e-041
1206	60350	3.64204e-041
1207	60400	3.56602e-041
1208	60450	2.30683e-041
1209	60500	2.27311e-041
1210	60550	2.01286e-041
1211	60600	1.97293e-041
1212	60650	1.97293e-041
1213	60700	1.97293e-041
1214	60750	1.97293e-041
1215	60800	1.97293e-041
1216	60850	1.94946e-041
1217	60900	1.94946e-041
1218	60950	1.35554e-041
1219	61000	8.75022e-042
1220	61050	8.75022e-042
1221	61100	8.19119e-042
1222	61150	8.19119e-042
1223	61200	8.19119e-042
1224	61250	8.07715e-042
1225	61300	7.72432e-042
1226	61350	7.72432e-042
1227	61400	7.31817e-042
1228	61450	7.31817e-042
1229	61500	7.31817e-042
1230	61550	7.31817e-042
1231	61600	7.30735e-042
1232	61650	7.30735e-042
1233	61700	6.3439e-042
1234	61750	6.32953e-042
1235	61800	6.32953e-042
1236	61850	6.32953e-042
1237	61900	2.43556e-042
1238	61950	2.43556e-042
1239	62000	2.43556e-042
1240	62050	2.43556e-042
1241	62100	2.43556e-042
1242	62150	2.17208e-042
1243	62200	1.17982e-042
1244	62250	1.17982e-042
1245	62300	6.99103e-043
1246	62350	6.99103e-043
1247	62400	4.86928e-043
1248	62450	4.86055e-043
1249	62500	4.86055e-043
1250	62550	4.82123e-043
1251	62600	4.82123e-043
1252	62650	4.70037e-043
1253	62700	4.70037e-043
1254	62750	4.70037e-043
1255	62800	4.70037e-043
1256	62850	4.70037e-043
1257	62900	4.70037e-043
1258	62950	4.70037e-043
1259	63000	4.70037e-043
1260	63050	4.35264e-043
1261	63100	4.35264e-043
1262	63150	4.35183e-043
1263	63200	4.35183e-043
1264	63250	4.35183e-043
1265	63300	2.62649e-043
1266	63350	2.62649e-043
1267	63400	8.31858e-044
1268	63450	8.22729e-044
1269	63500	1.90784e-044
1270	63550	1.89598e-044
1271	63600	1.89598e-044
1272	63650	1.86765e-044
1273	63700	1.86765e-044
1274	63750	1.8667e-044
1275	63800	1.8667e-044
1276	63850	1.8667e-044
1277	63900	1.76127e-044
1278	63950	1.67789e-044
1279	64000	1.67789e-044
1280	64050	1.63934e-044
1281	64100	1.63934e-044
1282	64150	1.63934e-044
1283	64200	1.60467e-044
1284	64250	1.34953e-044
1285	64300	1.33112e-044
1286	64350	1.33112e-044
1287	64400	1.04708e-044
1288	64450	1.04708e-044
1289	64500	1.04708e-044
1290	64550	1.04708e-044
1291	64600	1.04708e-044
1292	64650	1.04708e-044
1293	64700	1.04708e-044
1294	64750	9.57069e-045
1295	64800	9.57069e-045
1296	64850	9.52933e-045
1297	64900	7.55221e-045
1298	64950	7.3444e-045
1299	65000	6.3401e-045
1300	65050	6.31177e-045
1301	65100	1.7215e-045
1302	65150	1.69677e-045
1303	65200	1.65525e-045
1304	65250	1.49852e-045
1305	65300	1.28215e-045
1306	65350	1.28215e-045
1307	65400	1.28215e-045
1308	65450	1.07582e-045
1309	65500	1.00374e-045
1310	65550	1.00374e-045
1311	65600	1.00374e-045
1312	65650	9.8103e-046
1313	65700	9.8103e-046
1314	65750	9.65064e-046
1315	65800	9.65064e-046
1316	65850	9.65064e-046
1317	65900	9.60831e-046
1318	65950	9.26518e-046
1319	66000	4.31138e-046
1320	66050	3.99277e-046
1321	66100	3.98321e-046
1322	66150	2.08557e-046
1323	66200	1.25929e-046
1324	66250	1.05905e-046
1325	66300	1.05905e-046
1326	66350	1.02107e-046
1327	66400	1.02107e-046
1328	66450	1.02107e-046
1329	66500	7.2713e-047
1330	66550	5.87602e-047
1331	66600	3.54597e-047
1332	66650	3.54597e-047
1333	66700	3.54597e-047
1334	66750	3.54597e-047
1335	66800	2.71278e-047
1336	66850	2.71278e-047
1337	66900	2.71278e-047
1338	66950	2.71278e-047
1339	67000	1.71659e-047
1340	67050	1.71659e-047
1341	67100	1.41051e-047
1342	67150	1.34187e-047
1343	67200	1.29816e-047
1344	67250	1.29683e-047
1345	67300	1.29683e-047
1346	67350	9.02971e-048
1347	67400	5.8339e-048
1348	67450	5.8339e-048
1349	67500	5.64294e-048
1350	67550	5.64294e-048
1351	67600	5.64294e-048
1352	67650	9.26945e-049
1353	67700	9.26945e-049
1354	67750	9.26945e-049
1355	67800	9.26945e-049
1356	67850	8.30406e-049
1357	67900	5.52256e-049
1358	67950	5.52256e-049
1359	68000	5.52256e-049
1360	68050	5.52256e-049
1361	68100	5.52256e-049
1362	68150	4.64601e-049
1363	68200	4.64601e-049
1364	68250	4.64601e-049
1365	68300	4.59052e-049
1366	68350	4.59052e-049
1367	68400	4.59052e-049
1368	68450	3.79955e-049
1369	68500	3.79955e-049
1370	68550	3.61616e-049
1371	68600	3.61616e-049
1372	68650	3.145e-049
1373	68700	3.145e-049
1374	68750	1.57709e-049
1375	68800	1.57709e-049
1376	68850	1.57709e-049
1377	68900	1.57709e-049
1378	68950	1.57709e-049
1379	69000	1.57709e-049
1380	69050	1.54058e-049
1381	69100	1.54058e-049
1382	69150	1.54058e-049
1383	69200	1.54058e-049
1384	69250	1.54058e-049
1385	69300	1.42369e-049
1386	69350	9.46039e-050
1387	69400	9.46039e-050
1388	69450	9.46039e-050
1389	69500	9.46039e-050
1390	69550	9.46039e-050
1391	69600	9.43978e-050
1392	69650	5.74679e-050
1393	69700	5.74679e-050
1394	69750	5.74679e-050
1395	69800	5.32399e-050
1396	69850	5.3182e-050
1397	69900	5.3182e-050
1398	69950	5.3182e-050
1399	70000	5.3182e-050
1400	70050	4.00184e-050
1401	70100	4.00184e-050
1402	70150	3.18289e-050
1403	70200	2.69576e-050
1404	70250	2.69576e-050
1405	70300	2.69576e-050
1406	70350	2.69576e-050
1407	70400	2.67876e-050
1408	70450	2.67876e-050
1409	70500	2.67876e-050
1410	70550	2.67876e-050
1411	70600	2.36977e-050
1412	70650	2.29063e-050
1413	70700	2.29063e-050
1414	70750	2.29063e-050
1415	70800	2.29063e-050
1416	70850	2.25091e-050
1417	70900	2.25091e-050
1418	70950	2.25091e-050
1419	71000	2.25091e-050
1420	71050	2.25091e-050
1421	71100	2.25091e-050
1422	71150	6.6657e-051
1423	71200	6.6657e-051
1424	71250	6.32418e-051
1425	71300	6.32418e-051
1426	71350	5.82616e-051
1427	71400	5.67764e-051
1428	71450	5.67764e-051
1429	71500	2.7743e-051
1430	71550	2.7743e-051
1431	71600	2.72236e-051
1432	71650	2.61518e-051
1433	71700	2.61518e-051
1434	71750	2.61518e-051
1435	71800	2.33337e-051
1436	71850	1.76168e-051
1437	71900	1.76168e-051
1438	71950	1.76168e-051
1439	72000	1.75453e-051
1440	72050	1.75453e-051
1441	72100	1.75453e-051
1442	72150	1.73375e-051
1443	72200	1.73375e-051
1444	72250	1.71552e-051
1445	72300	1.71552e-051
1446	72350	1.32774e-051
1447	72400	1.07737e-051
1448	72450	1.07737e-051
1449	72500	7.52891e-052
1450	72550	5.4478e-052
1451	72600	1.39644e-052
1452	72650	1.39644e-052
1453	72700	1.39644e-052
1454	72750	1.39644e-052
1455	72800	1.39644e-052
1456	72850	1.39644e-052
1457	72900	1.1134e-052
1458	72950	9.58265e-053
1459	73000	9.58265e-053
1460	73050	8.76375e-053
1461	73100	8.76375e-053
1462	73150	6.67306e-053
1463	73200	5.86694e-053
1464	73250	3.24319e-053
1465	73300	3.24319e-053
1466	73350	3.24319e-053
1467	73400	3.24319e-053
1468	73450	3.24319e-053
1469	73500	3.24319e-053
1470	73550	3.24319e-053
1471	73600	3.24319e-053
1472	73650	3.24319e-053
1473	73700	3.24319e-053
1474	73750	3.09819e-053
1475	73800	3.09819e-053
1476	73850	3.09819e-053
1477	73900	2.65816e-053
1478	73950	2.07994e-053
1479	74000	1.13312e-053
1480	74050	1.13312e-053
1481	74100	1.13312e-053
1482	74150	1.03442e-053
1483	74200	9.42221e-054
1484	74250	8.55505e-054
1485	74300	8.55505e-054
1486	74350	8.55505e-054
1487	74400	8.30254e-054
1488	74450	8.30254e-054
1489	74500	8.03945e-054
1490	74550	8.03945e-054
1491	74600	7.99488e-054
1492	74650	7.48931e-054
1493	74700	7.48931e-054
1494	74750	6.31993e-054
1495	74800	4.57099e-054
1496	74850	3.6162e-054
1497	74900	3.6162e-054
1498	74950	3.6162e-054
1499	75000	3.6162e-054
1500	75050	3.6162e-054
1501	75100	3.6162e-054
1502	75150	3.48876e-054
1503	75200	3.48876e-054
1504	75250	2.12098e-054
1505	75300	2.12098e-054
1506	75350	2.00958e-054
1507	75400	1.63221e-054
1508	75450	1.63221e-054
1509	75500	1.41373e-054
1510	75550	5.41536e-055
1511	75600	5.41536e-055
1512	75650	4.66928e-055
1513	75700	4.66928e-055
1514	75750	4.43753e-055
1515	75800	4.3644e-055
1516	75850	4.3644e-055
1517	75900	3.77943e-055
1518	75950	3.53806e-055
1519	76000	3.53806e-055
1520	76050	3.48089e-055
1521	76100	3.48089e-055
1522	76150	1.52165e-055
1523	76200	1.52165e-055
1524	76250	1.52165e-055
1525	76300	1.52165e-055
1526	76350	1.52165e-055
1527	76400	1.4801e-055
1528	76450	8.10934e-056
1529	76500	8.10934e-056
1530	76550	7.8025e-056
1531	76600	5.85613e-056
1532	76650	5.85613e-056
1533	76700	5.85613e-056
1534	76750	5.85613e-056
1535	76800	4.58266e-056
1536	76850	4.58266e-056
1537	76900	3.6398e-056
1538	76950	3.59159e-056
1539	77000	3.59159e-056
1540	77050	3.59159e-056
1541	77100	3.59159e-056
1542	77150	3.42169e-056
1543	77200	3.42169e-056
1544	77250	3.42169e-056
1545	77300	3.42169e-056
1546	77350	3.37767e-056
1547	77400	3.37767e-056
1548	77450	3.37767e-056
1549	77500	3.26564e-056
1550	77550	3.24564e-056
1551	77600	3.24564e-056
1552	77650	2.96479e-056
1553	77700	2.96449e-056
1554	77750	2.96449e-056
1555	77800	5.57131e-057
1556	77850	5.57131e-057
1557	77900	5.27308e-057
1558	77950	5.27308e-057
1559	78000	4.01462e-057
1560	78050	4.01462e-057
1561	78100	4.01462e-057
1562	78150	3.60336e-057
1563	78200	3.60336e-057
1564	78250	3.60336e-057
1565	78300	2.62174e-057
1566	78350	2.62174e-057
1567	78400	2.62174e-057
1568	78450	2.56832e-057
1569	78500	2.56832e-057
1570	78550	2.56832e-057
1571	78600	2.56832e-057
1572	78650	2.43356e-057
1573	78700	2.43356e-057
1574	78750	2.43356e-057
1575	78800	2.43356e-057
1576	78850	2.42294e-057
1577	78900	2.42294e-057
1578	78950	2.42294e-057
1579	79000	2.42294e-057
1580	79050	1.63036e-057
1581	79100	6.96077e-058
1582	79150	6.96077e-058
1583	79200	6.09893e-058
1584	79250	6.09893e-058
1585	79300	3.25161e-058
1586	79350	3.12972e-058
1587	79400	3.12972e-058
1588	79450	3.12972e-058
1589	79500	3.12972e-058
1590	79550	3.12972e-058
1591	79600	3.12972e-058
1592	79650	3.12972e-058
1593	79700	3.12972e-058
1594	79750	2.62343e-058
1595	79800	3.7718e-059
1596	79850	3.7718e-059
1597	79900	2.7808e-059
1598	79950	2.7808e-059
1599	80000	2.7808e-059
1600	80050	2.7808e-059
1601	80100	2.7808e-059
1602	80150	2.58708e-059
1603	80200	2.58708e-059
1604	80250	2.42723e-059
1605	80300	2.42723e-059
1606	80350	1.67922e-059
1607	80400	1.67922e-059
1608	80450	1.58621e-059
1609	80500	1.10724e-059
1610	80550	1.10724e-059
1611	80600	1.10724e-059
1612	80650	1.10478e-059
1613	80700	1.05787e-059
1614	80750	1.05787e-059
1615	80800	1.05787e-059
1616	80850	1.05787e-059
1617	80900	6.92675e-060
1618	80950	6.39578e-060
1619	81000	6.39578e-060
1620	81050	5.52012e-060
1621	81100	4.82958e-060
1622	81150	4.82958e-060
1623	81200	4.82958e-060
1624	81250	4.82958e-060
1625	81300	4.82958e-060
1626	81350	4.82958e-060
1627	81400	4.82958e-060
1628	81450	4.82958e-060
1629	81500	4.82958e-060
1630	81550	9.42425e-061
1631	81600	9.42425e-061
1632	81650	9.27854e-061
1633	81700	9.27854e-061
1634	81750	9.27854e-061
1635	81800	9.27854e-061
1636	81850	9.27854e-061
1637	81900	8.34626e-061
1638	81950	7.39552e-061
1639	82000	7.39552e-061
1640	82050	5.90513e-061
1641	82100	5.77702e-061
1642	82150	5.77702e-061
1643	82200	5.77702e-061
1644	82250	5.77702e-061
1645	82300	5.46131e-061
1646	82350	2.64555e-061
1647	82400	2.51827e-061
1648	82450	2.37029e-061
1649	82500	2.37029e-061
1650	82550	2.2404e-061
1651	82600	1.71211e-061
1652	82650	1.40835e-061
1653	82700	7.86585e-062
1654	82750	7.86585e-062
1655	82800	7.86585e-062
1656	82850	7.86585e-062
1657	82900	7.86585e-062
1658	82950	7.86585e-062
1659	83000	7.37534e-062
1660	83050	7.37405e-062
1661	83100	5.56623e-062
1662	83150	5.56623e-062
1663	83200	5.56623e-062
1664	83250	3.9443e-062
1665	83300	3.86829e-062
1666	83350	3.86829e-062
1667	83400	3.86829e-062
1668	83450	3.86829e-062
1669	83500	2.82535e-062
1670	83550	2.54833e-062
1671	83600	2.53721e-062
1672	83650	1.34286e-062
1673	83700	1.34286e-062
1674	83750	1.34286e-062
1675	83800	1.23343e-062
1676	83850	1.22815e-062
1677	83900	1.22815e-062
1678	83950	1.22815e-062
1679	84000	9.68795e-063
1680	84050	9.68795e-063
1681	84100	9.25815e-063
1682	84150	9.25815e-063
1683	84200	8.90961e-063
1684	84250	8.76874e-063
1685	84300	8.76874e-063
1686	84350	8.76874e-063
1687	84400	8.76874e-063
1688	84450	8.76874e-063
1689	84500	8.76874e-063
1690	84550	6.91694e-063
1691	84600	4.53982e-063
1692	84650	4.30805e-063
1693	84700	4.27251e-063
1694	84750	4.20567e-063
1695	84800	4.20567e-063
1696	84850	4.18326e-063
1697	84900	4.18326e-063
1698	84950	1.03863e-063
1699	85000	1.03863e-063
1700	85050	1.03863e-063
1701	85100	5.65903e-064
1702	85150	5.65903e-064
1703	85200	5.29676e-064
1704	85250	5.29676e-064
1705	85300	5.29676e-064
1706	85350	4.9429e-064
1707	85400	4.9429e-064
1708	85450	4.9429e-064
1709	85500	4.9429e-064
1710	85550	4.51666e-064
1711	85600	4.51666e-064
1712	85650	4.51666e-064
1713	85700	4.51666e-064
1714	85750	4.4452e-064
1715	85800	4.4452e-064
1716	85850	3.22648e-064
1717	85900	3.22648e-064
1718	85950	3.22648e-064
1719	86000	2.92888e-064
1720	86050	2.85184e-064
1721	86100	2.76497e-064
1722	86150	2.50351e-064
1723	86200	1.75403e-064
1724	86250	1.75403e-064
1725	86300	1.75403e-064
1726	86350	1.59398e-064
1727	86400	1.5431e-064
1728	86450	1.52285e-064
1729	86500	1.46532e-064
1730	86550	1.22829e-064
1731	86600	1.22829e-064
1732	86650	1.13673e-064
1733	86700	2.97162e-065
1734	86750	2.97162e-065
1735	86800	2.79463e-065
1736	86850	2.79463e-065
1737	86900	2.79463e-065
1738	86950	1.91323e-065
1739	87000	1.91323e-065
1740	87050	1.91323e-065
1741	87100	1.91323e-065
1742	87150	1.91323e-065
1743	87200	1.67788e-065
1744	87250	1.67788e-065
1745	87300	1.67788e-065
1746	87350	1.67788e-065
1747	87400	1.67788e-065
1748	87450	1.16148e-065
1749	87500	1.16148e-065
1750	87550	1.16148e-065
1751	87600	9.86647e-066
1752	87650	6.56052e-066
1753	87700	5.00014e-066
1754	87750	5.00014e-066
1755	87800	5.00014e-066
1756	87850	3.73986e-066
1757	87900	3.40719e-066
1758	87950	3.40719e-066
1759	88000	3.40719e-066
1760	88050	3.32097e-066
1761	88100	3.2376e-066
1762	88150	2.05883e-066
1763	88200	1.63754e-066
1764	88250	5.20104e-067
1765	88300	5.18532e-067
1766	88350	5.18532e-067
1767	88400	5.18532e-067
1768	88450	5.18532e-067
1769	88500	5.18532e-067
1770	88550	5.18532e-067
1771	88600	2.84418e-067
1772	88650	2.82996e-067
1773	88700	2.66574e-067
1774	88750	2.66574e-067
1775	88800	2.66574e-067
1776	88850	2.6201e-067
1777	88900	2.6201e-067
1778	88950	2.48492e-067
1779	89000	2.48492e-067
1780	89050	2.48492e-067
1781	89100	2.32477e-067
1782	89150	2.05848e-067
1783	89200	2.05848e-067
1784	89250	2.05848e-067
1785	89300	1.7713e-067
1786	89350	1.7713e-067
1787	89400	1.76058e-067
1788	89450	1.76058e-067
1789	89500	1.76058e-067
1790	89550	1.76058e-067
1791	89600	1.76058e-067
1792	89650	1.75528e-067
1793	89700	8.1161e-068
1794	89750	8.11214e-068
1795	89800	8.11214e-068
1796	89850	6.58176e-068
1797	89900	6.45967e-068
1798	89950	6.45967e-068
1799	90000	6.45967e-068
1800	90050	4.93805e-068
1801	90100	2.5294e-068
1802	90150	1.97034e-068
1803	90200	1.86535e-068
1804	90250	1.86535e-068
1805	90300	1.22552e-068
1806	90350	8.96823e-069
1807	90400	8.96823e-069
1808	90450	8.52111e-069
1809	90500	8.52111e-069
1810	90550	8.32886e-069
1811	90600	7.23952e-069
1812	90650	7.19579e-069
1813	90700	7.19579e-069
1814	90750	7.19579e-069
1815	90800	4.9627e-069
1816	90850	4.9627e-069
1817	90900	4.9627e-069
1818	90950	4.76364e-069
1819	91000	4.76364e-069
1820	91050	4.76364e-069
1821	91100	4.76364e-069
1822	91150	4.54316e-069
1823	91200	4.44771e-069
1824	91250	4.44771e-069
1825	91300	4.44771e-069
1826	91350	4.38005e-069
1827	91400	4.37319e-069
1828	91450	3.48732e-069
1829	91500	3.48732e-069
1830	91550	3.48732e-069
1831	91600	2.78672e-069
1832	91650	2.70215e-069
1833	91700	2.69252e-069
1834	91750	2.6621e-069
1835	91800	2.61344e-069
1836	91850	2.54876e-069
1837	91900	2.31335e-069
1838	91950	2.31335e-069
1839	92000	2.24054e-069
1840	92050	2.24054e-069
1841	92100	2.24054e-069
1842	92150	2.24054e-069
1843	92200	2.34543e-070
1844	92250	2.06751e-070
1845	92300	2.06751e-070
1846	92350	2.06751e-070
1847	92400	1.89285e-070
1848	92450	1.74237e-070
1849	92500	1.74237e-070
1850	92550	1.74237e-070
1851	92600	1.63408e-070
1852	92650	1.63408e-070
1853	92700	1.63408e-070
1854	92750	1.63408e-070
1855	92800	1.62127e-070
1856	92850	1.62127e-070
1857	92900	1.60179e-070
1858	92950	1.03775e-070
1859	93000	1.01894e-070
1860	93050	1.01894e-070
1861	93100	9.10698e-071
1862	93150	9.10698e-071
1863	93200	8.03518e-071
1864	93250	8.03518e-071
1865	93300	8.03518e-071
1866	93350	3.97996e-071
1867	93400	3.97996e-071
1868	93450	3.83391e-071
1869	93500	3.83391e-071
1870	93550	3.83391e-071
1871	93600	3.83391e-071
1872	93650	3.83391e-071
1873	93700	3.76009e-071
1874	93750	3.76009e-071
1875	93800	3.41097e-071
1876	93850	3.41097e-071
1877	93900	3.29995e-071
1878	93950	3.28463e-071
1879	94000	3.28463e-071
1880	94050	3.28463e-071
1881	94100	3.28463e-071
1882	94150	2.49518e-071
1883	94200	2.22524e-071
1884	94250	5.33573e-072
1885	94300	3.17621e-072
1886	94350	3.17621e-072
1887	94400	3.05721e-072
1888	94450	2.96153e-072
1889	94500	2.92718e-072
1890	94550	2.55464e-072
1891	94600	2.49909e-072
1892	94650	2.49909e-072
1893	94700	2.04784e-072
1894	94750	2.04784e-072
1895	94800	1.87229e-072
1896	94850	1.66967e-072
1897	94900	1.6454e-072
1898	94950	1.6454e-072
1899	95000	1.6454e-072
1900	95050	1.6454e-072
1901	95100	1.6285e-072
1902	95150	5.02773e-073
1903	95200	5.02773e-073
1904	95250	5.02773e-073
1905	95300	2.37646e-073
1906	95350	2.37646e-073
1907	95400	2.20838e-073
1908	95450	2.20838e-073
1909	95500	2.20838e-073
1910	95550	2.20838e-073
1911	95600	2.20838e-073
1912	95650	2.20838e-073
1913	95700	1.92948e-073
1914	95750	1.8666e-073
1915	95800	1.8666e-073
1916	95850	1.8666e-073
1917	95900	1.77161e-073
1918	95950	1.77161e-073
1919	96000	1.77161e-073
1920	96050	1.77161e-073
1921	96100	1.75154e-073
1922	96150	1.75154e-073
1923	96200	1.73485e-073
1924	96250	1.73485e-073
1925	96300	4.45894e-074
1926	96350	4.45894e-074
1927	96400	4.45894e-074
1928	96450	3.34303e-074
1929	96500	3.34303e-074
1930	96550	3.34303e-074
1931	96600	3.34303e-074
1932	96650	2.6498e-074
1933	96700	2.6498e-074
1934	96750	1.70324e-074
1935	96800	1.63095e-074
1936	96850	1.52945e-074
1937	96900	1.52945e-074
1938	96950	1.52945e-074
1939	97000	9.89395e-075
1940	97050	9.89395e-075
1941	97100	9.89395e-075
1942	97150	8.59322e-075
1943	97200	8.57208e-075
1944	97250	6.27304e-075
1945	97300	4.47479e-075
1946	97350	3.98069e-075
1947	97400	3.98069e-075
1948	97450	3.57012e-075
1949	97500	3.57012e-075
1950	97550	3.57012e-075
1951	97600	3.57012e-075
1952	97650	3.57012e-075
1953	97700	3.57012e-075
1954	97750	3.57012e-075
1955	97800	3.36643e-075
1956	97850	3.36643e-075
1957	97900	3.36643e-075
1958	97950	2.79484e-075
1959	98000	2.72909e-075
1960	98050	7.38325e-076
1961	98100	7.38325e-076
1962	98150	7.36691e-076
1963	98200	7.36691e-076
1964	98250	6.76231e-076
1965	98300	6.76231e-076
1966	98350	6.35228e-076
1967	98400	5.51592e-076
1968	98450	5.51592e-076
1969	98500	5.51592e-076
1970	98550	4.35877e-076
1971	98600	4.35877e-076
1972	98650	4.35877e-076
1973	98700	4.35877e-076
1974	98750	3.91303e-076
1975	98800	3.8846e-076
1976	98850	3.8846e-076
1977	98900	2.8435e-076
1978	98950	2.8435e-076
1979	99000	2.75285e-076
1980	99050	2.04073e-076
1981	99100	2.04073e-076
1982	99150	2.04073e-076
1983	99200	2.03211e-076
1984	99250	2.03211e-076
1985	99300	2.025e-076
1986	99350	2.025e-076
1987	99400	1.63191e-076
1988	99450	1.62671e-076
1989	99500	1.544e-076
1990	99550	1.544e-076
1991	99600	1.52936e-076
1992	99650	1.52936e-076
1993	99700	7.14232e-077
1994	99750	6.89193e-077
1995	99800	6.89193e-077
1996	99850	1.60961e-077
1997	99900	1.60961e-077
1998	99950	1.60961e-077
1999	100000	9.48321e-078
2000	100050	9.48321e-078
