1	100	0
2	150	1178.83
3	200	1178.83
4	250	1178.83
5	300	1023.32
6	350	907.687
7	400	612.813
8	450	608.691
9	500	608.691
10	550	528.098
11	600	528.098
12	650	432.253
13	700	432.253
14	750	432.253
15	800	432.253
16	850	432.253
17	900	432.253
18	950	432.253
19	1000	432.253
20	1050	432.253
21	1100	323.91
22	1150	323.91
23	1200	323.91
24	1250	323.91
25	1300	323.91
26	1350	323.91
27	1400	323.91
28	1450	323.91
29	1500	163.81
30	1550	163.81
31	1600	163.81
32	1650	163.81
33	1700	163.81
34	1750	146.809
35	1800	146.809
36	1850	146.809
37	1900	101.836
38	1950	70.6634
39	2000	70.6634
40	2050	70.6634
41	2100	70.6634
42	2150	70.3475
43	2200	40.6532
44	2250	40.6532
45	2300	40.6532
46	2350	25.112
47	2400	20.6861
48	2450	12.1163
49	2500	12.1163
50	2550	12.1163
51	2600	12.1163
52	2650	12.1163
53	2700	8.37121
54	2750	8.37121
55	2800	8.37121
56	2850	8.37121
57	2900	8.37121
58	2950	8.37121
59	3000	8.37121
60	3050	8.37121
61	3100	8.37121
62	3150	8.37121
63	3200	8.37121
64	3250	7.98321
65	3300	7.98321
66	3350	7.98321
67	3400	7.98321
68	3450	7.46894
69	3500	7.46894
70	3550	7.46894
71	3600	7.46894
72	3650	7.46894
73	3700	7.46894
74	3750	7.46894
75	3800	7.46894
76	3850	7.46894
77	3900	7.46894
78	3950	7.46894
79	4000	7.46894
80	4050	7.46894
81	4100	7.46894
82	4150	7.26516
83	4200	7.26516
84	4250	7.26516
85	4300	7.23013
86	4350	7.23013
87	4400	7.21087
88	4450	7.20655
89	4500	4.4454
90	4550	4.4454
91	4600	4.4454
92	4650	4.4454
93	4700	4.40361
94	4750	4.40361
95	4800	4.40361
96	4850	4.40361
97	4900	4.40361
98	4950	4.36739
99	5000	4.36739
100	5050	4.36739
101	5100	4.36739
102	5150	4.36739
103	5200	4.36739
104	5250	4.36739
105	5300	4.02932
106	5350	4.02932
107	5400	4.02932
108	5450	4.02932
109	5500	3.99304
110	5550	3.95192
111	5600	3.86446
112	5650	3.86317
113	5700	3.86317
114	5750	3.86317
115	5800	1.43337
116	5850	1.43337
117	5900	1.43337
118	5950	0.92254
119	6000	0.286852
120	6050	0.286852
121	6100	0.255581
122	6150	0.232618
123	6200	0.232618
124	6250	0.226586
125	6300	0.226586
126	6350	0.226586
127	6400	0.226586
128	6450	0.226586
129	6500	0.226586
130	6550	0.226586
131	6600	0.226586
132	6650	0.223051
133	6700	0.145315
134	6750	0.145315
135	6800	0.135809
136	6850	0.135809
137	6900	0.129299
138	6950	0.129299
139	7000	0.129299
140	7050	0.120862
141	7100	0.120862
142	7150	0.0610182
143	7200	0.0610182
144	7250	0.0556834
145	7300	0.0556834
146	7350	0.0537228
147	7400	0.0534983
148	7450	0.0534983
149	7500	0.0534983
150	7550	0.0534983
151	7600	0.0281978
152	7650	0.0281978
153	7700	0.0281978
154	7750	0.0281978
155	7800	0.0281978
156	7850	0.0281978
157	7900	0.0239272
158	7950	0.0239272
159	8000	0.0239272
160	8050	0.0226756
161	8100	0.0226756
162	8150	0.0221838
163	8200	0.0214795
164	8250	0.0170091
165	8300	0.014164
166	8350	0.0109957
167	8400	0.0109957
168	8450	0.00926105
169	8500	0.00926105
170	8550	0.00619895
171	8600	0.00510762
172	8650	0.00510762
173	8700	0.00510762
174	8750	0.00505885
175	8800	0.00452471
176	8850	0.00417286
177	8900	0.00412187
178	8950	0.00412187
179	9000	0.00331564
180	9050	0.00322759
181	9100	0.00322759
182	9150	0.00322759
183	9200	0.00311306
184	9250	0.0030671
185	9300	0.0030671
186	9350	0.0030671
187	9400	0.0030671
188	9450	0.0030671
189	9500	0.0030671
190	9550	0.0030671
191	9600	0.00299862
192	9650	0.000937258
193	9700	0.000937258
194	9750	0.000937258
195	9800	0.000604982
196	9850	0.000604982
197	9900	0.000604982
198	9950	0.000604982
199	10000	0.000604982
200	10050	0.000604982
201	10100	0.000604982
202	10150	0.000604982
203	10200	0.000604982
204	10250	0.000604982
205	10300	0.000604982
206	10350	0.000544527
207	10400	0.000544527
208	10450	0.000544527
209	10500	0.000544527
210	10550	0.000220864
211	10600	0.000192938
212	10650	0.000192938
213	10700	0.000192938
214	10750	0.000192938
215	10800	9.29689e-005
216	10850	9.29689e-005
217	10900	9.29689e-005
218	10950	9.29689e-005
219	11000	9.29689e-005
220	11050	9.29689e-005
221	11100	9.29689e-005
222	11150	9.29689e-005
223	11200	9.29689e-005
224	11250	9.29689e-005
225	11300	9.29689e-005
226	11350	7.59354e-005
227	11400	7.59354e-005
228	11450	5.18347e-005
229	11500	5.18347e-005
230	11550	5.18347e-005
231	11600	5.18347e-005
232	11650	5.18347e-005
233	11700	4.45461e-005
234	11750	4.45461e-005
235	11800	4.45461e-005
236	11850	3.62029e-005
237	11900	3.62029e-005
238	11950	3.62029e-005
239	12000	3.62029e-005
240	12050	3.62029e-005
241	12100	3.62029e-005
242	12150	3.62029e-005
243	12200	3.62029e-005
244	12250	3.62029e-005
245	12300	3.46431e-005
246	12350	3.46431e-005
247	12400	3.46431e-005
248	12450	3.46431e-005
249	12500	3.46431e-005
250	12550	3.46431e-005
251	12600	3.16683e-005
252	12650	3.16683e-005
253	12700	3.12755e-005
254	12750	3.12755e-005
255	12800	3.12755e-005
256	12850	3.12755e-005
257	12900	3.12755e-005
258	12950	3.06816e-005
259	13000	3.06816e-005
260	13050	3.06816e-005
261	13100	1.06462e-005
262	13150	1.05057e-005
263	13200	1.05057e-005
264	13250	1.05057e-005
265	13300	1.05057e-005
266	13350	1.05057e-005
267	13400	1.05057e-005
268	13450	4.65742e-006
269	13500	4.65742e-006
270	13550	4.65742e-006
271	13600	4.65742e-006
272	13650	4.65742e-006
273	13700	4.65742e-006
274	13750	4.57711e-006
275	13800	3.37811e-006
276	13850	3.37811e-006
277	13900	3.37811e-006
278	13950	2.58104e-006
279	14000	2.16124e-006
280	14050	2.16124e-006
281	14100	2.16124e-006
282	14150	2.16124e-006
283	14200	2.16124e-006
284	14250	2.14387e-006
285	14300	2.14387e-006
286	14350	2.14387e-006
287	14400	1.90827e-006
288	14450	1.53549e-006
289	14500	1.53549e-006
290	14550	1.53549e-006
291	14600	1.46689e-006
292	14650	1.46689e-006
293	14700	1.1567e-006
294	14750	4.07498e-007
295	14800	4.07498e-007
296	14850	4.07498e-007
297	14900	4.07498e-007
298	14950	4.07498e-007
299	15000	4.07498e-007
300	15050	3.64289e-007
301	15100	3.41391e-007
302	15150	2.83924e-007
303	15200	2.83924e-007
304	15250	2.79747e-007
305	15300	2.79747e-007
306	15350	2.79747e-007
307	15400	1.59963e-007
308	15450	1.59963e-007
309	15500	1.59963e-007
310	15550	1.59963e-007
311	15600	1.59963e-007
312	15650	1.59963e-007
313	15700	1.49866e-007
314	15750	1.49866e-007
315	15800	1.42727e-007
316	15850	1.42727e-007
317	15900	1.42727e-007
318	15950	1.42727e-007
319	16000	1.42727e-007
320	16050	1.42727e-007
321	16100	1.42727e-007
322	16150	1.42727e-007
323	16200	8.93527e-008
324	16250	8.93527e-008
325	16300	8.67002e-008
326	16350	8.67002e-008
327	16400	8.67002e-008
328	16450	4.1903e-008
329	16500	4.1903e-008
330	16550	4.1903e-008
331	16600	4.1903e-008
332	16650	3.79863e-008
333	16700	3.79863e-008
334	16750	3.79863e-008
335	16800	3.79863e-008
336	16850	2.30455e-008
337	16900	2.30455e-008
338	16950	2.24344e-008
339	17000	1.90661e-008
340	17050	1.75687e-008
341	17100	1.4504e-008
342	17150	1.44909e-008
343	17200	1.03978e-008
344	17250	9.1446e-009
345	17300	7.40051e-009
346	17350	7.40051e-009
347	17400	7.40051e-009
348	17450	7.36139e-009
349	17500	7.36139e-009
350	17550	7.36139e-009
351	17600	7.36139e-009
352	17650	6.29482e-009
353	17700	6.29482e-009
354	17750	6.29482e-009
355	17800	5.2211e-009
356	17850	5.2211e-009
357	17900	5.2211e-009
358	17950	5.2211e-009
359	18000	5.2211e-009
360	18050	5.2211e-009
361	18100	5.2211e-009
362	18150	5.07883e-009
363	18200	5.07883e-009
364	18250	4.74393e-009
365	18300	4.74393e-009
366	18350	4.74393e-009
367	18400	1.76615e-009
368	18450	1.76615e-009
369	18500	1.76615e-009
370	18550	1.76615e-009
371	18600	1.53457e-009
372	18650	1.53457e-009
373	18700	1.42248e-009
374	18750	1.42248e-009
375	18800	1.41679e-009
376	18850	9.33799e-010
377	18900	9.33799e-010
378	18950	9.33799e-010
379	19000	9.16154e-010
380	19050	7.63146e-010
381	19100	7.63146e-010
382	19150	7.63146e-010
383	19200	7.63146e-010
384	19250	7.63146e-010
385	19300	7.63146e-010
386	19350	7.63146e-010
387	19400	4.47416e-010
388	19450	4.3051e-010
389	19500	4.3051e-010
390	19550	3.56604e-010
391	19600	3.56604e-010
392	19650	3.56604e-010
393	19700	3.56604e-010
394	19750	2.18602e-010
395	19800	2.14507e-010
396	19850	2.14507e-010
397	19900	2.05393e-010
398	19950	2.05393e-010
399	20000	2.05393e-010
400	20050	2.0408e-010
401	20100	2.0408e-010
402	20150	1.92068e-010
403	20200	8.39482e-011
404	20250	6.9365e-011
405	20300	6.9365e-011
406	20350	6.47806e-011
407	20400	3.20579e-011
408	20450	3.20579e-011
409	20500	3.20579e-011
410	20550	3.20579e-011
411	20600	2.9849e-011
412	20650	2.9849e-011
413	20700	2.9849e-011
414	20750	2.9849e-011
415	20800	2.92114e-011
416	20850	2.92114e-011
417	20900	2.92114e-011
418	20950	2.91809e-011
419	21000	1.78956e-011
420	21050	1.78956e-011
421	21100	1.78956e-011
422	21150	1.78956e-011
423	21200	1.78956e-011
424	21250	1.34259e-011
425	21300	1.20443e-011
426	21350	1.20443e-011
427	21400	1.20443e-011
428	21450	6.21133e-012
429	21500	6.08685e-012
430	21550	6.08685e-012
431	21600	6.08685e-012
432	21650	6.08685e-012
433	21700	6.08685e-012
434	21750	6.08685e-012
435	21800	6.08685e-012
436	21850	6.08685e-012
437	21900	6.08685e-012
438	21950	5.30887e-012
439	22000	3.33249e-012
440	22050	3.33249e-012
441	22100	3.33249e-012
442	22150	1.71614e-012
443	22200	1.71614e-012
444	22250	1.71614e-012
445	22300	1.71614e-012
446	22350	1.71614e-012
447	22400	1.71614e-012
448	22450	1.71614e-012
449	22500	1.71614e-012
450	22550	1.71614e-012
451	22600	1.68783e-012
452	22650	7.69356e-013
453	22700	7.69356e-013
454	22750	7.67294e-013
455	22800	7.67294e-013
456	22850	7.67294e-013
457	22900	7.67294e-013
458	22950	7.67294e-013
459	23000	7.67294e-013
460	23050	7.67294e-013
461	23100	7.67294e-013
462	23150	7.67294e-013
463	23200	7.67294e-013
464	23250	7.67294e-013
465	23300	7.67294e-013
466	23350	7.67294e-013
467	23400	3.03531e-013
468	23450	3.03531e-013
469	23500	3.03531e-013
470	23550	3.03531e-013
471	23600	3.03531e-013
472	23650	2.06197e-013
473	23700	2.06197e-013
474	23750	2.06197e-013
475	23800	2.06197e-013
476	23850	2.06197e-013
477	23900	2.06197e-013
478	23950	2.04887e-013
479	24000	1.8936e-013
480	24050	1.8936e-013
481	24100	1.85804e-013
482	24150	1.85804e-013
483	24200	1.85804e-013
484	24250	1.85804e-013
485	24300	1.76451e-013
486	24350	1.57084e-013
487	24400	8.68767e-014
488	24450	8.68767e-014
489	24500	8.68767e-014
490	24550	6.4503e-014
491	24600	6.4503e-014
492	24650	5.94527e-014
493	24700	5.94527e-014
494	24750	5.94527e-014
495	24800	5.94527e-014
496	24850	5.94527e-014
497	24900	5.94527e-014
498	24950	5.94527e-014
499	25000	5.45901e-014
500	25050	3.93414e-014
501	25100	3.93414e-014
502	25150	3.47913e-014
503	25200	2.69326e-014
504	25250	2.25082e-014
505	25300	2.25082e-014
506	25350	2.25082e-014
507	25400	2.25082e-014
508	25450	2.25082e-014
509	25500	2.25082e-014
510	25550	2.25082e-014
511	25600	2.25082e-014
512	25650	2.25082e-014
513	25700	1.93151e-014
514	25750	1.93151e-014
515	25800	1.93151e-014
516	25850	1.93151e-014
517	25900	1.18912e-014
518	25950	1.18912e-014
519	26000	1.18912e-014
520	26050	1.18912e-014
521	26100	1.18912e-014
522	26150	1.18912e-014
523	26200	1.18912e-014
524	26250	1.18912e-014
525	26300	1.18912e-014
526	26350	1.10634e-014
527	26400	7.14075e-015
528	26450	7.14075e-015
529	26500	6.95869e-015
530	26550	5.6692e-015
531	26600	5.6692e-015
532	26650	5.6692e-015
533	26700	1.99599e-015
534	26750	1.99599e-015
535	26800	1.99599e-015
536	26850	1.99599e-015
537	26900	1.99599e-015
538	26950	1.99599e-015
539	27000	1.99599e-015
540	27050	8.81557e-016
541	27100	7.32082e-016
542	27150	7.32082e-016
543	27200	7.32082e-016
544	27250	5.56541e-016
545	27300	5.56541e-016
546	27350	5.56541e-016
547	27400	5.56541e-016
548	27450	5.56541e-016
549	27500	5.56541e-016
550	27550	5.56541e-016
551	27600	3.87946e-016
552	27650	3.54313e-016
553	27700	3.54313e-016
554	27750	3.54313e-016
555	27800	3.54313e-016
556	27850	3.54313e-016
557	27900	3.4229e-016
558	27950	3.4229e-016
559	28000	3.4229e-016
560	28050	3.36816e-016
561	28100	1.94869e-016
562	28150	1.84198e-016
563	28200	1.84198e-016
564	28250	1.84198e-016
565	28300	1.77031e-016
566	28350	1.77031e-016
567	28400	1.61165e-016
568	28450	1.22485e-016
569	28500	1.22485e-016
570	28550	1.22485e-016
571	28600	1.22485e-016
572	28650	1.08261e-016
573	28700	1.08261e-016
574	28750	1.06888e-016
575	28800	8.68651e-017
576	28850	6.09146e-017
577	28900	3.15552e-017
578	28950	3.15552e-017
579	29000	1.63834e-017
580	29050	1.63806e-017
581	29100	1.63806e-017
582	29150	1.63806e-017
583	29200	1.59477e-017
584	29250	1.59477e-017
585	29300	1.59292e-017
586	29350	1.59292e-017
587	29400	1.59292e-017
588	29450	1.59292e-017
589	29500	1.59292e-017
590	29550	1.59292e-017
591	29600	1.59292e-017
592	29650	1.59292e-017
593	29700	1.59292e-017
594	29750	1.53848e-017
595	29800	1.53848e-017
596	29850	1.53848e-017
597	29900	1.53848e-017
598	29950	1.53848e-017
599	30000	1.52138e-017
600	30050	1.52138e-017
601	30100	1.51506e-017
602	30150	1.51506e-017
603	30200	1.39196e-017
604	30250	1.39196e-017
605	30300	1.39196e-017
606	30350	1.39196e-017
607	30400	1.17546e-017
608	30450	1.17546e-017
609	30500	1.02249e-017
610	30550	1.02249e-017
611	30600	1.02249e-017
612	30650	1.02249e-017
613	30700	9.72201e-018
614	30750	8.22054e-018
615	30800	8.11882e-018
616	30850	8.11379e-018
617	30900	3.30507e-018
618	30950	3.30507e-018
619	31000	3.30507e-018
620	31050	3.23885e-018
621	31100	3.23885e-018
622	31150	3.23885e-018
623	31200	3.23885e-018
624	31250	3.23885e-018
625	31300	3.23885e-018
626	31350	3.22444e-018
627	31400	3.22444e-018
628	31450	1.09621e-018
629	31500	1.09621e-018
630	31550	9.37179e-019
631	31600	9.37179e-019
632	31650	9.37179e-019
633	31700	9.37179e-019
634	31750	9.37179e-019
635	31800	9.35238e-019
636	31850	9.35238e-019
637	31900	9.35238e-019
638	31950	9.35238e-019
639	32000	9.35238e-019
640	32050	9.35238e-019
641	32100	9.35238e-019
642	32150	8.96336e-019
643	32200	8.96336e-019
644	32250	8.96336e-019
645	32300	7.87221e-019
646	32350	6.3167e-019
647	32400	6.28295e-019
648	32450	6.28295e-019
649	32500	6.28295e-019
650	32550	6.16155e-019
651	32600	6.16155e-019
652	32650	2.21592e-019
653	32700	1.45265e-019
654	32750	1.45265e-019
655	32800	1.24317e-019
656	32850	1.24317e-019
657	32900	1.24317e-019
658	32950	1.16621e-019
659	33000	1.13618e-019
660	33050	1.13618e-019
661	33100	7.28598e-020
662	33150	7.28598e-020
663	33200	4.39467e-020
664	33250	4.39467e-020
665	33300	4.39467e-020
666	33350	4.39467e-020
667	33400	3.70946e-020
668	33450	3.70946e-020
669	33500	3.70946e-020
670	33550	3.70946e-020
671	33600	3.70946e-020
672	33650	3.67966e-020
673	33700	3.67966e-020
674	33750	3.67966e-020
675	33800	3.67966e-020
676	33850	3.67966e-020
677	33900	3.67966e-020
678	33950	3.67966e-020
679	34000	3.67966e-020
680	34050	3.67966e-020
681	34100	1.94174e-020
682	34150	1.80123e-020
683	34200	1.80123e-020
684	34250	1.74589e-020
685	34300	1.04012e-020
686	34350	1.04012e-020
687	34400	1.04012e-020
688	34450	1.04012e-020
689	34500	9.61011e-021
690	34550	9.61011e-021
691	34600	8.23159e-021
692	34650	8.23159e-021
693	34700	8.23159e-021
694	34750	8.23159e-021
695	34800	8.18073e-021
696	34850	8.18073e-021
697	34900	8.18073e-021
698	34950	8.18073e-021
699	35000	8.18073e-021
700	35050	8.18073e-021
701	35100	8.18073e-021
702	35150	7.16307e-021
703	35200	4.26975e-021
704	35250	4.26975e-021
705	35300	3.61523e-021
706	35350	3.57623e-021
707	35400	3.57623e-021
708	35450	3.57623e-021
709	35500	3.56844e-021
710	35550	3.56844e-021
711	35600	3.5385e-021
712	35650	3.5385e-021
713	35700	1.85092e-021
714	35750	1.59921e-021
715	35800	1.56836e-021
716	35850	1.52315e-021
717	35900	1.22005e-021
718	35950	9.98905e-022
719	36000	9.98905e-022
720	36050	9.98905e-022
721	36100	9.51835e-022
722	36150	8.35734e-022
723	36200	8.35734e-022
724	36250	8.35734e-022
725	36300	8.35734e-022
726	36350	6.56174e-022
727	36400	6.56174e-022
728	36450	6.42469e-022
729	36500	6.31477e-022
730	36550	5.27259e-022
731	36600	5.27259e-022
732	36650	3.26165e-022
733	36700	2.8743e-022
734	36750	2.01512e-022
735	36800	2.01512e-022
736	36850	5.09836e-023
737	36900	4.22447e-023
738	36950	4.22447e-023
739	37000	4.22447e-023
740	37050	4.22447e-023
741	37100	4.22447e-023
742	37150	3.17621e-023
743	37200	2.22445e-023
744	37250	2.22445e-023
745	37300	2.22445e-023
746	37350	2.22445e-023
747	37400	2.22445e-023
748	37450	1.86745e-023
749	37500	1.86745e-023
750	37550	1.86745e-023
751	37600	1.86745e-023
752	37650	1.86745e-023
753	37700	1.86745e-023
754	37750	1.86745e-023
755	37800	1.70909e-023
756	37850	1.70909e-023
757	37900	1.70909e-023
758	37950	1.68931e-023
759	38000	1.68931e-023
760	38050	1.32157e-023
761	38100	1.32157e-023
762	38150	1.32157e-023
763	38200	1.32157e-023
764	38250	1.32157e-023
765	38300	1.32157e-023
766	38350	1.32157e-023
767	38400	1.32157e-023
768	38450	1.09869e-023
769	38500	1.09869e-023
770	38550	1.08292e-023
771	38600	1.08292e-023
772	38650	1.08292e-023
773	38700	1.08292e-023
774	38750	1.08292e-023
775	38800	1.07058e-023
776	38850	1.07058e-023
777	38900	1.07058e-023
778	38950	1.07058e-023
779	39000	1.07058e-023
780	39050	1.07058e-023
781	39100	1.07058e-023
782	39150	1.07058e-023
783	39200	1.05526e-023
784	39250	1.04922e-023
785	39300	1.04754e-023
786	39350	1.04754e-023
787	39400	1.04754e-023
788	39450	1.04754e-023
789	39500	1.03272e-023
790	39550	1.03272e-023
791	39600	1.03272e-023
792	39650	1.03272e-023
793	39700	1.03272e-023
794	39750	1.68672e-024
795	39800	1.68672e-024
796	39850	1.68672e-024
797	39900	1.68672e-024
798	39950	1.68672e-024
799	40000	1.68672e-024
800	40050	1.68672e-024
801	40100	1.36719e-024
802	40150	1.36719e-024
803	40200	1.36705e-024
804	40250	1.25701e-024
805	40300	9.13762e-025
806	40350	7.22541e-025
807	40400	5.5046e-025
808	40450	5.5046e-025
809	40500	5.5046e-025
810	40550	5.5046e-025
811	40600	5.3848e-025
812	40650	5.07304e-025
813	40700	5.07304e-025
814	40750	5.07304e-025
815	40800	3.99203e-025
816	40850	3.99203e-025
817	40900	3.99203e-025
818	40950	3.99203e-025
819	41000	3.99203e-025
820	41050	3.99203e-025
821	41100	6.33214e-026
822	41150	6.33214e-026
823	41200	6.33214e-026
824	41250	6.33214e-026
825	41300	6.33214e-026
826	41350	6.06904e-026
827	41400	4.59154e-026
828	41450	4.26157e-026
829	41500	3.09112e-026
830	41550	2.64234e-026
831	41600	2.64234e-026
832	41650	2.21898e-026
833	41700	2.21898e-026
834	41750	1.28057e-026
835	41800	1.28057e-026
836	41850	1.28057e-026
837	41900	1.28057e-026
838	41950	1.25518e-026
839	42000	1.05732e-026
840	42050	1.05732e-026
841	42100	1.05732e-026
842	42150	9.97801e-027
843	42200	9.97801e-027
844	42250	9.50643e-027
845	42300	9.50643e-027
846	42350	9.50643e-027
847	42400	9.50643e-027
848	42450	8.5265e-027
849	42500	4.97885e-027
850	42550	4.08074e-027
851	42600	4.08074e-027
852	42650	4.03558e-027
853	42700	4.03558e-027
854	42750	2.57093e-027
855	42800	2.57093e-027
856	42850	2.49227e-027
857	42900	2.49227e-027
858	42950	2.49227e-027
859	43000	2.49227e-027
860	43050	2.49227e-027
861	43100	1.89346e-027
862	43150	1.89346e-027
863	43200	1.89346e-027
864	43250	1.89346e-027
865	43300	1.85109e-027
866	43350	1.77638e-027
867	43400	1.77638e-027
868	43450	1.77638e-027
869	43500	1.77638e-027
870	43550	1.70272e-027
871	43600	1.70272e-027
872	43650	8.10547e-028
873	43700	8.03485e-028
874	43750	8.03485e-028
875	43800	5.31658e-028
876	43850	4.28438e-028
877	43900	4.28438e-028
878	43950	2.24731e-028
879	44000	2.24724e-028
880	44050	2.24724e-028
881	44100	2.24407e-028
882	44150	2.15541e-028
883	44200	1.63855e-028
884	44250	1.63855e-028
885	44300	1.34971e-028
886	44350	1.34971e-028
887	44400	1.34971e-028
888	44450	7.20384e-029
889	44500	7.20384e-029
890	44550	7.20384e-029
891	44600	7.20384e-029
892	44650	7.20384e-029
893	44700	7.20384e-029
894	44750	6.39423e-029
895	44800	6.39423e-029
896	44850	5.34264e-029
897	44900	4.41193e-029
898	44950	4.41193e-029
899	45000	3.07565e-029
900	45050	3.07565e-029
901	45100	3.07565e-029
902	45150	2.98558e-029
903	45200	2.98558e-029
904	45250	2.98558e-029
905	45300	2.35942e-029
906	45350	2.32808e-029
907	45400	2.32808e-029
908	45450	1.42809e-029
909	45500	1.41265e-029
910	45550	1.4097e-029
911	45600	1.33828e-029
912	45650	9.27714e-030
913	45700	9.27714e-030
914	45750	9.27714e-030
915	45800	8.14071e-030
916	45850	8.14071e-030
917	45900	8.05696e-030
918	45950	7.48587e-030
919	46000	7.48587e-030
920	46050	7.48587e-030
921	46100	7.48587e-030
922	46150	7.48587e-030
923	46200	7.44367e-030
924	46250	7.38304e-030
925	46300	6.53909e-030
926	46350	6.53909e-030
927	46400	6.53909e-030
928	46450	6.96372e-031
929	46500	6.70061e-031
930	46550	6.70061e-031
931	46600	6.70061e-031
932	46650	6.70061e-031
933	46700	6.70061e-031
934	46750	6.70061e-031
935	46800	6.70061e-031
936	46850	6.70061e-031
937	46900	6.70061e-031
938	46950	6.70061e-031
939	47000	6.67539e-031
940	47050	6.67539e-031
941	47100	6.67539e-031
942	47150	6.67539e-031
943	47200	6.67539e-031
944	47250	6.67539e-031
945	47300	6.67539e-031
946	47350	6.67539e-031
947	47400	6.44832e-031
948	47450	5.89159e-031
949	47500	5.89159e-031
950	47550	5.89159e-031
951	47600	4.05979e-031
952	47650	4.05979e-031
953	47700	4.05979e-031
954	47750	3.32957e-031
955	47800	3.32957e-031
956	47850	1.96896e-031
957	47900	1.96896e-031
958	47950	1.96896e-031
959	48000	1.57617e-031
960	48050	1.57617e-031
961	48100	1.57617e-031
962	48150	1.14471e-031
963	48200	1.14471e-031
964	48250	8.08817e-032
965	48300	6.88734e-032
966	48350	5.54017e-032
967	48400	5.54017e-032
968	48450	5.17844e-032
969	48500	5.17844e-032
970	48550	5.17844e-032
971	48600	5.17844e-032
972	48650	5.17844e-032
973	48700	5.16961e-032
974	48750	4.75532e-032
975	48800	4.75532e-032
976	48850	4.75532e-032
977	48900	2.11429e-032
978	48950	2.11429e-032
979	49000	2.11429e-032
980	49050	2.11429e-032
981	49100	2.11429e-032
982	49150	1.66796e-032
983	49200	1.66796e-032
984	49250	1.66796e-032
985	49300	1.66796e-032
986	49350	1.66796e-032
987	49400	1.65899e-032
988	49450	1.65899e-032
989	49500	1.65899e-032
990	49550	1.65899e-032
991	49600	1.45196e-032
992	49650	1.45196e-032
993	49700	1.45196e-032
994	49750	1.45196e-032
995	49800	1.36657e-032
996	49850	1.36657e-032
997	49900	1.23271e-032
998	49950	1.23271e-032
999	50000	1.23271e-032
1000	50050	1.23271e-032
1001	50100	9.58961e-033
1002	50150	9.58961e-033
1003	50200	9.48878e-033
1004	50250	9.48878e-033
1005	50300	6.5538e-033
1006	50350	5.56255e-033
1007	50400	5.39937e-033
1008	50450	5.39937e-033
1009	50500	5.11752e-033
1010	50550	4.5269e-033
1011	50600	4.5269e-033
1012	50650	9.54505e-034
1013	50700	9.54505e-034
1014	50750	9.36694e-034
1015	50800	8.24216e-034
1016	50850	8.23469e-034
1017	50900	8.23469e-034
1018	50950	8.23469e-034
1019	51000	8.22177e-034
1020	51050	8.059e-034
1021	51100	8.059e-034
1022	51150	8.059e-034
1023	51200	4.64707e-034
1024	51250	4.64707e-034
1025	51300	4.38131e-034
1026	51350	4.38131e-034
1027	51400	4.38131e-034
1028	51450	1.16725e-034
1029	51500	1.16725e-034
1030	51550	1.16725e-034
1031	51600	1.16725e-034
1032	51650	1.16725e-034
1033	51700	9.89334e-035
1034	51750	9.89334e-035
1035	51800	9.89334e-035
1036	51850	9.89334e-035
1037	51900	6.47644e-035
1038	51950	6.47644e-035
1039	52000	6.47644e-035
1040	52050	6.47644e-035
1041	52100	6.44445e-035
1042	52150	6.44445e-035
1043	52200	6.41921e-035
1044	52250	6.41458e-035
1045	52300	6.23956e-035
1046	52350	6.15085e-035
1047	52400	6.15085e-035
1048	52450	6.15085e-035
1049	52500	6.15085e-035
1050	52550	6.15085e-035
1051	52600	6.15085e-035
1052	52650	5.5524e-035
1053	52700	5.41755e-035
1054	52750	4.19667e-035
1055	52800	4.11831e-035
1056	52850	4.11831e-035
1057	52900	4.11831e-035
1058	52950	4.11831e-035
1059	53000	4.11831e-035
1060	53050	4.11831e-035
1061	53100	4.11831e-035
1062	53150	3.74591e-035
1063	53200	3.69174e-035
1064	53250	4.08132e-036
1065	53300	3.78326e-036
1066	53350	3.78326e-036
1067	53400	3.4257e-036
1068	53450	3.4257e-036
1069	53500	2.37341e-036
1070	53550	2.26452e-036
1071	53600	2.26452e-036
1072	53650	2.26452e-036
1073	53700	2.26452e-036
1074	53750	2.26452e-036
1075	53800	2.26452e-036
1076	53850	2.26452e-036
1077	53900	1.92744e-036
1078	53950	1.40955e-036
1079	54000	1.37919e-036
1080	54050	1.07837e-036
1081	54100	1.07837e-036
1082	54150	1.07837e-036
1083	54200	1.07619e-036
1084	54250	1.07619e-036
1085	54300	1.07619e-036
1086	54350	1.07619e-036
1087	54400	1.07619e-036
1088	54450	1.07619e-036
1089	54500	1.07619e-036
1090	54550	1.05943e-036
1091	54600	1.05943e-036
1092	54650	1.05943e-036
1093	54700	1.05943e-036
1094	54750	1.0429e-036
1095	54800	1.0429e-036
1096	54850	1.0429e-036
1097	54900	1.0429e-036
1098	54950	1.00081e-036
1099	55000	4.54766e-037
1100	55050	4.54766e-037
1101	55100	4.48208e-037
1102	55150	2.68845e-037
1103	55200	2.68845e-037
1104	55250	2.68845e-037
1105	55300	2.03744e-037
1106	55350	2.03744e-037
1107	55400	2.01487e-037
1108	55450	2.01487e-037
1109	55500	2.01487e-037
1110	55550	2.01487e-037
1111	55600	2.01487e-037
1112	55650	1.84971e-037
1113	55700	1.7649e-037
1114	55750	1.7649e-037
1115	55800	1.7649e-037
1116	55850	7.00912e-038
1117	55900	6.02896e-038
1118	55950	5.7684e-038
1119	56000	4.96544e-038
1120	56050	4.62099e-038
1121	56100	4.62099e-038
1122	56150	4.07475e-038
1123	56200	3.81877e-038
1124	56250	3.81877e-038
1125	56300	2.61683e-038
1126	56350	2.56928e-038
1127	56400	1.53611e-038
1128	56450	1.53611e-038
1129	56500	1.53611e-038
1130	56550	1.5358e-038
1131	56600	1.5358e-038
1132	56650	1.45808e-038
1133	56700	1.31102e-038
1134	56750	1.09113e-038
1135	56800	1.09113e-038
1136	56850	1.09113e-038
1137	56900	1.01256e-038
1138	56950	1.01256e-038
1139	57000	7.91881e-039
1140	57050	7.91881e-039
1141	57100	7.50312e-039
1142	57150	7.50312e-039
1143	57200	6.66163e-039
1144	57250	6.52758e-039
1145	57300	6.52758e-039
1146	57350	3.56577e-039
1147	57400	3.56577e-039
1148	57450	3.54014e-039
1149	57500	2.35116e-039
1150	57550	2.35116e-039
1151	57600	2.35116e-039
1152	57650	2.34641e-039
1153	57700	2.34571e-039
1154	57750	2.34571e-039
1155	57800	2.25607e-039
1156	57850	2.25607e-039
1157	57900	1.51238e-039
1158	57950	1.47788e-039
1159	58000	1.4661e-039
1160	58050	1.31691e-039
1161	58100	1.26824e-039
1162	58150	1.26824e-039
1163	58200	1.26824e-039
1164	58250	1.25649e-039
1165	58300	1.25649e-039
1166	58350	3.64682e-040
1167	58400	3.64682e-040
1168	58450	3.64682e-040
1169	58500	3.64682e-040
1170	58550	3.55696e-040
1171	58600	3.31965e-040
1172	58650	2.77285e-040
1173	58700	2.77285e-040
1174	58750	2.77285e-040
1175	58800	1.60986e-040
1176	58850	1.43139e-040
1177	58900	7.16588e-041
1178	58950	5.07069e-041
1179	59000	4.19448e-041
1180	59050	4.19448e-041
1181	59100	4.19448e-041
1182	59150	2.96988e-041
1183	59200	2.96988e-041
1184	59250	2.95181e-041
1185	59300	2.95181e-041
1186	59350	2.95181e-041
1187	59400	2.95181e-041
1188	59450	2.95181e-041
1189	59500	2.95181e-041
1190	59550	2.95181e-041
1191	59600	2.91475e-041
1192	59650	2.91475e-041
1193	59700	2.90448e-041
1194	59750	2.51999e-041
1195	59800	2.51999e-041
1196	59850	2.49097e-041
1197	59900	2.39505e-041
1198	59950	2.39505e-041
1199	60000	8.25911e-042
1200	60050	8.25911e-042
1201	60100	8.25911e-042
1202	60150	8.19565e-042
1203	60200	8.19565e-042
1204	60250	8.19565e-042
1205	60300	8.19565e-042
1206	60350	8.19565e-042
1207	60400	8.19565e-042
1208	60450	8.19565e-042
1209	60500	8.19565e-042
1210	60550	8.19565e-042
1211	60600	8.19565e-042
1212	60650	8.19565e-042
1213	60700	7.08892e-042
1214	60750	6.7796e-042
1215	60800	6.7796e-042
1216	60850	6.62826e-042
1217	60900	6.62826e-042
1218	60950	6.62826e-042
1219	61000	1.01033e-042
1220	61050	1.01033e-042
1221	61100	1.01033e-042
1222	61150	7.7371e-043
1223	61200	7.7371e-043
1224	61250	7.7371e-043
1225	61300	7.28882e-043
1226	61350	7.28882e-043
1227	61400	7.28882e-043
1228	61450	7.21124e-043
1229	61500	7.21124e-043
1230	61550	7.21124e-043
1231	61600	7.21124e-043
1232	61650	7.21124e-043
1233	61700	7.21124e-043
1234	61750	7.21124e-043
1235	61800	5.70695e-043
1236	61850	2.35945e-043
1237	61900	2.35945e-043
1238	61950	2.35595e-043
1239	62000	2.35595e-043
1240	62050	2.35595e-043
1241	62100	2.34769e-043
1242	62150	2.34769e-043
1243	62200	2.34769e-043
1244	62250	2.01846e-043
1245	62300	2.01846e-043
1246	62350	2.01846e-043
1247	62400	2.01478e-043
1248	62450	1.75984e-043
1249	62500	1.75984e-043
1250	62550	1.75984e-043
1251	62600	1.75984e-043
1252	62650	1.75984e-043
1253	62700	1.75984e-043
1254	62750	7.22689e-044
1255	62800	7.22689e-044
1256	62850	7.12285e-044
1257	62900	7.12285e-044
1258	62950	5.98777e-044
1259	63000	5.98777e-044
1260	63050	3.88492e-044
1261	63100	3.88492e-044
1262	63150	3.88492e-044
1263	63200	3.82053e-044
1264	63250	3.82053e-044
1265	63300	1.92753e-044
1266	63350	1.92753e-044
1267	63400	1.13283e-044
1268	63450	7.81356e-045
1269	63500	7.81356e-045
1270	63550	7.81356e-045
1271	63600	5.67677e-045
1272	63650	5.1282e-045
1273	63700	5.1282e-045
1274	63750	5.1282e-045
1275	63800	5.1282e-045
1276	63850	5.1282e-045
1277	63900	5.1282e-045
1278	63950	5.1282e-045
1279	64000	4.98399e-045
1280	64050	4.01124e-045
1281	64100	4.01124e-045
1282	64150	4.01124e-045
1283	64200	4.01124e-045
1284	64250	3.92504e-045
1285	64300	3.92504e-045
1286	64350	3.92504e-045
1287	64400	3.92504e-045
1288	64450	3.89815e-045
1289	64500	3.71288e-045
1290	64550	3.71288e-045
1291	64600	3.65694e-045
1292	64650	3.65694e-045
1293	64700	3.65694e-045
1294	64750	3.65694e-045
1295	64800	3.65694e-045
1296	64850	3.65694e-045
1297	64900	3.65694e-045
1298	64950	3.65694e-045
1299	65000	3.62918e-045
1300	65050	3.62918e-045
1301	65100	3.62918e-045
1302	65150	3.56377e-045
1303	65200	3.56377e-045
1304	65250	3.56377e-045
1305	65300	3.56377e-045
1306	65350	3.56377e-045
1307	65400	3.49668e-045
1308	65450	3.49668e-045
1309	65500	3.49668e-045
1310	65550	1.40938e-045
1311	65600	1.40938e-045
1312	65650	1.40364e-045
1313	65700	1.40364e-045
1314	65750	1.40364e-045
1315	65800	1.40364e-045
1316	65850	1.36798e-045
1317	65900	1.36798e-045
1318	65950	1.3652e-045
1319	66000	1.3416e-045
1320	66050	1.3416e-045
1321	66100	1.3416e-045
1322	66150	1.3416e-045
1323	66200	9.21158e-046
1324	66250	9.21158e-046
1325	66300	9.14419e-046
1326	66350	9.12518e-046
1327	66400	9.05697e-046
1328	66450	9.05697e-046
1329	66500	9.05512e-046
1330	66550	9.05512e-046
1331	66600	9.05512e-046
1332	66650	9.05512e-046
1333	66700	9.05512e-046
1334	66750	3.21662e-046
1335	66800	3.21662e-046
1336	66850	3.18865e-046
1337	66900	3.18865e-046
1338	66950	2.46921e-046
1339	67000	2.45456e-046
1340	67050	2.45456e-046
1341	67100	3.89221e-047
1342	67150	3.89221e-047
1343	67200	3.63579e-047
1344	67250	3.48654e-047
1345	67300	3.47705e-047
1346	67350	3.47705e-047
1347	67400	3.47705e-047
1348	67450	3.47705e-047
1349	67500	1.17627e-047
1350	67550	1.17627e-047
1351	67600	1.1718e-047
1352	67650	1.1718e-047
1353	67700	4.16055e-048
1354	67750	3.35162e-048
1355	67800	3.35162e-048
1356	67850	3.21324e-048
1357	67900	3.21324e-048
1358	67950	3.17518e-048
1359	68000	3.17518e-048
1360	68050	1.97012e-048
1361	68100	1.95732e-048
1362	68150	1.95732e-048
1363	68200	1.95732e-048
1364	68250	1.95732e-048
1365	68300	1.95732e-048
1366	68350	1.95732e-048
1367	68400	1.95732e-048
1368	68450	1.95732e-048
1369	68500	1.93337e-048
1370	68550	1.25796e-048
1371	68600	1.23456e-048
1372	68650	1.23354e-048
1373	68700	1.23354e-048
1374	68750	1.23354e-048
1375	68800	1.23279e-048
1376	68850	1.22044e-048
1377	68900	1.19381e-048
1378	68950	1.18786e-048
1379	69000	1.18245e-048
1380	69050	1.17953e-048
1381	69100	1.17953e-048
1382	69150	1.14632e-048
1383	69200	1.11812e-048
1384	69250	1.11812e-048
1385	69300	1.11812e-048
1386	69350	1.01565e-048
1387	69400	2.55455e-049
1388	69450	4.07425e-050
1389	69500	3.91168e-050
1390	69550	3.29473e-050
1391	69600	3.29473e-050
1392	69650	3.29473e-050
1393	69700	3.06023e-050
1394	69750	2.37998e-050
1395	69800	2.37998e-050
1396	69850	2.08725e-050
1397	69900	1.08381e-050
1398	69950	1.08381e-050
1399	70000	1.69326e-051
1400	70050	1.69326e-051
1401	70100	1.69326e-051
1402	70150	1.69326e-051
1403	70200	1.64406e-051
1404	70250	1.64406e-051
1405	70300	1.64406e-051
1406	70350	1.64406e-051
1407	70400	1.64406e-051
1408	70450	1.02838e-051
1409	70500	1.02838e-051
1410	70550	1.02838e-051
1411	70600	1.02838e-051
1412	70650	1.02838e-051
1413	70700	1.02838e-051
1414	70750	8.12679e-052
1415	70800	8.12679e-052
1416	70850	8.12679e-052
1417	70900	8.12679e-052
1418	70950	8.12679e-052
1419	71000	5.92406e-052
1420	71050	5.92406e-052
1421	71100	5.92406e-052
1422	71150	5.92406e-052
1423	71200	5.89585e-052
1424	71250	5.89585e-052
1425	71300	4.82634e-052
1426	71350	4.82634e-052
1427	71400	4.82634e-052
1428	71450	4.82634e-052
1429	71500	4.82634e-052
1430	71550	4.82634e-052
1431	71600	3.29785e-052
1432	71650	3.29785e-052
1433	71700	3.29785e-052
1434	71750	3.1187e-052
1435	71800	3.1187e-052
1436	71850	3.1187e-052
1437	71900	3.05457e-052
1438	71950	2.31672e-052
1439	72000	2.31672e-052
1440	72050	1.75792e-052
1441	72100	1.58868e-052
1442	72150	1.58868e-052
1443	72200	1.58868e-052
1444	72250	1.58868e-052
1445	72300	1.58868e-052
1446	72350	1.58868e-052
1447	72400	1.50702e-052
1448	72450	1.49905e-052
1449	72500	9.4838e-053
1450	72550	8.73212e-053
1451	72600	8.0734e-053
1452	72650	8.0734e-053
1453	72700	7.17575e-053
1454	72750	7.17575e-053
1455	72800	6.79418e-053
1456	72850	4.19839e-053
1457	72900	3.92052e-053
1458	72950	3.92052e-053
1459	73000	3.57688e-053
1460	73050	3.36343e-053
1461	73100	2.39309e-053
1462	73150	2.01033e-053
1463	73200	1.93408e-053
1464	73250	1.93408e-053
1465	73300	1.93408e-053
1466	73350	1.87538e-053
1467	73400	1.87538e-053
1468	73450	1.20793e-053
1469	73500	1.20793e-053
1470	73550	5.60921e-054
1471	73600	5.60921e-054
1472	73650	5.60921e-054
1473	73700	5.23123e-054
1474	73750	5.03387e-054
1475	73800	5.03038e-054
1476	73850	3.86701e-054
1477	73900	3.53039e-054
1478	73950	3.53039e-054
1479	74000	2.64916e-054
1480	74050	2.64916e-054
1481	74100	2.51446e-054
1482	74150	2.51446e-054
1483	74200	2.51446e-054
1484	74250	2.50541e-054
1485	74300	2.41981e-054
1486	74350	2.18004e-054
1487	74400	1.99099e-054
1488	74450	1.9162e-054
1489	74500	1.15624e-054
1490	74550	1.06855e-054
1491	74600	8.56952e-055
1492	74650	8.56952e-055
1493	74700	8.32005e-055
1494	74750	8.32005e-055
1495	74800	8.32005e-055
1496	74850	8.32005e-055
1497	74900	7.9863e-055
1498	74950	4.83844e-055
1499	75000	3.72191e-055
1500	75050	1.68311e-055
1501	75100	1.26773e-055
1502	75150	1.15516e-055
1503	75200	1.15516e-055
1504	75250	1.15516e-055
1505	75300	1.15516e-055
1506	75350	1.14034e-055
1507	75400	1.14034e-055
1508	75450	1.14034e-055
1509	75500	1.14034e-055
1510	75550	1.14034e-055
1511	75600	9.8979e-056
1512	75650	9.8979e-056
1513	75700	9.8979e-056
1514	75750	9.8979e-056
1515	75800	9.8979e-056
1516	75850	9.82335e-056
1517	75900	9.82335e-056
1518	75950	9.82335e-056
1519	76000	3.35809e-056
1520	76050	3.35809e-056
1521	76100	2.88896e-056
1522	76150	2.88896e-056
1523	76200	2.42298e-056
1524	76250	2.40783e-056
1525	76300	2.40783e-056
1526	76350	2.27337e-056
1527	76400	1.86751e-056
1528	76450	1.71226e-056
1529	76500	1.71226e-056
1530	76550	1.71226e-056
1531	76600	1.64772e-056
1532	76650	1.64634e-056
1533	76700	1.35568e-056
1534	76750	1.35568e-056
1535	76800	1.33352e-056
1536	76850	1.20406e-056
1537	76900	1.20406e-056
1538	76950	1.19835e-056
1539	77000	1.14966e-056
1540	77050	1.03178e-056
1541	77100	1.02173e-056
1542	77150	1.02173e-056
1543	77200	1.02173e-056
1544	77250	9.31405e-057
1545	77300	2.90491e-057
1546	77350	2.90491e-057
1547	77400	2.8991e-057
1548	77450	2.66602e-057
1549	77500	2.66602e-057
1550	77550	2.65342e-057
1551	77600	2.65342e-057
1552	77650	2.65342e-057
1553	77700	2.44378e-057
1554	77750	2.44378e-057
1555	77800	2.30779e-057
1556	77850	2.30248e-057
1557	77900	2.30248e-057
1558	77950	2.30248e-057
1559	78000	2.30248e-057
1560	78050	2.29165e-057
1561	78100	2.26433e-057
1562	78150	1.90873e-057
1563	78200	1.78605e-057
1564	78250	1.78605e-057
1565	78300	1.76223e-057
1566	78350	1.76223e-057
1567	78400	1.75407e-057
1568	78450	1.75407e-057
1569	78500	1.74753e-057
1570	78550	1.74753e-057
1571	78600	1.74753e-057
1572	78650	1.73356e-057
1573	78700	1.71558e-057
1574	78750	9.09724e-058
1575	78800	9.09724e-058
1576	78850	9.09724e-058
1577	78900	9.02064e-058
1578	78950	9.02064e-058
1579	79000	9.02064e-058
1580	79050	9.02064e-058
1581	79100	9.02064e-058
1582	79150	9.01377e-058
1583	79200	9.01377e-058
1584	79250	9.01377e-058
1585	79300	9.01377e-058
1586	79350	9.01377e-058
1587	79400	8.95708e-058
1588	79450	5.38841e-058
1589	79500	5.37779e-058
1590	79550	5.37779e-058
1591	79600	5.37779e-058
1592	79650	5.37779e-058
1593	79700	5.37779e-058
1594	79750	5.37489e-058
1595	79800	5.37489e-058
1596	79850	5.37489e-058
1597	79900	5.37489e-058
1598	79950	5.37489e-058
1599	80000	5.37489e-058
1600	80050	5.37489e-058
1601	80100	5.37489e-058
1602	80150	5.36668e-058
1603	80200	5.36668e-058
1604	80250	5.36516e-058
1605	80300	5.36516e-058
1606	80350	5.36132e-058
1607	80400	5.36132e-058
1608	80450	5.35864e-058
1609	80500	5.35864e-058
1610	80550	5.35835e-058
1611	80600	5.35459e-058
1612	80650	5.14661e-060
1613	80700	4.22055e-060
1614	80750	4.22055e-060
1615	80800	4.22055e-060
1616	80850	4.22055e-060
1617	80900	6.50768e-061
1618	80950	6.50768e-061
1619	81000	5.01035e-061
1620	81050	4.43857e-061
1621	81100	4.43857e-061
1622	81150	4.43857e-061
1623	81200	4.02434e-061
1624	81250	3.95858e-061
1625	81300	3.64859e-061
1626	81350	3.36232e-061
1627	81400	3.36232e-061
1628	81450	3.31768e-061
1629	81500	3.31768e-061
1630	81550	3.31768e-061
1631	81600	3.14446e-061
1632	81650	3.14446e-061
1633	81700	3.14446e-061
1634	81750	1.33704e-061
1635	81800	1.33704e-061
1636	81850	1.33704e-061
1637	81900	1.26531e-061
1638	81950	1.26531e-061
1639	82000	1.18241e-061
1640	82050	1.18241e-061
1641	82100	1.18241e-061
1642	82150	1.18241e-061
1643	82200	1.11528e-061
1644	82250	1.11528e-061
1645	82300	1.11528e-061
1646	82350	8.49367e-062
1647	82400	8.49367e-062
1648	82450	8.49154e-062
1649	82500	8.11093e-062
1650	82550	8.11093e-062
1651	82600	8.11093e-062
1652	82650	8.11093e-062
1653	82700	8.11093e-062
1654	82750	8.11093e-062
1655	82800	7.88114e-062
1656	82850	7.88114e-062
1657	82900	7.53753e-062
1658	82950	2.42628e-062
1659	83000	2.02104e-062
1660	83050	1.55899e-062
1661	83100	1.3535e-062
1662	83150	1.10855e-062
1663	83200	1.10855e-062
1664	83250	1.10855e-062
1665	83300	1.10855e-062
1666	83350	1.10594e-062
1667	83400	9.60832e-063
1668	83450	9.60832e-063
1669	83500	5.28076e-063
1670	83550	5.28076e-063
1671	83600	5.09635e-063
1672	83650	5.0724e-063
1673	83700	5.0724e-063
1674	83750	5.0724e-063
1675	83800	5.0724e-063
1676	83850	2.35975e-063
1677	83900	2.35975e-063
1678	83950	2.19443e-063
1679	84000	2.19443e-063
1680	84050	1.99334e-063
1681	84100	1.46938e-063
1682	84150	1.46938e-063
1683	84200	1.42152e-063
1684	84250	1.42152e-063
1685	84300	9.21193e-064
1686	84350	9.21193e-064
1687	84400	9.21193e-064
1688	84450	9.21193e-064
1689	84500	8.96754e-064
1690	84550	8.96754e-064
1691	84600	8.48338e-064
1692	84650	7.86297e-064
1693	84700	7.22115e-064
1694	84750	7.22115e-064
1695	84800	7.22115e-064
1696	84850	7.18427e-064
1697	84900	7.18427e-064
1698	84950	6.8546e-064
1699	85000	6.8546e-064
1700	85050	6.8546e-064
1701	85100	6.8546e-064
1702	85150	4.08192e-064
1703	85200	3.64333e-064
1704	85250	3.64333e-064
1705	85300	3.64333e-064
1706	85350	3.58455e-064
1707	85400	1.24385e-064
1708	85450	1.24385e-064
1709	85500	1.24385e-064
1710	85550	4.9362e-065
1711	85600	3.68413e-065
1712	85650	2.29767e-065
1713	85700	2.29767e-065
1714	85750	2.29767e-065
1715	85800	2.02611e-065
1716	85850	2.02611e-065
1717	85900	9.82882e-066
1718	85950	9.82882e-066
1719	86000	9.6034e-066
1720	86050	9.6034e-066
1721	86100	9.6034e-066
1722	86150	9.6034e-066
1723	86200	9.6034e-066
1724	86250	3.13586e-066
1725	86300	3.13586e-066
1726	86350	3.13586e-066
1727	86400	3.13586e-066
1728	86450	3.13586e-066
1729	86500	3.13586e-066
1730	86550	3.13586e-066
1731	86600	3.13586e-066
1732	86650	3.13586e-066
1733	86700	2.78542e-066
1734	86750	2.78542e-066
1735	86800	2.09528e-066
1736	86850	2.09528e-066
1737	86900	2.09528e-066
1738	86950	2.09528e-066
1739	87000	2.09528e-066
1740	87050	2.09528e-066
1741	87100	2.09528e-066
1742	87150	2.0932e-066
1743	87200	2.0932e-066
1744	87250	2.0932e-066
1745	87300	2.0932e-066
1746	87350	9.42473e-067
1747	87400	8.39429e-067
1748	87450	7.51455e-067
1749	87500	7.51455e-067
1750	87550	7.51455e-067
1751	87600	6.92381e-067
1752	87650	6.92381e-067
1753	87700	5.67732e-067
1754	87750	5.66598e-067
1755	87800	5.66598e-067
1756	87850	5.261e-067
1757	87900	5.261e-067
1758	87950	4.88816e-067
1759	88000	3.77717e-067
1760	88050	3.72759e-067
1761	88100	3.62823e-067
1762	88150	2.56754e-067
1763	88200	2.56754e-067
1764	88250	2.51565e-067
1765	88300	2.51565e-067
1766	88350	2.51565e-067
1767	88400	1.26954e-067
1768	88450	1.26954e-067
1769	88500	9.87239e-068
1770	88550	9.70964e-068
1771	88600	9.70964e-068
1772	88650	9.70964e-068
1773	88700	9.44596e-068
1774	88750	9.44596e-068
1775	88800	3.01373e-068
1776	88850	3.01373e-068
1777	88900	3.01373e-068
1778	88950	3.01373e-068
1779	89000	2.78103e-068
1780	89050	2.78103e-068
1781	89100	2.78103e-068
1782	89150	1.22469e-068
1783	89200	1.22469e-068
1784	89250	1.14947e-068
1785	89300	1.14947e-068
1786	89350	1.14947e-068
1787	89400	1.14947e-068
1788	89450	1.14944e-068
1789	89500	1.14944e-068
1790	89550	8.99528e-069
1791	89600	8.99528e-069
1792	89650	8.99528e-069
1793	89700	8.31887e-069
1794	89750	6.72811e-069
1795	89800	6.72811e-069
1796	89850	6.68615e-069
1797	89900	5.47343e-069
1798	89950	2.0666e-069
1799	90000	1.9871e-069
1800	90050	1.4752e-069
1801	90100	1.4752e-069
1802	90150	1.29701e-069
1803	90200	1.29701e-069
1804	90250	1.29701e-069
1805	90300	1.02228e-069
1806	90350	1.02228e-069
1807	90400	1.02228e-069
1808	90450	1.02228e-069
1809	90500	9.35219e-070
1810	90550	9.35219e-070
1811	90600	9.35219e-070
1812	90650	9.35219e-070
1813	90700	7.40362e-070
1814	90750	7.40362e-070
1815	90800	7.40362e-070
1816	90850	4.21904e-070
1817	90900	4.21904e-070
1818	90950	4.21904e-070
1819	91000	4.21904e-070
1820	91050	4.21904e-070
1821	91100	4.21904e-070
1822	91150	4.21904e-070
1823	91200	4.21904e-070
1824	91250	2.92851e-070
1825	91300	2.92851e-070
1826	91350	2.80853e-070
1827	91400	2.80853e-070
1828	91450	2.55192e-070
1829	91500	2.06204e-070
1830	91550	2.06204e-070
1831	91600	1.66722e-070
1832	91650	1.29176e-070
1833	91700	1.21672e-070
1834	91750	1.21672e-070
1835	91800	6.85526e-071
1836	91850	5.60579e-071
1837	91900	5.60579e-071
1838	91950	5.60579e-071
1839	92000	5.60579e-071
1840	92050	5.37621e-071
1841	92100	5.37621e-071
1842	92150	5.29141e-071
1843	92200	5.21019e-071
1844	92250	5.21019e-071
1845	92300	2.98255e-071
1846	92350	2.98255e-071
1847	92400	1.87819e-071
1848	92450	1.87819e-071
1849	92500	1.87819e-071
1850	92550	1.87819e-071
1851	92600	1.87819e-071
1852	92650	1.77076e-071
1853	92700	1.42826e-071
1854	92750	3.24769e-072
1855	92800	3.24769e-072
1856	92850	3.24769e-072
1857	92900	2.38967e-072
1858	92950	2.10024e-072
1859	93000	1.97347e-072
1860	93050	1.97347e-072
1861	93100	1.97347e-072
1862	93150	1.97347e-072
1863	93200	1.97347e-072
1864	93250	1.97347e-072
1865	93300	1.97347e-072
1866	93350	1.0825e-072
1867	93400	1.0825e-072
1868	93450	7.84882e-073
1869	93500	7.84882e-073
1870	93550	7.84882e-073
1871	93600	7.84882e-073
1872	93650	7.84882e-073
1873	93700	3.82837e-073
1874	93750	3.82837e-073
1875	93800	3.50232e-073
1876	93850	3.05681e-073
1877	93900	3.05681e-073
1878	93950	3.05681e-073
1879	94000	3.05681e-073
1880	94050	3.05681e-073
1881	94100	3.05681e-073
1882	94150	2.26869e-073
1883	94200	2.26869e-073
1884	94250	1.9827e-073
1885	94300	1.9827e-073
1886	94350	1.9827e-073
1887	94400	1.95536e-073
1888	94450	1.86471e-073
1889	94500	1.86471e-073
1890	94550	1.86471e-073
1891	94600	1.46275e-073
1892	94650	9.34626e-074
1893	94700	9.34626e-074
1894	94750	8.23485e-074
1895	94800	8.23485e-074
1896	94850	7.04924e-074
1897	94900	7.04924e-074
1898	94950	7.04924e-074
1899	95000	5.29324e-074
1900	95050	5.29324e-074
1901	95100	4.77652e-074
1902	95150	4.77652e-074
1903	95200	4.77652e-074
1904	95250	4.76068e-074
1905	95300	4.09356e-074
1906	95350	3.77152e-074
1907	95400	3.77152e-074
1908	95450	2.92112e-074
1909	95500	2.89563e-074
1910	95550	2.89563e-074
1911	95600	1.87593e-074
1912	95650	1.79751e-074
1913	95700	1.43897e-074
1914	95750	1.43897e-074
1915	95800	1.43897e-074
1916	95850	1.4105e-074
1917	95900	1.40022e-074
1918	95950	1.25026e-074
1919	96000	1.25026e-074
1920	96050	7.8981e-075
1921	96100	7.8981e-075
1922	96150	7.78396e-075
1923	96200	7.78396e-075
1924	96250	7.0839e-075
1925	96300	4.17584e-075
1926	96350	2.77218e-075
1927	96400	2.75051e-075
1928	96450	2.59037e-075
1929	96500	2.46168e-075
1930	96550	2.46168e-075
1931	96600	1.81291e-075
1932	96650	1.81291e-075
1933	96700	1.81291e-075
1934	96750	1.81291e-075
1935	96800	1.81291e-075
1936	96850	1.81291e-075
1937	96900	1.81291e-075
1938	96950	1.78691e-075
1939	97000	1.78691e-075
1940	97050	1.68269e-075
1941	97100	1.68269e-075
1942	97150	1.68062e-075
1943	97200	1.68062e-075
1944	97250	1.68062e-075
1945	97300	1.31928e-075
1946	97350	8.8359e-076
1947	97400	8.8359e-076
1948	97450	8.8359e-076
1949	97500	7.92326e-076
1950	97550	7.92326e-076
1951	97600	7.92326e-076
1952	97650	6.84398e-076
1953	97700	6.84398e-076
1954	97750	6.84398e-076
1955	97800	6.84398e-076
1956	97850	6.84398e-076
1957	97900	6.84398e-076
1958	97950	6.84398e-076
1959	98000	6.84398e-076
1960	98050	6.84398e-076
1961	98100	5.77799e-076
1962	98150	5.77799e-076
1963	98200	5.77799e-076
1964	98250	5.77799e-076
1965	98300	5.77799e-076
1966	98350	5.77799e-076
1967	98400	5.72868e-076
1968	98450	5.58073e-076
1969	98500	5.45635e-076
1970	98550	5.45635e-076
1971	98600	5.45635e-076
1972	98650	5.44963e-076
1973	98700	5.44963e-076
1974	98750	5.44963e-076
1975	98800	5.44963e-076
1976	98850	5.44298e-076
1977	98900	5.44298e-076
1978	98950	5.44298e-076
1979	99000	2.7894e-077
1980	99050	2.20772e-077
1981	99100	2.07961e-077
1982	99150	2.07961e-077
1983	99200	1.81565e-077
1984	99250	1.81565e-077
1985	99300	1.14376e-077
1986	99350	1.14376e-077
1987	99400	1.14376e-077
1988	99450	1.14376e-077
1989	99500	1.09608e-077
1990	99550	1.06244e-077
1991	99600	1.06244e-077
1992	99650	1.06244e-077
1993	99700	1.01513e-077
1994	99750	9.84758e-078
1995	99800	9.84758e-078
1996	99850	9.73432e-078
1997	99900	9.63247e-078
1998	99950	3.67357e-078
1999	100000	3.65894e-078
2000	100050	3.65894e-078
