1	100	0
2	150	627.315
3	200	627.315
4	250	602.827
5	300	602.827
6	350	602.827
7	400	529.759
8	450	529.759
9	500	513.344
10	550	472.294
11	600	472.294
12	650	472.294
13	700	472.294
14	750	472.294
15	800	472.294
16	850	472.294
17	900	472.294
18	950	472.294
19	1000	472.294
20	1050	472.294
21	1100	472.294
22	1150	472.294
23	1200	302.173
24	1250	302.173
25	1300	302.173
26	1350	302.173
27	1400	273.287
28	1450	245.121
29	1500	245.121
30	1550	245.121
31	1600	245.121
32	1650	245.121
33	1700	245.121
34	1750	245.121
35	1800	245.121
36	1850	245.121
37	1900	245.121
38	1950	245.121
39	2000	245.121
40	2050	245.121
41	2100	223.338
42	2150	223.338
43	2200	223.338
44	2250	223.338
45	2300	223.338
46	2350	23.8181
47	2400	23.8181
48	2450	23.8181
49	2500	23.8181
50	2550	23.8181
51	2600	23.8181
52	2650	18.1863
53	2700	18.1863
54	2750	18.1863
55	2800	18.1863
56	2850	18.1863
57	2900	18.1863
58	2950	18.1863
59	3000	18.1863
60	3050	18.1863
61	3100	18.1863
62	3150	18.1863
63	3200	18.1863
64	3250	18.1863
65	3300	18.1863
66	3350	18.1863
67	3400	18.1863
68	3450	14.322
69	3500	14.0696
70	3550	14.0696
71	3600	14.0696
72	3650	14.0696
73	3700	14.0696
74	3750	14.0696
75	3800	14.0696
76	3850	14.0696
77	3900	4.35674
78	3950	4.35674
79	4000	4.35674
80	4050	4.35674
81	4100	4.35674
82	4150	4.35674
83	4200	4.35674
84	4250	4.35674
85	4300	4.35674
86	4350	4.35674
87	4400	4.35674
88	4450	4.35674
89	4500	4.35674
90	4550	4.35674
91	4600	4.35674
92	4650	4.35674
93	4700	4.35674
94	4750	4.35674
95	4800	1.29573
96	4850	1.29573
97	4900	1.29573
98	4950	1.29573
99	5000	1.29573
100	5050	1.29573
101	5100	1.29573
102	5150	1.25631
103	5200	1.25563
104	5250	1.25563
105	5300	1.25563
106	5350	1.24251
107	5400	0.841063
108	5450	0.841063
109	5500	0.841063
110	5550	0.841063
111	5600	0.841063
112	5650	0.831828
113	5700	0.831828
114	5750	0.831828
115	5800	0.831828
116	5850	0.831828
117	5900	0.831828
118	5950	0.831828
119	6000	0.831828
120	6050	0.831828
121	6100	0.831828
122	6150	0.831828
123	6200	0.831828
124	6250	0.831828
125	6300	0.831828
126	6350	0.83079
127	6400	0.824521
128	6450	0.752896
129	6500	0.752896
130	6550	0.752896
131	6600	0.752896
132	6650	0.752896
133	6700	0.701123
134	6750	0.701123
135	6800	0.701123
136	6850	0.101737
137	6900	0.101737
138	6950	0.101737
139	7000	0.101737
140	7050	0.101737
141	7100	0.0926703
142	7150	0.0926703
143	7200	0.0926703
144	7250	0.0926703
145	7300	0.0924127
146	7350	0.0924127
147	7400	0.0924127
148	7450	0.0711263
149	7500	0.0668627
150	7550	0.0668627
151	7600	0.0668627
152	7650	0.0668627
153	7700	0.0668627
154	7750	0.0668627
155	7800	0.0668627
156	7850	0.0618122
157	7900	0.0300336
158	7950	0.0300336
159	8000	0.0298512
160	8050	0.0298512
161	8100	0.0212541
162	8150	0.0212541
163	8200	0.0212541
164	8250	0.0210267
165	8300	0.0210267
166	8350	0.0210267
167	8400	0.0141447
168	8450	0.0130582
169	8500	0.0129645
170	8550	0.0129645
171	8600	0.0126605
172	8650	0.0126605
173	8700	0.00894013
174	8750	0.00894013
175	8800	0.00894013
176	8850	0.00638032
177	8900	0.00638032
178	8950	0.00638032
179	9000	0.00638032
180	9050	0.00638032
181	9100	0.00638032
182	9150	0.00638032
183	9200	0.00436427
184	9250	0.00436427
185	9300	0.00436427
186	9350	0.00436427
187	9400	0.00362516
188	9450	0.00318599
189	9500	0.00318599
190	9550	0.00318599
191	9600	0.00310293
192	9650	0.00310293
193	9700	0.00279339
194	9750	0.00279339
195	9800	0.00228469
196	9850	0.00228469
197	9900	0.00228469
198	9950	0.00228469
199	10000	0.00228469
200	10050	0.00228469
201	10100	0.00228469
202	10150	0.00100597
203	10200	0.000589069
204	10250	0.000589069
205	10300	0.000589069
206	10350	0.000589069
207	10400	0.000589069
208	10450	0.000589069
209	10500	0.000589069
210	10550	0.00053355
211	10600	0.00053355
212	10650	0.00053355
213	10700	0.000291607
214	10750	0.000291607
215	10800	0.000291607
216	10850	0.000291607
217	10900	0.000261546
218	10950	0.000261546
219	11000	0.000261546
220	11050	0.000261546
221	11100	0.000261546
222	11150	0.000261546
223	11200	0.000261546
224	11250	0.000261546
225	11300	0.000261546
226	11350	0.000261546
227	11400	0.000261546
228	11450	0.000261546
229	11500	0.000261546
230	11550	3.5427e-005
231	11600	3.18809e-005
232	11650	1.48166e-005
233	11700	1.48166e-005
234	11750	1.48166e-005
235	11800	1.48166e-005
236	11850	1.48166e-005
237	11900	1.48166e-005
238	11950	1.37953e-005
239	12000	1.37953e-005
240	12050	1.37953e-005
241	12100	1.37953e-005
242	12150	1.37953e-005
243	12200	1.2804e-005
244	12250	1.2804e-005
245	12300	1.2804e-005
246	12350	1.2804e-005
247	12400	1.2804e-005
248	12450	1.2804e-005
249	12500	4.69262e-006
250	12550	4.6514e-006
251	12600	4.6514e-006
252	12650	4.6514e-006
253	12700	4.6514e-006
254	12750	4.6514e-006
255	12800	4.6514e-006
256	12850	3.32041e-006
257	12900	3.32041e-006
258	12950	3.32041e-006
259	13000	3.32041e-006
260	13050	3.32041e-006
261	13100	3.32041e-006
262	13150	3.32041e-006
263	13200	3.32041e-006
264	13250	3.16008e-006
265	13300	3.16008e-006
266	13350	2.86936e-006
267	13400	2.86936e-006
268	13450	2.86936e-006
269	13500	2.86936e-006
270	13550	2.86936e-006
271	13600	2.86936e-006
272	13650	2.32937e-006
273	13700	2.32937e-006
274	13750	2.32937e-006
275	13800	2.32937e-006
276	13850	1.94877e-006
277	13900	1.94877e-006
278	13950	1.90852e-006
279	14000	1.90852e-006
280	14050	1.90852e-006
281	14100	1.90852e-006
282	14150	1.90852e-006
283	14200	1.90852e-006
284	14250	1.61382e-006
285	14300	1.61382e-006
286	14350	1.2035e-006
287	14400	1.2035e-006
288	14450	1.2035e-006
289	14500	1.2035e-006
290	14550	1.2035e-006
291	14600	7.61453e-007
292	14650	7.50579e-007
293	14700	7.50579e-007
294	14750	7.50579e-007
295	14800	6.65502e-007
296	14850	6.44647e-007
297	14900	6.44647e-007
298	14950	6.44647e-007
299	15000	6.44647e-007
300	15050	6.44647e-007
301	15100	5.26171e-007
302	15150	4.57964e-007
303	15200	4.57964e-007
304	15250	4.41021e-007
305	15300	4.41021e-007
306	15350	2.43391e-007
307	15400	2.43391e-007
308	15450	2.43391e-007
309	15500	2.29254e-007
310	15550	1.9745e-007
311	15600	1.9745e-007
312	15650	1.27633e-007
313	15700	1.27633e-007
314	15750	1.24451e-007
315	15800	1.14013e-007
316	15850	1.13679e-007
317	15900	1.13679e-007
318	15950	1.13679e-007
319	16000	1.13679e-007
320	16050	1.13679e-007
321	16100	1.13679e-007
322	16150	1.13679e-007
323	16200	1.13679e-007
324	16250	1.13679e-007
325	16300	6.83837e-008
326	16350	6.58667e-008
327	16400	6.58667e-008
328	16450	6.55414e-008
329	16500	6.55414e-008
330	16550	6.55414e-008
331	16600	6.55414e-008
332	16650	6.55414e-008
333	16700	5.79771e-008
334	16750	5.79771e-008
335	16800	5.79771e-008
336	16850	5.79771e-008
337	16900	5.53996e-008
338	16950	5.53996e-008
339	17000	5.53996e-008
340	17050	5.53996e-008
341	17100	5.18151e-008
342	17150	5.18151e-008
343	17200	2.31693e-008
344	17250	2.31693e-008
345	17300	2.31693e-008
346	17350	2.31693e-008
347	17400	2.31693e-008
348	17450	2.29517e-008
349	17500	2.25533e-008
350	17550	2.25533e-008
351	17600	2.0259e-008
352	17650	1.89267e-008
353	17700	1.89267e-008
354	17750	1.89267e-008
355	17800	1.89267e-008
356	17850	1.86256e-008
357	17900	1.86256e-008
358	17950	1.60712e-008
359	18000	1.60712e-008
360	18050	1.45925e-008
361	18100	1.42405e-008
362	18150	1.42405e-008
363	18200	1.38244e-008
364	18250	5.5255e-009
365	18300	5.5255e-009
366	18350	4.11748e-009
367	18400	4.11748e-009
368	18450	4.11748e-009
369	18500	3.38131e-009
370	18550	3.35715e-009
371	18600	3.35715e-009
372	18650	3.35715e-009
373	18700	2.78946e-009
374	18750	2.78946e-009
375	18800	2.78946e-009
376	18850	2.77926e-009
377	18900	2.77926e-009
378	18950	1.94595e-009
379	19000	1.94595e-009
380	19050	1.68032e-009
381	19100	1.68032e-009
382	19150	7.9741e-010
383	19200	7.9741e-010
384	19250	7.9741e-010
385	19300	6.24717e-010
386	19350	6.24717e-010
387	19400	5.9266e-010
388	19450	5.9266e-010
389	19500	5.35832e-010
390	19550	5.35832e-010
391	19600	5.35832e-010
392	19650	3.57639e-010
393	19700	3.57639e-010
394	19750	3.4513e-010
395	19800	2.06829e-010
396	19850	2.06829e-010
397	19900	2.06829e-010
398	19950	2.06829e-010
399	20000	2.06829e-010
400	20050	2.06829e-010
401	20100	2.06829e-010
402	20150	2.06829e-010
403	20200	2.06829e-010
404	20250	2.06829e-010
405	20300	2.06829e-010
406	20350	1.34941e-010
407	20400	1.34941e-010
408	20450	1.34941e-010
409	20500	1.13122e-010
410	20550	1.13122e-010
411	20600	1.13122e-010
412	20650	1.03538e-010
413	20700	1.03538e-010
414	20750	9.71012e-011
415	20800	9.71012e-011
416	20850	9.71012e-011
417	20900	6.47654e-011
418	20950	6.47654e-011
419	21000	5.89872e-011
420	21050	5.88021e-011
421	21100	5.68569e-011
422	21150	5.68569e-011
423	21200	5.68569e-011
424	21250	4.82329e-011
425	21300	4.82329e-011
426	21350	4.70779e-011
427	21400	4.70468e-011
428	21450	4.70468e-011
429	21500	4.70468e-011
430	21550	4.70468e-011
431	21600	4.70468e-011
432	21650	4.70468e-011
433	21700	4.70468e-011
434	21750	4.70468e-011
435	21800	4.09899e-011
436	21850	3.89368e-011
437	21900	3.89368e-011
438	21950	3.89368e-011
439	22000	3.89368e-011
440	22050	3.70601e-011
441	22100	1.10344e-011
442	22150	1.10344e-011
443	22200	1.10344e-011
444	22250	1.08867e-011
445	22300	1.08867e-011
446	22350	1.08867e-011
447	22400	7.63505e-012
448	22450	7.63505e-012
449	22500	7.63505e-012
450	22550	6.86877e-012
451	22600	6.86877e-012
452	22650	6.86877e-012
453	22700	6.68899e-012
454	22750	6.68899e-012
455	22800	6.68899e-012
456	22850	6.68899e-012
457	22900	6.44877e-012
458	22950	4.16664e-012
459	23000	3.33181e-012
460	23050	3.10108e-012
461	23100	2.95696e-012
462	23150	2.87703e-012
463	23200	1.85879e-012
464	23250	1.79621e-012
465	23300	1.75305e-012
466	23350	1.59665e-012
467	23400	1.59665e-012
468	23450	1.41091e-012
469	23500	1.35343e-012
470	23550	1.35343e-012
471	23600	1.35343e-012
472	23650	3.98457e-013
473	23700	3.98457e-013
474	23750	3.887e-013
475	23800	3.887e-013
476	23850	3.23776e-013
477	23900	3.23776e-013
478	23950	2.78347e-013
479	24000	2.05797e-013
480	24050	1.47271e-013
481	24100	9.7365e-014
482	24150	9.12006e-014
483	24200	9.12006e-014
484	24250	8.27859e-014
485	24300	8.27859e-014
486	24350	8.27859e-014
487	24400	8.27859e-014
488	24450	8.27859e-014
489	24500	8.24999e-014
490	24550	8.24999e-014
491	24600	8.24999e-014
492	24650	8.24999e-014
493	24700	7.9419e-014
494	24750	7.9419e-014
495	24800	7.17984e-014
496	24850	7.17984e-014
497	24900	7.17984e-014
498	24950	7.17984e-014
499	25000	7.17984e-014
500	25050	7.17984e-014
501	25100	7.17984e-014
502	25150	7.17984e-014
503	25200	7.17984e-014
504	25250	7.17984e-014
505	25300	7.17984e-014
506	25350	7.17984e-014
507	25400	5.7099e-014
508	25450	5.7099e-014
509	25500	5.7099e-014
510	25550	5.7099e-014
511	25600	5.7099e-014
512	25650	5.7099e-014
513	25700	5.7099e-014
514	25750	5.7099e-014
515	25800	5.70661e-014
516	25850	5.59501e-014
517	25900	5.59501e-014
518	25950	5.4594e-014
519	26000	5.4594e-014
520	26050	5.4594e-014
521	26100	5.4594e-014
522	26150	5.4594e-014
523	26200	5.44097e-014
524	26250	5.12436e-014
525	26300	5.12436e-014
526	26350	2.23373e-014
527	26400	2.1216e-014
528	26450	2.1216e-014
529	26500	2.1216e-014
530	26550	1.89044e-014
531	26600	1.89044e-014
532	26650	1.85778e-014
533	26700	1.30801e-014
534	26750	1.30801e-014
535	26800	1.30801e-014
536	26850	9.03332e-015
537	26900	9.03332e-015
538	26950	9.03332e-015
539	27000	6.95968e-015
540	27050	6.95968e-015
541	27100	6.95745e-015
542	27150	5.91084e-015
543	27200	1.8089e-015
544	27250	1.17915e-015
545	27300	1.17915e-015
546	27350	1.17915e-015
547	27400	1.17915e-015
548	27450	1.17915e-015
549	27500	1.17915e-015
550	27550	1.17915e-015
551	27600	1.17915e-015
552	27650	1.17915e-015
553	27700	1.17915e-015
554	27750	9.97761e-016
555	27800	9.97761e-016
556	27850	9.97761e-016
557	27900	9.76366e-016
558	27950	9.76366e-016
559	28000	9.76366e-016
560	28050	7.82299e-016
561	28100	7.82299e-016
562	28150	7.82299e-016
563	28200	7.82299e-016
564	28250	7.82299e-016
565	28300	7.82172e-016
566	28350	6.22742e-016
567	28400	6.22742e-016
568	28450	5.84612e-016
569	28500	5.84612e-016
570	28550	5.6137e-016
571	28600	2.1024e-016
572	28650	2.1024e-016
573	28700	2.1024e-016
574	28750	2.1024e-016
575	28800	1.66068e-016
576	28850	1.63193e-016
577	28900	1.63193e-016
578	28950	1.63193e-016
579	29000	1.63193e-016
580	29050	1.63193e-016
581	29100	1.63193e-016
582	29150	1.63193e-016
583	29200	1.63193e-016
584	29250	1.46999e-016
585	29300	1.46999e-016
586	29350	1.46999e-016
587	29400	1.46999e-016
588	29450	6.72601e-017
589	29500	5.01137e-017
590	29550	5.01137e-017
591	29600	5.01137e-017
592	29650	5.01137e-017
593	29700	5.01137e-017
594	29750	5.01137e-017
595	29800	5.01137e-017
596	29850	5.01137e-017
597	29900	4.8531e-017
598	29950	4.8531e-017
599	30000	4.8531e-017
600	30050	4.27008e-017
601	30100	4.27008e-017
602	30150	4.27008e-017
603	30200	4.19587e-017
604	30250	3.10128e-017
605	30300	3.09482e-017
606	30350	3.09482e-017
607	30400	3.09482e-017
608	30450	3.09482e-017
609	30500	3.09482e-017
610	30550	3.09482e-017
611	30600	3.09482e-017
612	30650	2.5564e-017
613	30700	2.51854e-017
614	30750	2.1856e-017
615	30800	2.1856e-017
616	30850	1.55698e-017
617	30900	1.55698e-017
618	30950	1.03203e-017
619	31000	1.03203e-017
620	31050	9.5614e-018
621	31100	9.55943e-018
622	31150	9.55943e-018
623	31200	6.40909e-018
624	31250	6.40909e-018
625	31300	6.40909e-018
626	31350	5.57228e-018
627	31400	3.87164e-018
628	31450	3.87164e-018
629	31500	3.85853e-018
630	31550	3.85853e-018
631	31600	3.85853e-018
632	31650	1.29108e-018
633	31700	1.29108e-018
634	31750	1.29108e-018
635	31800	1.29108e-018
636	31850	1.29108e-018
637	31900	1.11599e-018
638	31950	1.11599e-018
639	32000	1.11599e-018
640	32050	1.08812e-018
641	32100	1.02034e-018
642	32150	7.37512e-019
643	32200	7.37512e-019
644	32250	7.37512e-019
645	32300	7.05424e-019
646	32350	6.60738e-019
647	32400	6.60738e-019
648	32450	6.60738e-019
649	32500	6.18912e-019
650	32550	3.1859e-019
651	32600	3.1859e-019
652	32650	3.1859e-019
653	32700	3.1859e-019
654	32750	3.1859e-019
655	32800	3.1859e-019
656	32850	3.1859e-019
657	32900	3.1859e-019
658	32950	2.42665e-019
659	33000	8.83247e-020
660	33050	8.83247e-020
661	33100	8.83247e-020
662	33150	7.51784e-020
663	33200	7.51784e-020
664	33250	7.51784e-020
665	33300	4.69151e-020
666	33350	4.69151e-020
667	33400	4.69151e-020
668	33450	3.966e-020
669	33500	3.966e-020
670	33550	3.966e-020
671	33600	2.76906e-020
672	33650	2.76906e-020
673	33700	2.76906e-020
674	33750	2.76906e-020
675	33800	2.76906e-020
676	33850	2.76906e-020
677	33900	2.76906e-020
678	33950	2.76906e-020
679	34000	2.76906e-020
680	34050	1.60248e-020
681	34100	1.46292e-020
682	34150	1.46292e-020
683	34200	1.46292e-020
684	34250	1.46292e-020
685	34300	1.46292e-020
686	34350	1.42042e-020
687	34400	1.0952e-020
688	34450	1.0952e-020
689	34500	7.71801e-021
690	34550	7.71801e-021
691	34600	7.71801e-021
692	34650	7.07198e-021
693	34700	7.07198e-021
694	34750	7.07198e-021
695	34800	4.88655e-021
696	34850	4.88655e-021
697	34900	4.88655e-021
698	34950	4.88655e-021
699	35000	4.88655e-021
700	35050	4.88655e-021
701	35100	4.88655e-021
702	35150	4.88655e-021
703	35200	4.88655e-021
704	35250	4.78103e-021
705	35300	3.1072e-021
706	35350	3.1072e-021
707	35400	2.56308e-021
708	35450	2.56308e-021
709	35500	2.56308e-021
710	35550	2.37604e-021
711	35600	2.37604e-021
712	35650	2.37604e-021
713	35700	2.37604e-021
714	35750	2.30776e-021
715	35800	2.30776e-021
716	35850	2.26491e-021
717	35900	2.24506e-021
718	35950	2.24506e-021
719	36000	2.24506e-021
720	36050	2.24506e-021
721	36100	2.24506e-021
722	36150	2.24506e-021
723	36200	2.24506e-021
724	36250	1.67859e-021
725	36300	1.67859e-021
726	36350	1.15622e-021
727	36400	8.90919e-022
728	36450	8.90919e-022
729	36500	7.28389e-022
730	36550	7.28389e-022
731	36600	6.23345e-022
732	36650	6.23345e-022
733	36700	5.76252e-022
734	36750	5.76252e-022
735	36800	2.5358e-022
736	36850	2.5358e-022
737	36900	2.5358e-022
738	36950	2.5358e-022
739	37000	2.5358e-022
740	37050	2.5358e-022
741	37100	2.5358e-022
742	37150	2.40856e-022
743	37200	2.40626e-022
744	37250	2.40626e-022
745	37300	2.40626e-022
746	37350	2.40626e-022
747	37400	5.383e-023
748	37450	4.77099e-023
749	37500	4.77099e-023
750	37550	4.10428e-023
751	37600	4.10428e-023
752	37650	4.10428e-023
753	37700	3.42577e-023
754	37750	3.42577e-023
755	37800	3.41494e-023
756	37850	3.41494e-023
757	37900	3.41494e-023
758	37950	3.40595e-023
759	38000	3.16176e-023
760	38050	3.16176e-023
761	38100	3.16176e-023
762	38150	3.16176e-023
763	38200	3.16176e-023
764	38250	3.16176e-023
765	38300	3.16176e-023
766	38350	2.71726e-023
767	38400	2.71726e-023
768	38450	2.71726e-023
769	38500	2.69378e-023
770	38550	2.69378e-023
771	38600	2.52697e-023
772	38650	2.34063e-023
773	38700	2.14543e-023
774	38750	1.50827e-023
775	38800	1.50827e-023
776	38850	1.44986e-023
777	38900	1.44986e-023
778	38950	1.44986e-023
779	39000	1.44986e-023
780	39050	1.35208e-023
781	39100	1.32051e-023
782	39150	1.32051e-023
783	39200	1.32051e-023
784	39250	1.32051e-023
785	39300	1.22738e-023
786	39350	1.22738e-023
787	39400	7.35621e-024
788	39450	6.98443e-024
789	39500	6.08949e-024
790	39550	6.08949e-024
791	39600	6.08949e-024
792	39650	6.08949e-024
793	39700	6.08949e-024
794	39750	2.64051e-024
795	39800	2.64051e-024
796	39850	2.64051e-024
797	39900	2.64051e-024
798	39950	1.82931e-024
799	40000	1.76265e-024
800	40050	1.54963e-024
801	40100	1.54963e-024
802	40150	1.29622e-024
803	40200	1.1224e-024
804	40250	1.1224e-024
805	40300	1.1224e-024
806	40350	1.1224e-024
807	40400	1.05742e-024
808	40450	1.05742e-024
809	40500	1.05742e-024
810	40550	1.05742e-024
811	40600	1.05742e-024
812	40650	1.05742e-024
813	40700	9.9531e-025
814	40750	3.39649e-025
815	40800	3.17182e-025
816	40850	3.17182e-025
817	40900	3.17182e-025
818	40950	3.17182e-025
819	41000	1.61551e-025
820	41050	1.49252e-025
821	41100	1.49252e-025
822	41150	1.26735e-025
823	41200	1.26735e-025
824	41250	1.26735e-025
825	41300	1.26167e-025
826	41350	1.25511e-025
827	41400	1.02041e-025
828	41450	9.26116e-026
829	41500	9.26116e-026
830	41550	9.26116e-026
831	41600	6.42125e-026
832	41650	6.42125e-026
833	41700	6.42125e-026
834	41750	5.65578e-026
835	41800	5.65578e-026
836	41850	5.65578e-026
837	41900	5.65578e-026
838	41950	5.63083e-026
839	42000	4.74713e-026
840	42050	4.74713e-026
841	42100	4.74713e-026
842	42150	4.53277e-026
843	42200	4.53277e-026
844	42250	4.53277e-026
845	42300	4.48017e-026
846	42350	2.08378e-026
847	42400	1.25498e-026
848	42450	1.25498e-026
849	42500	1.25498e-026
850	42550	9.95015e-027
851	42600	9.95015e-027
852	42650	9.95015e-027
853	42700	9.86729e-027
854	42750	9.86729e-027
855	42800	9.86729e-027
856	42850	6.5659e-027
857	42900	6.5659e-027
858	42950	6.36255e-027
859	43000	5.39922e-027
860	43050	5.39922e-027
861	43100	5.39922e-027
862	43150	5.20107e-027
863	43200	5.00569e-027
864	43250	5.00569e-027
865	43300	5.00569e-027
866	43350	5.00569e-027
867	43400	5.00569e-027
868	43450	5.00569e-027
869	43500	4.95895e-027
870	43550	3.18254e-027
871	43600	3.18254e-027
872	43650	2.88515e-027
873	43700	2.88515e-027
874	43750	2.88515e-027
875	43800	2.88515e-027
876	43850	2.871e-027
877	43900	2.14448e-027
878	43950	2.14448e-027
879	44000	1.60292e-027
880	44050	1.27854e-027
881	44100	1.27854e-027
882	44150	1.03407e-027
883	44200	1.01785e-027
884	44250	1.01785e-027
885	44300	1.01785e-027
886	44350	1.01785e-027
887	44400	8.58323e-028
888	44450	8.58323e-028
889	44500	6.8845e-028
890	44550	5.8001e-028
891	44600	5.61393e-028
892	44650	5.61393e-028
893	44700	5.46207e-028
894	44750	5.46207e-028
895	44800	5.46207e-028
896	44850	5.22667e-028
897	44900	1.46401e-028
898	44950	1.46401e-028
899	45000	1.46401e-028
900	45050	1.37317e-028
901	45100	1.3173e-028
902	45150	1.3173e-028
903	45200	1.3173e-028
904	45250	1.0199e-028
905	45300	1.0199e-028
906	45350	9.94355e-029
907	45400	9.94355e-029
908	45450	9.69023e-029
909	45500	8.32209e-029
910	45550	8.32209e-029
911	45600	8.32209e-029
912	45650	8.32209e-029
913	45700	6.9563e-029
914	45750	6.9563e-029
915	45800	5.59395e-029
916	45850	5.52322e-029
917	45900	5.52322e-029
918	45950	5.14647e-029
919	46000	5.00285e-029
920	46050	4.51838e-029
921	46100	4.51838e-029
922	46150	4.51838e-029
923	46200	4.51838e-029
924	46250	4.51838e-029
925	46300	4.26949e-029
926	46350	4.17495e-029
927	46400	4.17495e-029
928	46450	4.17495e-029
929	46500	1.404e-029
930	46550	1.404e-029
931	46600	1.2084e-029
932	46650	1.01064e-029
933	46700	1.01064e-029
934	46750	9.40213e-030
935	46800	9.11971e-030
936	46850	9.11971e-030
937	46900	9.11971e-030
938	46950	8.30851e-030
939	47000	8.30851e-030
940	47050	6.58694e-030
941	47100	6.58694e-030
942	47150	6.58694e-030
943	47200	6.48622e-030
944	47250	6.44381e-030
945	47300	6.44381e-030
946	47350	6.44381e-030
947	47400	6.36423e-030
948	47450	6.29735e-030
949	47500	4.39987e-030
950	47550	4.39987e-030
951	47600	4.39987e-030
952	47650	2.39037e-030
953	47700	2.39037e-030
954	47750	2.25371e-030
955	47800	2.25371e-030
956	47850	2.25371e-030
957	47900	5.36984e-031
958	47950	5.27098e-031
959	48000	5.27098e-031
960	48050	5.27098e-031
961	48100	5.27098e-031
962	48150	2.54594e-031
963	48200	2.54594e-031
964	48250	1.80974e-031
965	48300	1.11169e-031
966	48350	1.11169e-031
967	48400	1.11169e-031
968	48450	1.11169e-031
969	48500	1.11169e-031
970	48550	1.11169e-031
971	48600	1.11169e-031
972	48650	1.11169e-031
973	48700	9.83134e-032
974	48750	9.81668e-032
975	48800	8.57788e-032
976	48850	8.57788e-032
977	48900	8.57788e-032
978	48950	8.57788e-032
979	49000	8.57788e-032
980	49050	8.37688e-032
981	49100	8.37688e-032
982	49150	8.37688e-032
983	49200	7.63947e-032
984	49250	7.63947e-032
985	49300	7.63947e-032
986	49350	7.61995e-032
987	49400	5.4015e-032
988	49450	5.4015e-032
989	49500	3.53288e-032
990	49550	3.53288e-032
991	49600	3.53288e-032
992	49650	3.53288e-032
993	49700	3.53288e-032
994	49750	3.3407e-032
995	49800	3.3407e-032
996	49850	3.3407e-032
997	49900	2.94276e-032
998	49950	2.94276e-032
999	50000	2.76996e-032
1000	50050	2.73892e-032
1001	50100	1.88335e-032
1002	50150	1.88335e-032
1003	50200	1.88335e-032
1004	50250	1.88335e-032
1005	50300	1.88335e-032
1006	50350	1.01523e-032
1007	50400	1.01523e-032
1008	50450	8.63523e-033
1009	50500	8.63523e-033
1010	50550	8.63523e-033
1011	50600	8.63523e-033
1012	50650	8.63523e-033
1013	50700	8.63523e-033
1014	50750	6.44694e-033
1015	50800	6.44694e-033
1016	50850	6.44694e-033
1017	50900	6.44694e-033
1018	50950	4.01644e-033
1019	51000	4.01644e-033
1020	51050	2.66523e-033
1021	51100	2.00819e-033
1022	51150	2.00819e-033
1023	51200	1.85097e-033
1024	51250	1.85097e-033
1025	51300	1.85097e-033
1026	51350	1.85097e-033
1027	51400	1.85097e-033
1028	51450	1.82032e-033
1029	51500	1.82032e-033
1030	51550	1.82032e-033
1031	51600	1.82032e-033
1032	51650	1.59521e-033
1033	51700	1.59521e-033
1034	51750	1.59521e-033
1035	51800	1.59521e-033
1036	51850	1.58989e-033
1037	51900	9.92846e-034
1038	51950	4.33481e-034
1039	52000	2.68254e-034
1040	52050	2.68254e-034
1041	52100	2.68254e-034
1042	52150	2.68254e-034
1043	52200	2.68254e-034
1044	52250	2.68254e-034
1045	52300	2.68254e-034
1046	52350	2.68254e-034
1047	52400	2.25625e-034
1048	52450	2.23087e-034
1049	52500	2.08333e-034
1050	52550	2.08333e-034
1051	52600	2.05049e-034
1052	52650	2.05049e-034
1053	52700	1.42778e-034
1054	52750	1.42778e-034
1055	52800	1.42778e-034
1056	52850	1.42778e-034
1057	52900	1.16892e-034
1058	52950	1.01509e-034
1059	53000	1.01509e-034
1060	53050	1.01509e-034
1061	53100	1.01509e-034
1062	53150	1.01509e-034
1063	53200	1.01509e-034
1064	53250	9.60288e-035
1065	53300	9.60288e-035
1066	53350	9.60288e-035
1067	53400	8.66243e-035
1068	53450	8.66243e-035
1069	53500	8.66243e-035
1070	53550	8.66243e-035
1071	53600	8.59182e-035
1072	53650	8.59182e-035
1073	53700	8.59182e-035
1074	53750	8.59182e-035
1075	53800	8.50879e-035
1076	53850	8.06366e-035
1077	53900	8.06366e-035
1078	53950	2.97911e-036
1079	54000	2.87836e-036
1080	54050	2.87836e-036
1081	54100	2.87836e-036
1082	54150	2.87836e-036
1083	54200	2.87836e-036
1084	54250	2.87836e-036
1085	54300	2.87836e-036
1086	54350	2.87836e-036
1087	54400	1.94399e-036
1088	54450	1.94399e-036
1089	54500	1.94399e-036
1090	54550	1.94399e-036
1091	54600	1.94399e-036
1092	54650	1.94399e-036
1093	54700	1.05575e-036
1094	54750	1.05575e-036
1095	54800	1.05575e-036
1096	54850	1.05575e-036
1097	54900	1.05575e-036
1098	54950	9.35733e-037
1099	55000	9.35733e-037
1100	55050	9.35733e-037
1101	55100	7.00388e-037
1102	55150	7.00388e-037
1103	55200	5.55766e-037
1104	55250	3.72847e-037
1105	55300	3.64424e-037
1106	55350	3.64424e-037
1107	55400	3.64424e-037
1108	55450	3.64424e-037
1109	55500	3.64424e-037
1110	55550	3.64424e-037
1111	55600	3.64424e-037
1112	55650	3.44712e-037
1113	55700	3.44712e-037
1114	55750	3.44712e-037
1115	55800	3.44712e-037
1116	55850	3.44712e-037
1117	55900	3.44351e-037
1118	55950	7.01114e-038
1119	56000	7.01114e-038
1120	56050	7.01114e-038
1121	56100	6.4601e-038
1122	56150	6.4601e-038
1123	56200	6.4601e-038
1124	56250	6.4601e-038
1125	56300	6.24238e-038
1126	56350	6.20836e-038
1127	56400	5.67821e-038
1128	56450	5.67821e-038
1129	56500	5.67821e-038
1130	56550	5.67821e-038
1131	56600	4.75822e-038
1132	56650	4.47731e-038
1133	56700	4.29699e-038
1134	56750	4.29699e-038
1135	56800	4.19223e-038
1136	56850	4.19223e-038
1137	56900	4.12644e-038
1138	56950	4.12644e-038
1139	57000	4.12644e-038
1140	57050	3.86059e-038
1141	57100	3.09398e-038
1142	57150	2.59725e-038
1143	57200	2.27794e-038
1144	57250	2.27794e-038
1145	57300	2.27794e-038
1146	57350	1.53831e-038
1147	57400	1.43197e-038
1148	57450	1.43197e-038
1149	57500	1.43197e-038
1150	57550	1.24198e-038
1151	57600	1.24198e-038
1152	57650	1.24198e-038
1153	57700	1.24198e-038
1154	57750	9.48093e-039
1155	57800	9.48093e-039
1156	57850	9.48093e-039
1157	57900	9.48093e-039
1158	57950	9.48093e-039
1159	58000	9.27459e-039
1160	58050	2.46058e-039
1161	58100	2.46058e-039
1162	58150	2.31218e-039
1163	58200	1.82425e-039
1164	58250	1.82425e-039
1165	58300	1.82425e-039
1166	58350	1.37736e-039
1167	58400	1.37736e-039
1168	58450	1.37736e-039
1169	58500	1.11803e-039
1170	58550	1.11803e-039
1171	58600	1.11803e-039
1172	58650	7.24222e-040
1173	58700	6.9006e-040
1174	58750	6.9006e-040
1175	58800	6.9006e-040
1176	58850	6.9006e-040
1177	58900	6.67955e-040
1178	58950	6.67955e-040
1179	59000	6.67955e-040
1180	59050	6.67955e-040
1181	59100	4.1863e-040
1182	59150	4.1863e-040
1183	59200	4.1863e-040
1184	59250	4.02042e-040
1185	59300	4.02042e-040
1186	59350	3.04323e-040
1187	59400	2.81824e-040
1188	59450	2.81824e-040
1189	59500	2.81472e-040
1190	59550	2.81472e-040
1191	59600	2.684e-040
1192	59650	2.684e-040
1193	59700	2.25652e-040
1194	59750	2.25652e-040
1195	59800	2.23817e-040
1196	59850	2.10456e-040
1197	59900	2.05294e-040
1198	59950	2.05294e-040
1199	60000	1.07178e-040
1200	60050	1.07178e-040
1201	60100	1.07178e-040
1202	60150	1.07178e-040
1203	60200	1.03089e-040
1204	60250	1.03089e-040
1205	60300	1.03089e-040
1206	60350	1.00765e-040
1207	60400	9.08561e-041
1208	60450	9.08561e-041
1209	60500	9.08561e-041
1210	60550	9.08561e-041
1211	60600	8.88484e-041
1212	60650	8.79513e-041
1213	60700	8.79513e-041
1214	60750	8.79513e-041
1215	60800	8.79513e-041
1216	60850	8.79513e-041
1217	60900	3.22345e-041
1218	60950	3.2137e-041
1219	61000	3.20831e-041
1220	61050	1.55964e-041
1221	61100	1.55964e-041
1222	61150	1.55964e-041
1223	61200	1.5004e-041
1224	61250	5.76105e-042
1225	61300	5.06953e-042
1226	61350	5.06953e-042
1227	61400	4.26509e-042
1228	61450	3.86896e-042
1229	61500	3.75118e-042
1230	61550	3.75118e-042
1231	61600	1.9338e-042
1232	61650	1.9338e-042
1233	61700	1.9338e-042
1234	61750	1.92016e-042
1235	61800	1.90425e-042
1236	61850	1.90425e-042
1237	61900	1.90425e-042
1238	61950	1.90425e-042
1239	62000	1.63708e-042
1240	62050	1.40935e-042
1241	62100	1.40935e-042
1242	62150	1.40935e-042
1243	62200	1.40935e-042
1244	62250	1.08214e-042
1245	62300	1.08214e-042
1246	62350	1.08214e-042
1247	62400	9.40347e-043
1248	62450	9.40347e-043
1249	62500	9.40347e-043
1250	62550	4.00642e-043
1251	62600	4.00642e-043
1252	62650	4.00642e-043
1253	62700	4.00642e-043
1254	62750	4.00642e-043
1255	62800	3.9563e-043
1256	62850	3.9563e-043
1257	62900	2.89577e-043
1258	62950	2.89577e-043
1259	63000	2.85143e-043
1260	63050	2.85143e-043
1261	63100	2.85143e-043
1262	63150	2.68147e-043
1263	63200	2.36794e-043
1264	63250	2.36627e-043
1265	63300	2.32711e-043
1266	63350	2.32711e-043
1267	63400	2.31133e-043
1268	63450	2.00514e-043
1269	63500	1.77934e-043
1270	63550	1.01968e-043
1271	63600	1.01968e-043
1272	63650	1.01968e-043
1273	63700	7.29794e-044
1274	63750	7.29794e-044
1275	63800	6.02374e-044
1276	63850	5.95811e-044
1277	63900	5.64108e-044
1278	63950	5.62423e-044
1279	64000	5.62423e-044
1280	64050	3.50497e-044
1281	64100	2.53038e-044
1282	64150	1.50449e-044
1283	64200	1.50449e-044
1284	64250	1.47351e-044
1285	64300	7.0144e-045
1286	64350	7.0144e-045
1287	64400	5.82392e-045
1288	64450	5.82392e-045
1289	64500	5.82392e-045
1290	64550	4.90296e-045
1291	64600	4.90296e-045
1292	64650	4.90296e-045
1293	64700	3.91942e-045
1294	64750	3.91942e-045
1295	64800	3.91942e-045
1296	64850	3.91942e-045
1297	64900	3.91942e-045
1298	64950	3.91942e-045
1299	65000	2.55756e-045
1300	65050	2.55756e-045
1301	65100	2.55756e-045
1302	65150	2.31998e-045
1303	65200	2.31867e-045
1304	65250	1.67141e-045
1305	65300	9.74178e-046
1306	65350	4.71508e-046
1307	65400	4.36576e-046
1308	65450	4.36576e-046
1309	65500	4.08241e-046
1310	65550	4.08241e-046
1311	65600	4.08241e-046
1312	65650	4.08241e-046
1313	65700	4.08241e-046
1314	65750	4.0347e-046
1315	65800	4.0347e-046
1316	65850	4.0347e-046
1317	65900	4.0347e-046
1318	65950	4.0347e-046
1319	66000	4.01678e-046
1320	66050	4.01678e-046
1321	66100	3.47629e-046
1322	66150	3.46868e-046
1323	66200	3.46868e-046
1324	66250	3.08418e-046
1325	66300	2.73618e-046
1326	66350	2.73618e-046
1327	66400	2.73618e-046
1328	66450	2.73618e-046
1329	66500	2.59585e-046
1330	66550	2.59585e-046
1331	66600	8.72368e-047
1332	66650	8.72368e-047
1333	66700	8.72368e-047
1334	66750	8.44659e-047
1335	66800	8.44659e-047
1336	66850	1.98348e-047
1337	66900	1.98348e-047
1338	66950	1.98348e-047
1339	67000	1.98348e-047
1340	67050	1.98348e-047
1341	67100	1.98348e-047
1342	67150	1.80091e-047
1343	67200	1.80091e-047
1344	67250	1.80091e-047
1345	67300	1.80091e-047
1346	67350	1.39611e-047
1347	67400	1.39611e-047
1348	67450	1.39611e-047
1349	67500	1.39611e-047
1350	67550	1.39611e-047
1351	67600	1.39611e-047
1352	67650	1.39592e-047
1353	67700	1.39592e-047
1354	67750	1.39592e-047
1355	67800	1.39592e-047
1356	67850	4.89498e-048
1357	67900	4.89498e-048
1358	67950	4.83139e-048
1359	68000	4.83139e-048
1360	68050	3.27535e-048
1361	68100	3.24216e-048
1362	68150	3.24216e-048
1363	68200	3.24216e-048
1364	68250	2.89244e-048
1365	68300	2.89244e-048
1366	68350	2.89244e-048
1367	68400	2.89244e-048
1368	68450	2.89244e-048
1369	68500	2.89244e-048
1370	68550	2.59288e-048
1371	68600	2.59288e-048
1372	68650	1.62162e-048
1373	68700	1.62162e-048
1374	68750	1.62162e-048
1375	68800	1.62162e-048
1376	68850	1.0112e-048
1377	68900	1.0112e-048
1378	68950	1.0112e-048
1379	69000	9.15357e-049
1380	69050	9.15357e-049
1381	69100	9.15357e-049
1382	69150	9.15357e-049
1383	69200	4.80059e-049
1384	69250	4.80059e-049
1385	69300	4.80059e-049
1386	69350	4.80059e-049
1387	69400	4.80059e-049
1388	69450	4.80059e-049
1389	69500	4.43814e-049
1390	69550	4.38585e-049
1391	69600	4.38585e-049
1392	69650	4.38585e-049
1393	69700	3.67386e-049
1394	69750	3.65391e-049
1395	69800	3.65391e-049
1396	69850	3.6116e-049
1397	69900	3.6116e-049
1398	69950	3.6116e-049
1399	70000	2.10714e-049
1400	70050	1.9036e-049
1401	70100	1.9036e-049
1402	70150	1.9036e-049
1403	70200	1.9036e-049
1404	70250	1.9036e-049
1405	70300	1.9036e-049
1406	70350	1.9036e-049
1407	70400	1.84089e-049
1408	70450	1.83738e-049
1409	70500	1.83738e-049
1410	70550	1.83738e-049
1411	70600	1.80357e-049
1412	70650	1.80357e-049
1413	70700	1.80357e-049
1414	70750	1.78334e-049
1415	70800	1.78334e-049
1416	70850	1.78334e-049
1417	70900	1.73204e-049
1418	70950	1.73204e-049
1419	71000	1.73204e-049
1420	71050	4.6621e-051
1421	71100	3.95029e-051
1422	71150	3.95029e-051
1423	71200	3.95029e-051
1424	71250	2.53405e-051
1425	71300	2.53405e-051
1426	71350	2.53405e-051
1427	71400	9.48109e-052
1428	71450	9.48109e-052
1429	71500	9.48109e-052
1430	71550	9.48109e-052
1431	71600	9.48109e-052
1432	71650	9.48109e-052
1433	71700	9.48109e-052
1434	71750	6.77441e-052
1435	71800	6.77441e-052
1436	71850	5.58618e-052
1437	71900	5.58618e-052
1438	71950	5.58618e-052
1439	72000	5.58618e-052
1440	72050	5.58618e-052
1441	72100	4.89383e-052
1442	72150	4.89383e-052
1443	72200	4.89383e-052
1444	72250	4.89383e-052
1445	72300	4.89383e-052
1446	72350	4.76729e-052
1447	72400	4.20359e-052
1448	72450	3.42138e-052
1449	72500	3.42138e-052
1450	72550	3.42138e-052
1451	72600	2.45933e-052
1452	72650	2.45933e-052
1453	72700	2.45933e-052
1454	72750	2.45933e-052
1455	72800	2.06578e-052
1456	72850	2.06578e-052
1457	72900	1.83538e-052
1458	72950	1.44493e-052
1459	73000	1.34923e-052
1460	73050	7.57507e-053
1461	73100	7.57507e-053
1462	73150	7.57507e-053
1463	73200	7.57507e-053
1464	73250	7.57507e-053
1465	73300	7.57507e-053
1466	73350	7.57507e-053
1467	73400	7.50613e-053
1468	73450	7.50613e-053
1469	73500	7.50613e-053
1470	73550	7.09544e-053
1471	73600	6.56936e-053
1472	73650	6.56936e-053
1473	73700	6.56936e-053
1474	73750	6.35774e-053
1475	73800	6.35774e-053
1476	73850	3.42536e-053
1477	73900	3.42536e-053
1478	73950	2.41042e-053
1479	74000	9.94691e-054
1480	74050	9.94691e-054
1481	74100	9.94691e-054
1482	74150	9.94691e-054
1483	74200	9.94691e-054
1484	74250	9.94691e-054
1485	74300	9.94691e-054
1486	74350	5.11534e-054
1487	74400	5.11534e-054
1488	74450	5.11534e-054
1489	74500	5.11534e-054
1490	74550	4.7267e-054
1491	74600	4.7267e-054
1492	74650	3.61232e-054
1493	74700	3.2121e-054
1494	74750	3.2121e-054
1495	74800	2.68575e-054
1496	74850	2.68575e-054
1497	74900	2.68575e-054
1498	74950	1.87794e-054
1499	75000	1.87794e-054
1500	75050	1.87794e-054
1501	75100	1.87794e-054
1502	75150	1.70948e-054
1503	75200	1.59117e-054
1504	75250	1.59117e-054
1505	75300	1.22835e-054
1506	75350	1.06747e-054
1507	75400	1.06747e-054
1508	75450	5.26777e-055
1509	75500	4.55857e-055
1510	75550	4.55857e-055
1511	75600	4.5308e-055
1512	75650	4.42969e-055
1513	75700	4.42969e-055
1514	75750	2.63775e-055
1515	75800	2.63775e-055
1516	75850	2.09408e-055
1517	75900	1.81073e-055
1518	75950	1.34249e-055
1519	76000	1.34249e-055
1520	76050	1.34249e-055
1521	76100	1.34249e-055
1522	76150	1.34249e-055
1523	76200	1.27927e-055
1524	76250	1.27927e-055
1525	76300	1.15267e-055
1526	76350	1.15267e-055
1527	76400	1.14224e-055
1528	76450	8.1748e-056
1529	76500	8.1748e-056
1530	76550	7.12659e-056
1531	76600	7.12659e-056
1532	76650	5.28862e-056
1533	76700	5.28862e-056
1534	76750	5.28862e-056
1535	76800	5.05211e-056
1536	76850	4.65548e-056
1537	76900	4.49355e-056
1538	76950	4.49355e-056
1539	77000	3.22735e-056
1540	77050	3.22735e-056
1541	77100	3.22735e-056
1542	77150	3.22046e-056
1543	77200	3.22046e-056
1544	77250	3.22046e-056
1545	77300	2.93723e-056
1546	77350	2.90882e-056
1547	77400	2.90882e-056
1548	77450	2.89195e-056
1549	77500	2.85921e-056
1550	77550	2.85921e-056
1551	77600	2.85921e-056
1552	77650	2.81184e-056
1553	77700	2.16008e-056
1554	77750	2.16008e-056
1555	77800	1.089e-056
1556	77850	1.089e-056
1557	77900	1.089e-056
1558	77950	7.16298e-057
1559	78000	7.16298e-057
1560	78050	3.43352e-057
1561	78100	2.44597e-057
1562	78150	2.44597e-057
1563	78200	2.44597e-057
1564	78250	2.44597e-057
1565	78300	2.44597e-057
1566	78350	1.30609e-057
1567	78400	1.30609e-057
1568	78450	1.20027e-057
1569	78500	1.20027e-057
1570	78550	1.20027e-057
1571	78600	1.11495e-057
1572	78650	1.11495e-057
1573	78700	1.11495e-057
1574	78750	8.08277e-058
1575	78800	8.08277e-058
1576	78850	8.08277e-058
1577	78900	7.08451e-058
1578	78950	1.57482e-058
1579	79000	1.50967e-058
1580	79050	1.3061e-058
1581	79100	1.3061e-058
1582	79150	1.3061e-058
1583	79200	1.3061e-058
1584	79250	1.3061e-058
1585	79300	1.3061e-058
1586	79350	1.30252e-058
1587	79400	1.27407e-058
1588	79450	1.27407e-058
1589	79500	1.27407e-058
1590	79550	1.27407e-058
1591	79600	1.27407e-058
1592	79650	1.13946e-058
1593	79700	1.13946e-058
1594	79750	1.12674e-058
1595	79800	1.12674e-058
1596	79850	1.12674e-058
1597	79900	9.1482e-059
1598	79950	7.58614e-059
1599	80000	6.84145e-059
1600	80050	6.84145e-059
1601	80100	6.84145e-059
1602	80150	6.84145e-059
1603	80200	6.46381e-059
1604	80250	6.18576e-059
1605	80300	6.18576e-059
1606	80350	5.85519e-059
1607	80400	5.85393e-059
1608	80450	5.70821e-059
1609	80500	5.70821e-059
1610	80550	5.70821e-059
1611	80600	5.6833e-059
1612	80650	5.67508e-059
1613	80700	5.67508e-059
1614	80750	5.67508e-059
1615	80800	3.08564e-059
1616	80850	2.12736e-059
1617	80900	2.11751e-059
1618	80950	2.11751e-059
1619	81000	2.0472e-059
1620	81050	7.9485e-060
1621	81100	7.9485e-060
1622	81150	7.83968e-060
1623	81200	7.83968e-060
1624	81250	7.83968e-060
1625	81300	7.00881e-060
1626	81350	7.00881e-060
1627	81400	1.78269e-060
1628	81450	1.78269e-060
1629	81500	1.76331e-060
1630	81550	1.17025e-060
1631	81600	8.77365e-061
1632	81650	8.77365e-061
1633	81700	8.77365e-061
1634	81750	8.35188e-061
1635	81800	8.35188e-061
1636	81850	8.35188e-061
1637	81900	8.35188e-061
1638	81950	8.35188e-061
1639	82000	8.35188e-061
1640	82050	7.63097e-061
1641	82100	7.63097e-061
1642	82150	7.6207e-061
1643	82200	3.23051e-061
1644	82250	3.23051e-061
1645	82300	3.23051e-061
1646	82350	3.23051e-061
1647	82400	3.21952e-061
1648	82450	3.16619e-061
1649	82500	3.16619e-061
1650	82550	3.16619e-061
1651	82600	2.82241e-061
1652	82650	2.73455e-061
1653	82700	2.73455e-061
1654	82750	2.17484e-061
1655	82800	2.17123e-061
1656	82850	1.57556e-061
1657	82900	1.57556e-061
1658	82950	1.48333e-061
1659	83000	1.45572e-061
1660	83050	1.45572e-061
1661	83100	1.45572e-061
1662	83150	1.32213e-061
1663	83200	1.05935e-061
1664	83250	9.83943e-062
1665	83300	6.45636e-062
1666	83350	6.36037e-062
1667	83400	6.36037e-062
1668	83450	6.36037e-062
1669	83500	6.36037e-062
1670	83550	5.61243e-062
1671	83600	5.61243e-062
1672	83650	5.52264e-062
1673	83700	5.05726e-062
1674	83750	4.81601e-062
1675	83800	4.81601e-062
1676	83850	4.81601e-062
1677	83900	4.81601e-062
1678	83950	4.81028e-062
1679	84000	4.81028e-062
1680	84050	4.65923e-062
1681	84100	4.65923e-062
1682	84150	4.65923e-062
1683	84200	4.65923e-062
1684	84250	4.54883e-062
1685	84300	3.1076e-062
1686	84350	3.1076e-062
1687	84400	2.82568e-062
1688	84450	2.82568e-062
1689	84500	2.82568e-062
1690	84550	2.81375e-062
1691	84600	2.81375e-062
1692	84650	2.5942e-062
1693	84700	1.89553e-062
1694	84750	1.89553e-062
1695	84800	1.8937e-062
1696	84850	1.88689e-062
1697	84900	1.88689e-062
1698	84950	5.25933e-063
1699	85000	5.25933e-063
1700	85050	5.07956e-063
1701	85100	5.07956e-063
1702	85150	5.07956e-063
1703	85200	1.75014e-063
1704	85250	1.75014e-063
1705	85300	1.75014e-063
1706	85350	1.43393e-063
1707	85400	1.43393e-063
1708	85450	1.243e-063
1709	85500	3.3486e-064
1710	85550	3.3486e-064
1711	85600	3.3486e-064
1712	85650	3.3486e-064
1713	85700	3.3486e-064
1714	85750	1.8723e-064
1715	85800	1.8723e-064
1716	85850	1.8723e-064
1717	85900	1.8723e-064
1718	85950	1.7803e-064
1719	86000	1.7803e-064
1720	86050	1.7803e-064
1721	86100	1.7803e-064
1722	86150	1.7803e-064
1723	86200	1.7803e-064
1724	86250	1.7803e-064
1725	86300	1.56072e-064
1726	86350	1.56072e-064
1727	86400	1.56072e-064
1728	86450	1.56072e-064
1729	86500	1.53546e-064
1730	86550	1.49001e-064
1731	86600	1.49001e-064
1732	86650	9.4782e-065
1733	86700	8.77362e-065
1734	86750	8.77362e-065
1735	86800	7.41821e-065
1736	86850	7.26886e-065
1737	86900	6.84932e-065
1738	86950	6.84932e-065
1739	87000	5.70932e-065
1740	87050	5.46086e-065
1741	87100	5.46086e-065
1742	87150	5.4184e-065
1743	87200	1.0167e-065
1744	87250	9.7392e-066
1745	87300	9.7392e-066
1746	87350	9.55776e-066
1747	87400	8.35597e-066
1748	87450	7.80453e-066
1749	87500	7.80453e-066
1750	87550	7.80453e-066
1751	87600	2.85907e-066
1752	87650	2.53687e-066
1753	87700	2.39173e-066
1754	87750	2.39173e-066
1755	87800	2.39173e-066
1756	87850	1.46973e-066
1757	87900	1.46973e-066
1758	87950	1.46973e-066
1759	88000	1.46973e-066
1760	88050	1.46973e-066
1761	88100	8.71351e-067
1762	88150	8.71351e-067
1763	88200	8.71351e-067
1764	88250	8.71351e-067
1765	88300	8.71351e-067
1766	88350	8.22336e-067
1767	88400	8.22336e-067
1768	88450	8.22336e-067
1769	88500	8.22336e-067
1770	88550	5.52067e-067
1771	88600	5.52067e-067
1772	88650	5.5011e-067
1773	88700	4.86193e-067
1774	88750	4.86193e-067
1775	88800	4.86193e-067
1776	88850	4.86193e-067
1777	88900	4.20553e-067
1778	88950	2.79038e-067
1779	89000	2.79038e-067
1780	89050	2.79038e-067
1781	89100	2.79038e-067
1782	89150	2.31403e-067
1783	89200	1.81999e-067
1784	89250	1.81999e-067
1785	89300	1.81999e-067
1786	89350	1.71516e-067
1787	89400	1.71516e-067
1788	89450	1.47554e-067
1789	89500	1.47554e-067
1790	89550	1.47554e-067
1791	89600	1.47204e-067
1792	89650	1.40402e-067
1793	89700	1.39288e-067
1794	89750	1.34971e-067
1795	89800	1.34971e-067
1796	89850	1.34971e-067
1797	89900	1.34971e-067
1798	89950	1.3243e-067
1799	90000	1.31757e-067
1800	90050	1.31598e-067
1801	90100	2.87567e-068
1802	90150	2.87567e-068
1803	90200	2.87567e-068
1804	90250	2.73389e-068
1805	90300	2.73389e-068
1806	90350	2.73389e-068
1807	90400	2.73389e-068
1808	90450	2.73389e-068
1809	90500	2.73389e-068
1810	90550	2.73389e-068
1811	90600	2.07894e-068
1812	90650	1.43675e-068
1813	90700	1.43675e-068
1814	90750	1.1907e-068
1815	90800	1.11786e-068
1816	90850	1.11786e-068
1817	90900	1.01923e-068
1818	90950	1.01923e-068
1819	91000	1.01923e-068
1820	91050	1.01923e-068
1821	91100	1.01923e-068
1822	91150	1.01923e-068
1823	91200	1.01923e-068
1824	91250	9.55334e-069
1825	91300	9.55334e-069
1826	91350	9.08706e-069
1827	91400	9.08706e-069
1828	91450	9.08706e-069
1829	91500	8.99821e-069
1830	91550	8.99821e-069
1831	91600	8.99821e-069
1832	91650	8.99821e-069
1833	91700	3.74279e-069
1834	91750	2.42863e-069
1835	91800	2.42863e-069
1836	91850	2.2282e-069
1837	91900	2.2282e-069
1838	91950	2.19515e-069
1839	92000	2.15535e-069
1840	92050	2.15535e-069
1841	92100	2.15535e-069
1842	92150	2.15535e-069
1843	92200	2.15364e-069
1844	92250	2.15364e-069
1845	92300	2.15364e-069
1846	92350	2.15364e-069
1847	92400	2.15364e-069
1848	92450	2.08421e-069
1849	92500	2.08421e-069
1850	92550	2.08421e-069
1851	92600	2.08421e-069
1852	92650	2.08409e-069
1853	92700	6.78286e-070
1854	92750	2.33184e-070
1855	92800	2.33184e-070
1856	92850	1.55097e-070
1857	92900	1.55097e-070
1858	92950	1.36416e-070
1859	93000	1.09936e-070
1860	93050	1.0408e-070
1861	93100	1.0408e-070
1862	93150	8.33616e-071
1863	93200	8.33616e-071
1864	93250	8.33616e-071
1865	93300	8.33616e-071
1866	93350	7.22312e-071
1867	93400	7.22312e-071
1868	93450	6.65989e-071
1869	93500	6.65989e-071
1870	93550	6.65989e-071
1871	93600	4.48572e-071
1872	93650	4.48572e-071
1873	93700	4.36498e-071
1874	93750	4.36498e-071
1875	93800	4.36498e-071
1876	93850	2.0714e-071
1877	93900	1.44422e-071
1878	93950	1.44422e-071
1879	94000	1.10328e-071
1880	94050	8.7897e-072
1881	94100	7.23709e-072
1882	94150	7.23709e-072
1883	94200	7.23709e-072
1884	94250	7.23709e-072
1885	94300	5.91119e-072
1886	94350	5.91119e-072
1887	94400	5.91119e-072
1888	94450	5.91119e-072
1889	94500	5.91119e-072
1890	94550	2.97512e-072
1891	94600	2.97512e-072
1892	94650	2.89318e-072
1893	94700	1.3375e-072
1894	94750	1.3375e-072
1895	94800	1.25239e-072
1896	94850	1.14553e-072
1897	94900	1.14553e-072
1898	94950	9.891e-073
1899	95000	7.28148e-073
1900	95050	7.28148e-073
1901	95100	6.66665e-073
1902	95150	6.66665e-073
1903	95200	3.79037e-073
1904	95250	3.22097e-073
1905	95300	2.42939e-073
1906	95350	1.85278e-073
1907	95400	1.57339e-073
1908	95450	1.57339e-073
1909	95500	1.57339e-073
1910	95550	1.57142e-073
1911	95600	1.57142e-073
1912	95650	1.57142e-073
1913	95700	1.37543e-073
1914	95750	1.37543e-073
1915	95800	1.37543e-073
1916	95850	1.37543e-073
1917	95900	1.0373e-073
1918	95950	4.23461e-074
1919	96000	4.23461e-074
1920	96050	4.19183e-074
1921	96100	4.19183e-074
1922	96150	4.19183e-074
1923	96200	4.19183e-074
1924	96250	4.02551e-074
1925	96300	4.02551e-074
1926	96350	3.60514e-074
1927	96400	3.56776e-074
1928	96450	3.51831e-074
1929	96500	3.51831e-074
1930	96550	3.51094e-074
1931	96600	3.51094e-074
1932	96650	3.51094e-074
1933	96700	2.87918e-074
1934	96750	2.75751e-074
1935	96800	2.75751e-074
1936	96850	2.75751e-074
1937	96900	2.73827e-074
1938	96950	2.73827e-074
1939	97000	2.71037e-074
1940	97050	2.6875e-074
1941	97100	2.14382e-074
1942	97150	2.14382e-074
1943	97200	2.14382e-074
1944	97250	2.14382e-074
1945	97300	2.07728e-074
1946	97350	1.99631e-074
1947	97400	1.99631e-074
1948	97450	1.99631e-074
1949	97500	1.99631e-074
1950	97550	1.97643e-074
1951	97600	1.97643e-074
1952	97650	1.95148e-074
1953	97700	1.95148e-074
1954	97750	1.94313e-074
1955	97800	1.18124e-074
1956	97850	1.18124e-074
1957	97900	1.18124e-074
1958	97950	1.18124e-074
1959	98000	1.18124e-074
1960	98050	1.18124e-074
1961	98100	4.42735e-075
1962	98150	4.31345e-075
1963	98200	4.31345e-075
1964	98250	4.31345e-075
1965	98300	4.31345e-075
1966	98350	4.31345e-075
1967	98400	1.2688e-075
1968	98450	1.2688e-075
1969	98500	1.19541e-075
1970	98550	8.15505e-076
1971	98600	6.59539e-076
1972	98650	6.49118e-076
1973	98700	6.00936e-076
1974	98750	6.00936e-076
1975	98800	5.92847e-076
1976	98850	5.92847e-076
1977	98900	5.79949e-076
1978	98950	5.79949e-076
1979	99000	5.79949e-076
1980	99050	4.38959e-076
1981	99100	3.12144e-076
1982	99150	3.06972e-076
1983	99200	3.04655e-076
1984	99250	3.04655e-076
1985	99300	3.04655e-076
1986	99350	3.04655e-076
1987	99400	3.04655e-076
1988	99450	3.04655e-076
1989	99500	2.11377e-076
1990	99550	2.11377e-076
1991	99600	1.96499e-076
1992	99650	1.84297e-076
1993	99700	1.84297e-076
1994	99750	1.84297e-076
1995	99800	1.84297e-076
1996	99850	1.84297e-076
1997	99900	1.01334e-076
1998	99950	8.69129e-077
1999	100000	8.15306e-077
2000	100050	8.15306e-077
