1	100	0
2	150	1031.63
3	200	819.641
4	250	819.641
5	300	716.869
6	350	620.87
7	400	620.87
8	450	593.353
9	500	593.353
10	550	593.353
11	600	593.353
12	650	584.158
13	700	584.158
14	750	584.158
15	800	584.038
16	850	584.038
17	900	581.028
18	950	540.573
19	1000	540.573
20	1050	540.573
21	1100	440.566
22	1150	440.566
23	1200	425.641
24	1250	425.641
25	1300	425.641
26	1350	315.444
27	1400	315.444
28	1450	315.444
29	1500	217.077
30	1550	217.077
31	1600	217.077
32	1650	174.346
33	1700	174.346
34	1750	174.346
35	1800	173.997
36	1850	173.997
37	1900	172.86
38	1950	172.86
39	2000	172.86
40	2050	172.86
41	2100	172.86
42	2150	172.86
43	2200	172.86
44	2250	172.86
45	2300	95.3784
46	2350	91.621
47	2400	91.621
48	2450	21.9728
49	2500	21.9728
50	2550	21.9728
51	2600	21.9728
52	2650	10.414
53	2700	10.414
54	2750	10.414
55	2800	10.414
56	2850	10.414
57	2900	10.414
58	2950	7.98219
59	3000	7.75349
60	3050	7.52021
61	3100	7.52021
62	3150	7.52021
63	3200	7.52021
64	3250	7.52021
65	3300	7.52021
66	3350	7.52021
67	3400	6.94085
68	3450	6.94085
69	3500	5.31508
70	3550	5.31508
71	3600	5.31508
72	3650	5.20666
73	3700	5.20384
74	3750	5.20384
75	3800	5.20384
76	3850	5.20384
77	3900	5.20384
78	3950	5.20384
79	4000	5.20384
80	4050	5.20384
81	4100	5.20384
82	4150	5.20384
83	4200	5.20384
84	4250	5.1934
85	4300	5.11792
86	4350	4.19996
87	4400	4.02831
88	4450	4.02831
89	4500	1.23606
90	4550	1.23606
91	4600	1.23606
92	4650	1.23606
93	4700	1.11482
94	4750	1.11482
95	4800	1.01401
96	4850	1.01401
97	4900	1.01401
98	4950	0.783399
99	5000	0.783399
100	5050	0.783399
101	5100	0.783399
102	5150	0.783399
103	5200	0.783399
104	5250	0.770579
105	5300	0.601168
106	5350	0.601168
107	5400	0.601168
108	5450	0.601168
109	5500	0.601168
110	5550	0.548536
111	5600	0.548536
112	5650	0.548536
113	5700	0.548536
114	5750	0.423437
115	5800	0.423437
116	5850	0.423437
117	5900	0.40721
118	5950	0.40721
119	6000	0.40721
120	6050	0.40721
121	6100	0.40721
122	6150	0.277052
123	6200	0.273073
124	6250	0.273073
125	6300	0.273073
126	6350	0.27015
127	6400	0.176684
128	6450	0.176684
129	6500	0.176684
130	6550	0.176684
131	6600	0.100922
132	6650	0.0952882
133	6700	0.0952882
134	6750	0.0952882
135	6800	0.0952882
136	6850	0.0469659
137	6900	0.0469659
138	6950	0.0466125
139	7000	0.0466125
140	7050	0.0463535
141	7100	0.0463535
142	7150	0.0461596
143	7200	0.0461596
144	7250	0.0461596
145	7300	0.0368148
146	7350	0.0368148
147	7400	0.0207878
148	7450	0.0207878
149	7500	0.0207878
150	7550	0.0207878
151	7600	0.0207878
152	7650	0.0207878
153	7700	0.0202527
154	7750	0.0202527
155	7800	0.0116842
156	7850	0.0116842
157	7900	0.0116842
158	7950	0.0116842
159	8000	0.0116842
160	8050	0.0116842
161	8100	0.0116842
162	8150	0.0116842
163	8200	0.0116842
164	8250	0.0116842
165	8300	0.0116842
166	8350	0.0116842
167	8400	0.0110528
168	8450	0.0104839
169	8500	0.00634118
170	8550	0.00634118
171	8600	0.00634118
172	8650	0.0059446
173	8700	0.00541919
174	8750	0.00541919
175	8800	0.00541919
176	8850	0.00514389
177	8900	0.00446815
178	8950	0.00446815
179	9000	0.00446815
180	9050	0.00356209
181	9100	0.00356209
182	9150	0.00307091
183	9200	0.00307091
184	9250	0.00301741
185	9300	0.002076
186	9350	0.002076
187	9400	0.002076
188	9450	0.00171688
189	9500	0.00141341
190	9550	0.00141341
191	9600	0.00140009
192	9650	0.00140009
193	9700	0.00102917
194	9750	0.000689036
195	9800	0.000689036
196	9850	0.000689036
197	9900	0.000689036
198	9950	0.000689036
199	10000	0.000339773
200	10050	0.000339773
201	10100	0.000339773
202	10150	0.000339773
203	10200	0.000339773
204	10250	0.000334179
205	10300	0.00030863
206	10350	0.00030863
207	10400	0.00030863
208	10450	0.00030863
209	10500	0.000244956
210	10550	0.000244956
211	10600	0.000244956
212	10650	0.000244956
213	10700	0.000244956
214	10750	0.000244956
215	10800	0.00024309
216	10850	0.000220686
217	10900	0.000220686
218	10950	0.000220686
219	11000	0.000216585
220	11050	0.000183474
221	11100	0.000183474
222	11150	0.000183474
223	11200	9.9143e-005
224	11250	8.99989e-005
225	11300	8.99989e-005
226	11350	8.99989e-005
227	11400	7.40128e-005
228	11450	7.40128e-005
229	11500	7.40128e-005
230	11550	5.90762e-005
231	11600	5.55669e-005
232	11650	5.55669e-005
233	11700	5.55669e-005
234	11750	5.44637e-005
235	11800	4.46472e-005
236	11850	3.29611e-005
237	11900	3.29611e-005
238	11950	3.29611e-005
239	12000	3.29611e-005
240	12050	3.29611e-005
241	12100	2.31243e-005
242	12150	2.31243e-005
243	12200	2.19613e-005
244	12250	2.02032e-005
245	12300	2.02032e-005
246	12350	2.02032e-005
247	12400	2.02032e-005
248	12450	2.02032e-005
249	12500	2.02032e-005
250	12550	2.02032e-005
251	12600	2.02032e-005
252	12650	1.72727e-005
253	12700	1.72727e-005
254	12750	1.72727e-005
255	12800	1.72727e-005
256	12850	1.62399e-005
257	12900	1.62399e-005
258	12950	9.17518e-006
259	13000	9.17518e-006
260	13050	9.17518e-006
261	13100	9.17518e-006
262	13150	8.27439e-006
263	13200	8.27439e-006
264	13250	6.19222e-006
265	13300	6.19222e-006
266	13350	5.69087e-006
267	13400	5.58208e-006
268	13450	5.58208e-006
269	13500	5.58208e-006
270	13550	4.32196e-006
271	13600	4.32196e-006
272	13650	4.32196e-006
273	13700	4.32196e-006
274	13750	4.30547e-006
275	13800	4.30547e-006
276	13850	4.30547e-006
277	13900	4.30547e-006
278	13950	4.30547e-006
279	14000	4.30547e-006
280	14050	3.06811e-006
281	14100	2.46527e-006
282	14150	2.46527e-006
283	14200	2.46527e-006
284	14250	1.73556e-006
285	14300	1.73556e-006
286	14350	1.73556e-006
287	14400	1.73556e-006
288	14450	1.61987e-006
289	14500	1.14868e-006
290	14550	6.0779e-007
291	14600	6.0779e-007
292	14650	6.0779e-007
293	14700	6.0779e-007
294	14750	6.0779e-007
295	14800	5.40244e-007
296	14850	1.4474e-007
297	14900	1.4474e-007
298	14950	1.4474e-007
299	15000	1.4474e-007
300	15050	1.4474e-007
301	15100	1.4474e-007
302	15150	1.38761e-007
303	15200	1.15666e-007
304	15250	1.15666e-007
305	15300	1.15666e-007
306	15350	1.07653e-007
307	15400	1.07653e-007
308	15450	1.07653e-007
309	15500	9.90963e-008
310	15550	9.90963e-008
311	15600	9.90963e-008
312	15650	9.60246e-008
313	15700	9.60246e-008
314	15750	7.92418e-008
315	15800	7.92418e-008
316	15850	7.90038e-008
317	15900	7.90038e-008
318	15950	7.90038e-008
319	16000	7.90038e-008
320	16050	7.90038e-008
321	16100	7.87526e-008
322	16150	7.87526e-008
323	16200	7.87526e-008
324	16250	7.87526e-008
325	16300	7.87526e-008
326	16350	4.05554e-008
327	16400	4.05554e-008
328	16450	3.27985e-008
329	16500	3.27985e-008
330	16550	3.27985e-008
331	16600	3.27985e-008
332	16650	2.86461e-008
333	16700	2.57969e-008
334	16750	2.57969e-008
335	16800	2.57969e-008
336	16850	1.34677e-008
337	16900	1.34104e-008
338	16950	1.34104e-008
339	17000	1.34104e-008
340	17050	1.34104e-008
341	17100	1.08584e-008
342	17150	1.08584e-008
343	17200	1.08584e-008
344	17250	9.53116e-009
345	17300	9.53116e-009
346	17350	7.55697e-009
347	17400	7.55697e-009
348	17450	7.55697e-009
349	17500	6.66485e-009
350	17550	6.66485e-009
351	17600	3.76145e-009
352	17650	3.76145e-009
353	17700	3.74174e-009
354	17750	3.74174e-009
355	17800	2.85283e-009
356	17850	2.85283e-009
357	17900	2.64656e-009
358	17950	2.59067e-009
359	18000	2.59067e-009
360	18050	1.73503e-009
361	18100	1.73503e-009
362	18150	1.73503e-009
363	18200	1.30034e-009
364	18250	1.30034e-009
365	18300	1.30034e-009
366	18350	1.30034e-009
367	18400	1.30034e-009
368	18450	1.30034e-009
369	18500	5.78299e-010
370	18550	5.78299e-010
371	18600	5.78299e-010
372	18650	5.69009e-010
373	18700	5.69009e-010
374	18750	5.24237e-010
375	18800	5.24237e-010
376	18850	5.24237e-010
377	18900	5.24237e-010
378	18950	5.06426e-010
379	19000	4.40798e-010
380	19050	4.21636e-010
381	19100	4.21636e-010
382	19150	4.21636e-010
383	19200	4.21636e-010
384	19250	4.21636e-010
385	19300	4.21636e-010
386	19350	4.21636e-010
387	19400	3.61597e-010
388	19450	3.61597e-010
389	19500	3.61597e-010
390	19550	3.61597e-010
391	19600	3.31422e-010
392	19650	2.01356e-010
393	19700	2.01356e-010
394	19750	2.01356e-010
395	19800	2.01356e-010
396	19850	2.01356e-010
397	19900	2.01356e-010
398	19950	2.01356e-010
399	20000	2.01356e-010
400	20050	2.01356e-010
401	20100	2.01356e-010
402	20150	2.01356e-010
403	20200	2.01356e-010
404	20250	2.01356e-010
405	20300	1.8057e-010
406	20350	1.77645e-010
407	20400	1.77645e-010
408	20450	1.77645e-010
409	20500	1.77645e-010
410	20550	7.98613e-011
411	20600	7.98613e-011
412	20650	7.51173e-011
413	20700	7.51173e-011
414	20750	7.44835e-011
415	20800	5.62988e-011
416	20850	5.59134e-011
417	20900	2.54052e-011
418	20950	2.54052e-011
419	21000	1.35606e-011
420	21050	1.33789e-011
421	21100	1.33789e-011
422	21150	1.33789e-011
423	21200	1.33789e-011
424	21250	1.33789e-011
425	21300	9.77629e-012
426	21350	8.53551e-012
427	21400	8.53551e-012
428	21450	8.53551e-012
429	21500	8.53551e-012
430	21550	8.53551e-012
431	21600	8.53551e-012
432	21650	8.53551e-012
433	21700	7.20339e-012
434	21750	7.20339e-012
435	21800	7.20339e-012
436	21850	7.20339e-012
437	21900	5.34027e-012
438	21950	5.34027e-012
439	22000	5.34027e-012
440	22050	5.02268e-012
441	22100	4.36828e-012
442	22150	4.23656e-012
443	22200	4.23656e-012
444	22250	3.43935e-012
445	22300	3.43935e-012
446	22350	2.99064e-012
447	22400	2.23733e-012
448	22450	2.23733e-012
449	22500	2.23733e-012
450	22550	2.23733e-012
451	22600	1.90384e-012
452	22650	1.90384e-012
453	22700	1.90384e-012
454	22750	1.71037e-012
455	22800	1.60819e-012
456	22850	7.05726e-013
457	22900	6.77071e-013
458	22950	6.77071e-013
459	23000	6.77071e-013
460	23050	4.30475e-013
461	23100	4.30475e-013
462	23150	3.77078e-013
463	23200	3.77078e-013
464	23250	3.77078e-013
465	23300	3.15562e-013
466	23350	2.44566e-013
467	23400	2.44566e-013
468	23450	2.44566e-013
469	23500	2.44566e-013
470	23550	2.44566e-013
471	23600	2.44566e-013
472	23650	2.44566e-013
473	23700	2.44566e-013
474	23750	2.24371e-013
475	23800	2.19517e-013
476	23850	1.93903e-013
477	23900	1.93903e-013
478	23950	1.93903e-013
479	24000	1.58987e-013
480	24050	1.58987e-013
481	24100	1.58987e-013
482	24150	1.58987e-013
483	24200	1.23307e-013
484	24250	1.23307e-013
485	24300	9.53213e-014
486	24350	9.53213e-014
487	24400	9.53213e-014
488	24450	6.99015e-014
489	24500	6.99015e-014
490	24550	6.53177e-014
491	24600	4.47362e-014
492	24650	4.47362e-014
493	24700	3.27308e-014
494	24750	2.56467e-014
495	24800	2.56467e-014
496	24850	2.56467e-014
497	24900	2.56467e-014
498	24950	1.45397e-014
499	25000	1.45397e-014
500	25050	1.45397e-014
501	25100	1.16835e-014
502	25150	1.16835e-014
503	25200	1.16835e-014
504	25250	1.16835e-014
505	25300	1.16835e-014
506	25350	1.06974e-014
507	25400	9.51224e-015
508	25450	9.50439e-015
509	25500	9.50439e-015
510	25550	9.10764e-015
511	25600	7.32592e-015
512	25650	4.43172e-015
513	25700	4.43172e-015
514	25750	4.43172e-015
515	25800	4.18072e-015
516	25850	4.18072e-015
517	25900	4.18072e-015
518	25950	4.18072e-015
519	26000	4.18072e-015
520	26050	3.72274e-015
521	26100	3.72274e-015
522	26150	3.29824e-015
523	26200	3.29824e-015
524	26250	3.29824e-015
525	26300	2.69535e-015
526	26350	2.63129e-015
527	26400	2.63129e-015
528	26450	2.40097e-015
529	26500	2.40097e-015
530	26550	2.29327e-015
531	26600	2.29327e-015
532	26650	2.25969e-015
533	26700	2.25969e-015
534	26750	2.25969e-015
535	26800	2.2448e-015
536	26850	2.14317e-015
537	26900	2.02141e-015
538	26950	2.02141e-015
539	27000	1.53113e-015
540	27050	1.23097e-015
541	27100	1.12411e-015
542	27150	6.91934e-016
543	27200	6.91934e-016
544	27250	6.91934e-016
545	27300	6.91934e-016
546	27350	6.91934e-016
547	27400	6.91934e-016
548	27450	5.45716e-016
549	27500	3.2732e-016
550	27550	3.2732e-016
551	27600	2.00476e-016
552	27650	2.00476e-016
553	27700	2.00476e-016
554	27750	2.00476e-016
555	27800	2.00476e-016
556	27850	1.62409e-016
557	27900	1.62409e-016
558	27950	1.62409e-016
559	28000	1.62409e-016
560	28050	1.62409e-016
561	28100	1.62409e-016
562	28150	1.62409e-016
563	28200	1.62409e-016
564	28250	1.45562e-016
565	28300	1.45562e-016
566	28350	1.18647e-016
567	28400	1.18647e-016
568	28450	1.18647e-016
569	28500	1.18635e-016
570	28550	1.18635e-016
571	28600	1.17344e-016
572	28650	1.17344e-016
573	28700	1.17344e-016
574	28750	1.17344e-016
575	28800	1.17344e-016
576	28850	8.29701e-017
577	28900	8.29701e-017
578	28950	8.29701e-017
579	29000	8.29701e-017
580	29050	8.29701e-017
581	29100	8.29701e-017
582	29150	3.48518e-017
583	29200	3.48111e-017
584	29250	3.48111e-017
585	29300	3.3881e-017
586	29350	3.0129e-017
587	29400	3.0129e-017
588	29450	1.6966e-017
589	29500	1.55907e-017
590	29550	1.55907e-017
591	29600	1.55518e-017
592	29650	1.53307e-017
593	29700	1.53307e-017
594	29750	1.50955e-017
595	29800	1.37743e-017
596	29850	1.37743e-017
597	29900	1.23923e-017
598	29950	1.23923e-017
599	30000	1.23923e-017
600	30050	7.61579e-018
601	30100	7.61579e-018
602	30150	7.61579e-018
603	30200	7.61579e-018
604	30250	2.47791e-018
605	30300	2.47791e-018
606	30350	2.47791e-018
607	30400	2.47791e-018
608	30450	2.47791e-018
609	30500	2.47791e-018
610	30550	2.47791e-018
611	30600	2.47791e-018
612	30650	2.28137e-018
613	30700	2.28137e-018
614	30750	2.28137e-018
615	30800	2.28137e-018
616	30850	1.62068e-018
617	30900	1.32039e-018
618	30950	1.32039e-018
619	31000	1.32039e-018
620	31050	5.39362e-019
621	31100	4.50234e-019
622	31150	4.50234e-019
623	31200	4.03418e-019
624	31250	4.03418e-019
625	31300	4.03418e-019
626	31350	4.03418e-019
627	31400	2.49052e-019
628	31450	2.26673e-019
629	31500	2.26673e-019
630	31550	2.26673e-019
631	31600	2.26673e-019
632	31650	2.26673e-019
633	31700	2.26673e-019
634	31750	2.26673e-019
635	31800	1.30536e-019
636	31850	1.30536e-019
637	31900	1.14378e-019
638	31950	1.03297e-019
639	32000	1.03297e-019
640	32050	1.03297e-019
641	32100	1.03297e-019
642	32150	1.03297e-019
643	32200	1.03297e-019
644	32250	1.03297e-019
645	32300	1.03297e-019
646	32350	1.03297e-019
647	32400	1.03297e-019
648	32450	1.03297e-019
649	32500	7.09777e-020
650	32550	7.09777e-020
651	32600	7.09777e-020
652	32650	6.9613e-020
653	32700	5.74303e-020
654	32750	5.74303e-020
655	32800	5.74303e-020
656	32850	5.74303e-020
657	32900	5.74303e-020
658	32950	5.74303e-020
659	33000	5.74303e-020
660	33050	2.02367e-020
661	33100	1.58779e-020
662	33150	1.58779e-020
663	33200	1.58779e-020
664	33250	1.58779e-020
665	33300	1.58779e-020
666	33350	6.05233e-021
667	33400	4.92461e-021
668	33450	4.92461e-021
669	33500	4.92461e-021
670	33550	4.92461e-021
671	33600	4.92461e-021
672	33650	4.92461e-021
673	33700	4.92461e-021
674	33750	4.92461e-021
675	33800	4.92461e-021
676	33850	4.92461e-021
677	33900	4.92461e-021
678	33950	2.98823e-021
679	34000	2.98823e-021
680	34050	2.98823e-021
681	34100	2.98823e-021
682	34150	2.98823e-021
683	34200	2.98823e-021
684	34250	2.98823e-021
685	34300	2.83067e-021
686	34350	2.83067e-021
687	34400	2.83067e-021
688	34450	2.83067e-021
689	34500	2.83067e-021
690	34550	2.83067e-021
691	34600	2.57957e-021
692	34650	2.57957e-021
693	34700	2.57957e-021
694	34750	1.44157e-021
695	34800	1.44157e-021
696	34850	1.44157e-021
697	34900	1.44157e-021
698	34950	1.44157e-021
699	35000	1.44157e-021
700	35050	1.44157e-021
701	35100	1.28887e-021
702	35150	1.28887e-021
703	35200	1.28887e-021
704	35250	1.28887e-021
705	35300	1.28887e-021
706	35350	1.28887e-021
707	35400	9.9199e-022
708	35450	9.9199e-022
709	35500	9.9186e-022
710	35550	9.9186e-022
711	35600	9.01718e-022
712	35650	8.74162e-022
713	35700	8.74162e-022
714	35750	8.74162e-022
715	35800	8.74162e-022
716	35850	8.68565e-022
717	35900	7.92505e-022
718	35950	7.60777e-022
719	36000	4.46586e-022
720	36050	4.46586e-022
721	36100	3.49334e-022
722	36150	3.49334e-022
723	36200	3.49334e-022
724	36250	3.42216e-022
725	36300	3.24411e-022
726	36350	3.18325e-022
727	36400	1.52519e-022
728	36450	1.52519e-022
729	36500	1.52519e-022
730	36550	1.52519e-022
731	36600	1.52519e-022
732	36650	3.93338e-023
733	36700	3.93338e-023
734	36750	3.93338e-023
735	36800	3.93338e-023
736	36850	3.93338e-023
737	36900	3.76145e-023
738	36950	3.00482e-023
739	37000	3.00482e-023
740	37050	3.00482e-023
741	37100	3.00482e-023
742	37150	3.00482e-023
743	37200	3.00482e-023
744	37250	3.00482e-023
745	37300	3.00482e-023
746	37350	3.00482e-023
747	37400	2.98716e-023
748	37450	2.9e-023
749	37500	2.9e-023
750	37550	2.9e-023
751	37600	2.9e-023
752	37650	2.9e-023
753	37700	2.9e-023
754	37750	2.9e-023
755	37800	2.9e-023
756	37850	2.27063e-023
757	37900	2.27063e-023
758	37950	1.89935e-023
759	38000	1.77751e-023
760	38050	1.76941e-023
761	38100	8.87739e-024
762	38150	8.75741e-024
763	38200	8.75741e-024
764	38250	8.75741e-024
765	38300	8.75741e-024
766	38350	7.66038e-024
767	38400	7.66038e-024
768	38450	6.06822e-024
769	38500	6.06822e-024
770	38550	6.06822e-024
771	38600	5.71247e-024
772	38650	5.71247e-024
773	38700	4.22109e-024
774	38750	4.02259e-024
775	38800	4.02259e-024
776	38850	3.76655e-024
777	38900	3.76307e-024
778	38950	3.69887e-024
779	39000	3.69887e-024
780	39050	3.6491e-024
781	39100	3.0985e-024
782	39150	3.0985e-024
783	39200	3.08192e-024
784	39250	3.08192e-024
785	39300	2.38119e-024
786	39350	1.24586e-024
787	39400	1.24586e-024
788	39450	1.07117e-024
789	39500	1.07117e-024
790	39550	7.60423e-025
791	39600	6.86002e-025
792	39650	5.39616e-025
793	39700	5.39616e-025
794	39750	5.39616e-025
795	39800	5.39616e-025
796	39850	5.39616e-025
797	39900	5.05221e-025
798	39950	5.05221e-025
799	40000	5.02104e-025
800	40050	5.02104e-025
801	40100	2.61907e-025
802	40150	1.27589e-025
803	40200	8.53992e-026
804	40250	8.53992e-026
805	40300	8.10001e-026
806	40350	8.10001e-026
807	40400	8.10001e-026
808	40450	8.10001e-026
809	40500	8.10001e-026
810	40550	8.10001e-026
811	40600	8.10001e-026
812	40650	8.10001e-026
813	40700	8.10001e-026
814	40750	8.10001e-026
815	40800	7.02483e-026
816	40850	7.02483e-026
817	40900	7.02483e-026
818	40950	5.99009e-026
819	41000	5.99009e-026
820	41050	5.60028e-026
821	41100	5.60028e-026
822	41150	5.21154e-026
823	41200	2.19042e-026
824	41250	2.19042e-026
825	41300	2.19042e-026
826	41350	1.67128e-026
827	41400	1.67128e-026
828	41450	3.43962e-027
829	41500	3.43962e-027
830	41550	3.43962e-027
831	41600	3.43962e-027
832	41650	3.43962e-027
833	41700	3.43962e-027
834	41750	3.43962e-027
835	41800	3.43962e-027
836	41850	2.81791e-027
837	41900	2.81791e-027
838	41950	2.52986e-027
839	42000	2.52986e-027
840	42050	2.52986e-027
841	42100	2.52986e-027
842	42150	2.52986e-027
843	42200	2.52986e-027
844	42250	2.12068e-027
845	42300	2.12068e-027
846	42350	2.12068e-027
847	42400	2.12068e-027
848	42450	2.12068e-027
849	42500	1.65127e-027
850	42550	1.65127e-027
851	42600	1.65127e-027
852	42650	1.65127e-027
853	42700	1.65127e-027
854	42750	1.65127e-027
855	42800	8.29339e-028
856	42850	8.29339e-028
857	42900	8.29339e-028
858	42950	8.29339e-028
859	43000	8.15245e-028
860	43050	8.15245e-028
861	43100	8.15245e-028
862	43150	8.15245e-028
863	43200	6.52927e-028
864	43250	6.52927e-028
865	43300	6.52927e-028
866	43350	6.52927e-028
867	43400	6.4286e-028
868	43450	4.64856e-028
869	43500	4.64856e-028
870	43550	4.11453e-028
871	43600	4.11453e-028
872	43650	4.08531e-028
873	43700	4.02877e-028
874	43750	4.02877e-028
875	43800	2.85425e-028
876	43850	2.85425e-028
877	43900	2.85425e-028
878	43950	2.85425e-028
879	44000	2.18097e-028
880	44050	2.18097e-028
881	44100	2.18097e-028
882	44150	1.39629e-028
883	44200	1.14149e-028
884	44250	1.14149e-028
885	44300	1.06279e-028
886	44350	1.06279e-028
887	44400	9.49848e-029
888	44450	9.49848e-029
889	44500	9.49848e-029
890	44550	7.46651e-029
891	44600	6.74198e-029
892	44650	6.39993e-029
893	44700	6.27951e-029
894	44750	5.42718e-029
895	44800	5.42718e-029
896	44850	5.41706e-029
897	44900	3.85745e-029
898	44950	3.85745e-029
899	45000	3.33855e-029
900	45050	2.86232e-029
901	45100	2.86232e-029
902	45150	1.21597e-029
903	45200	1.21597e-029
904	45250	1.14907e-029
905	45300	1.14907e-029
906	45350	1.14907e-029
907	45400	1.14907e-029
908	45450	9.97553e-030
909	45500	9.97553e-030
910	45550	9.97553e-030
911	45600	9.97553e-030
912	45650	9.97553e-030
913	45700	9.97553e-030
914	45750	9.97553e-030
915	45800	9.97553e-030
916	45850	9.97553e-030
917	45900	9.70424e-030
918	45950	9.70424e-030
919	46000	9.70424e-030
920	46050	9.70424e-030
921	46100	9.33211e-030
922	46150	8.70276e-030
923	46200	5.32999e-030
924	46250	5.32999e-030
925	46300	3.7228e-030
926	46350	3.7228e-030
927	46400	3.7228e-030
928	46450	3.7228e-030
929	46500	3.53387e-030
930	46550	3.53387e-030
931	46600	3.53387e-030
932	46650	3.53387e-030
933	46700	3.51064e-030
934	46750	3.51064e-030
935	46800	9.72573e-031
936	46850	7.29924e-031
937	46900	7.29924e-031
938	46950	7.29924e-031
939	47000	6.94013e-031
940	47050	6.94013e-031
941	47100	6.79103e-031
942	47150	6.79103e-031
943	47200	6.79103e-031
944	47250	6.42357e-031
945	47300	6.24019e-031
946	47350	6.24019e-031
947	47400	6.24019e-031
948	47450	5.97211e-031
949	47500	5.97211e-031
950	47550	5.97211e-031
951	47600	5.89007e-031
952	47650	5.89007e-031
953	47700	5.82723e-031
954	47750	5.82723e-031
955	47800	4.35109e-031
956	47850	4.05019e-031
957	47900	4.05019e-031
958	47950	4.05019e-031
959	48000	4.05019e-031
960	48050	4.05019e-031
961	48100	3.74626e-031
962	48150	9.02971e-032
963	48200	9.02971e-032
964	48250	5.06581e-032
965	48300	5.06581e-032
966	48350	5.06581e-032
967	48400	5.06581e-032
968	48450	4.27389e-032
969	48500	4.27389e-032
970	48550	4.14559e-032
971	48600	3.886e-032
972	48650	3.886e-032
973	48700	3.56778e-032
974	48750	2.69785e-032
975	48800	2.69785e-032
976	48850	2.15519e-032
977	48900	2.15519e-032
978	48950	2.15519e-032
979	49000	2.15519e-032
980	49050	2.12972e-032
981	49100	1.4187e-032
982	49150	1.19308e-032
983	49200	1.19308e-032
984	49250	1.19308e-032
985	49300	1.1862e-032
986	49350	1.13382e-032
987	49400	1.13382e-032
988	49450	1.13382e-032
989	49500	1.13382e-032
990	49550	1.00565e-032
991	49600	6.61255e-033
992	49650	6.61255e-033
993	49700	6.61255e-033
994	49750	6.61255e-033
995	49800	3.6054e-033
996	49850	3.6054e-033
997	49900	3.6054e-033
998	49950	3.6054e-033
999	50000	3.23216e-033
1000	50050	3.1653e-033
1001	50100	3.1653e-033
1002	50150	3.00179e-033
1003	50200	3.00179e-033
1004	50250	3.00179e-033
1005	50300	3.00179e-033
1006	50350	3.00179e-033
1007	50400	9.12758e-034
1008	50450	9.12758e-034
1009	50500	8.9743e-034
1010	50550	8.35739e-034
1011	50600	6.70346e-034
1012	50650	5.57975e-034
1013	50700	5.57975e-034
1014	50750	5.57975e-034
1015	50800	5.57975e-034
1016	50850	2.86603e-034
1017	50900	2.86603e-034
1018	50950	2.83291e-034
1019	51000	2.83291e-034
1020	51050	2.83291e-034
1021	51100	2.83291e-034
1022	51150	2.63445e-034
1023	51200	2.51639e-034
1024	51250	2.51639e-034
1025	51300	2.38205e-034
1026	51350	2.30775e-034
1027	51400	2.30775e-034
1028	51450	2.30775e-034
1029	51500	2.30775e-034
1030	51550	1.8656e-034
1031	51600	1.8656e-034
1032	51650	1.11532e-034
1033	51700	1.11369e-034
1034	51750	1.11369e-034
1035	51800	1.11369e-034
1036	51850	9.00132e-035
1037	51900	9.00132e-035
1038	51950	9.00132e-035
1039	52000	9.00132e-035
1040	52050	5.56446e-035
1041	52100	5.56446e-035
1042	52150	5.56446e-035
1043	52200	5.56446e-035
1044	52250	5.56446e-035
1045	52300	5.56446e-035
1046	52350	5.56446e-035
1047	52400	5.56446e-035
1048	52450	1.91176e-035
1049	52500	1.91176e-035
1050	52550	1.91176e-035
1051	52600	1.78303e-035
1052	52650	1.78303e-035
1053	52700	1.71266e-035
1054	52750	1.30483e-035
1055	52800	1.30483e-035
1056	52850	6.1188e-036
1057	52900	6.1188e-036
1058	52950	6.1188e-036
1059	53000	6.1188e-036
1060	53050	6.1188e-036
1061	53100	6.02113e-036
1062	53150	6.02113e-036
1063	53200	6.02113e-036
1064	53250	5.63516e-036
1065	53300	5.17917e-036
1066	53350	5.1048e-036
1067	53400	5.1048e-036
1068	53450	5.1048e-036
1069	53500	5.05521e-036
1070	53550	5.05521e-036
1071	53600	5.05521e-036
1072	53650	5.05521e-036
1073	53700	5.05521e-036
1074	53750	4.9583e-036
1075	53800	4.9583e-036
1076	53850	4.9583e-036
1077	53900	4.94186e-036
1078	53950	4.93183e-036
1079	54000	4.85186e-036
1080	54050	4.83876e-036
1081	54100	1.62547e-036
1082	54150	1.50342e-036
1083	54200	1.50342e-036
1084	54250	1.45877e-036
1085	54300	1.45877e-036
1086	54350	1.45877e-036
1087	54400	1.45877e-036
1088	54450	1.45754e-036
1089	54500	4.57626e-037
1090	54550	2.28775e-037
1091	54600	2.28775e-037
1092	54650	2.28775e-037
1093	54700	2.10739e-037
1094	54750	1.24132e-037
1095	54800	1.24132e-037
1096	54850	9.61721e-038
1097	54900	9.61721e-038
1098	54950	8.94694e-038
1099	55000	8.94694e-038
1100	55050	8.94694e-038
1101	55100	4.97663e-038
1102	55150	4.33655e-038
1103	55200	3.45513e-038
1104	55250	3.45513e-038
1105	55300	3.01873e-038
1106	55350	3.01873e-038
1107	55400	3.01873e-038
1108	55450	3.01873e-038
1109	55500	3.01873e-038
1110	55550	3.01873e-038
1111	55600	2.80588e-038
1112	55650	2.80588e-038
1113	55700	2.80588e-038
1114	55750	2.21631e-038
1115	55800	2.14089e-038
1116	55850	2.14089e-038
1117	55900	1.84239e-038
1118	55950	1.84239e-038
1119	56000	1.69269e-038
1120	56050	1.69269e-038
1121	56100	1.55656e-038
1122	56150	1.55656e-038
1123	56200	1.52391e-038
1124	56250	1.52391e-038
1125	56300	1.52391e-038
1126	56350	1.52391e-038
1127	56400	1.52391e-038
1128	56450	1.52391e-038
1129	56500	1.52391e-038
1130	56550	1.52391e-038
1131	56600	1.52391e-038
1132	56650	1.48922e-038
1133	56700	8.56371e-039
1134	56750	4.06255e-039
1135	56800	4.06255e-039
1136	56850	4.06255e-039
1137	56900	2.82203e-039
1138	56950	2.77401e-039
1139	57000	2.7565e-039
1140	57050	2.7565e-039
1141	57100	2.7565e-039
1142	57150	2.67907e-039
1143	57200	2.67907e-039
1144	57250	2.67907e-039
1145	57300	2.59766e-039
1146	57350	2.59766e-039
1147	57400	2.5842e-039
1148	57450	2.30834e-039
1149	57500	2.30834e-039
1150	57550	2.30834e-039
1151	57600	2.30834e-039
1152	57650	2.26525e-039
1153	57700	4.23463e-040
1154	57750	4.23463e-040
1155	57800	4.23463e-040
1156	57850	5.62529e-041
1157	57900	5.62529e-041
1158	57950	5.62529e-041
1159	58000	5.62529e-041
1160	58050	5.62529e-041
1161	58100	5.62529e-041
1162	58150	5.62529e-041
1163	58200	5.62529e-041
1164	58250	5.62529e-041
1165	58300	5.62529e-041
1166	58350	4.96382e-041
1167	58400	4.96382e-041
1168	58450	4.96382e-041
1169	58500	4.96382e-041
1170	58550	4.96382e-041
1171	58600	4.96382e-041
1172	58650	4.96382e-041
1173	58700	4.16888e-041
1174	58750	4.16888e-041
1175	58800	4.15523e-041
1176	58850	4.15523e-041
1177	58900	4.15523e-041
1178	58950	4.15523e-041
1179	59000	4.15523e-041
1180	59050	4.15523e-041
1181	59100	2.3832e-041
1182	59150	2.3832e-041
1183	59200	2.3832e-041
1184	59250	2.3832e-041
1185	59300	2.23302e-041
1186	59350	2.23302e-041
1187	59400	2.23302e-041
1188	59450	1.97298e-041
1189	59500	1.97298e-041
1190	59550	1.97298e-041
1191	59600	1.86404e-041
1192	59650	1.06531e-041
1193	59700	1.06531e-041
1194	59750	8.75468e-042
1195	59800	8.75468e-042
1196	59850	3.85504e-042
1197	59900	3.6212e-042
1198	59950	3.04397e-042
1199	60000	3.04397e-042
1200	60050	3.04397e-042
1201	60100	3.04397e-042
1202	60150	1.4033e-042
1203	60200	1.23674e-042
1204	60250	7.46936e-043
1205	60300	7.46936e-043
1206	60350	7.46936e-043
1207	60400	7.46936e-043
1208	60450	7.46936e-043
1209	60500	7.46936e-043
1210	60550	6.86847e-043
1211	60600	6.80895e-043
1212	60650	6.63413e-043
1213	60700	6.63413e-043
1214	60750	6.07497e-043
1215	60800	6.07497e-043
1216	60850	6.07497e-043
1217	60900	6.07497e-043
1218	60950	6.07497e-043
1219	61000	5.51891e-043
1220	61050	5.51891e-043
1221	61100	4.44839e-043
1222	61150	4.44839e-043
1223	61200	4.44839e-043
1224	61250	4.44839e-043
1225	61300	4.44223e-043
1226	61350	2.56316e-043
1227	61400	2.56316e-043
1228	61450	2.56316e-043
1229	61500	2.56316e-043
1230	61550	2.56316e-043
1231	61600	2.56316e-043
1232	61650	2.56316e-043
1233	61700	2.33956e-043
1234	61750	2.33956e-043
1235	61800	2.2948e-043
1236	61850	1.85656e-043
1237	61900	1.81974e-043
1238	61950	1.81974e-043
1239	62000	1.80789e-043
1240	62050	1.80789e-043
1241	62100	1.77726e-043
1242	62150	1.71851e-043
1243	62200	1.71482e-043
1244	62250	1.71482e-043
1245	62300	1.69122e-043
1246	62350	3.87191e-044
1247	62400	3.35408e-044
1248	62450	3.35408e-044
1249	62500	3.29508e-044
1250	62550	2.77285e-044
1251	62600	1.72918e-044
1252	62650	1.72918e-044
1253	62700	1.72918e-044
1254	62750	1.72918e-044
1255	62800	1.72116e-044
1256	62850	1.72116e-044
1257	62900	1.72116e-044
1258	62950	1.72116e-044
1259	63000	1.72116e-044
1260	63050	1.72116e-044
1261	63100	1.72116e-044
1262	63150	1.07214e-044
1263	63200	8.30077e-045
1264	63250	8.30077e-045
1265	63300	8.27063e-045
1266	63350	8.27063e-045
1267	63400	7.90805e-045
1268	63450	7.90805e-045
1269	63500	6.99326e-045
1270	63550	6.99326e-045
1271	63600	6.99326e-045
1272	63650	4.71134e-045
1273	63700	4.36235e-045
1274	63750	4.36235e-045
1275	63800	4.36235e-045
1276	63850	3.37785e-045
1277	63900	2.65519e-045
1278	63950	2.35968e-045
1279	64000	2.2428e-045
1280	64050	2.2428e-045
1281	64100	2.15186e-045
1282	64150	2.15186e-045
1283	64200	2.15186e-045
1284	64250	1.50591e-045
1285	64300	1.50591e-045
1286	64350	6.43266e-046
1287	64400	6.43266e-046
1288	64450	6.43266e-046
1289	64500	6.43266e-046
1290	64550	6.43266e-046
1291	64600	6.43266e-046
1292	64650	6.43266e-046
1293	64700	6.43266e-046
1294	64750	6.43266e-046
1295	64800	2.72605e-046
1296	64850	2.72605e-046
1297	64900	2.27275e-046
1298	64950	2.27275e-046
1299	65000	2.27275e-046
1300	65050	2.27275e-046
1301	65100	2.18177e-046
1302	65150	1.96869e-046
1303	65200	1.73462e-046
1304	65250	9.69282e-047
1305	65300	8.62786e-047
1306	65350	2.55669e-047
1307	65400	2.55669e-047
1308	65450	2.55669e-047
1309	65500	2.55669e-047
1310	65550	2.55669e-047
1311	65600	1.96819e-047
1312	65650	1.96819e-047
1313	65700	1.96819e-047
1314	65750	1.96819e-047
1315	65800	1.96819e-047
1316	65850	1.96819e-047
1317	65900	1.96819e-047
1318	65950	1.96819e-047
1319	66000	1.96819e-047
1320	66050	1.96819e-047
1321	66100	1.96819e-047
1322	66150	1.96819e-047
1323	66200	1.96819e-047
1324	66250	1.96819e-047
1325	66300	1.96819e-047
1326	66350	1.54819e-047
1327	66400	1.54819e-047
1328	66450	8.50912e-048
1329	66500	8.27478e-048
1330	66550	8.23825e-048
1331	66600	8.23825e-048
1332	66650	8.23825e-048
1333	66700	8.23825e-048
1334	66750	8.23825e-048
1335	66800	8.17044e-048
1336	66850	8.17044e-048
1337	66900	3.29051e-048
1338	66950	2.78656e-048
1339	67000	2.64072e-048
1340	67050	2.35741e-048
1341	67100	2.35741e-048
1342	67150	2.18961e-048
1343	67200	2.18961e-048
1344	67250	2.10036e-048
1345	67300	2.10036e-048
1346	67350	1.69898e-048
1347	67400	1.28664e-048
1348	67450	1.28664e-048
1349	67500	1.28664e-048
1350	67550	1.28664e-048
1351	67600	1.28664e-048
1352	67650	1.28664e-048
1353	67700	1.27294e-048
1354	67750	1.27294e-048
1355	67800	8.40862e-049
1356	67850	8.40862e-049
1357	67900	8.40862e-049
1358	67950	7.78758e-049
1359	68000	7.78758e-049
1360	68050	7.48551e-049
1361	68100	7.27215e-049
1362	68150	7.20433e-049
1363	68200	7.20433e-049
1364	68250	7.20433e-049
1365	68300	7.20433e-049
1366	68350	7.20433e-049
1367	68400	7.1604e-049
1368	68450	7.1604e-049
1369	68500	7.1604e-049
1370	68550	4.31521e-049
1371	68600	4.26377e-049
1372	68650	3.11356e-049
1373	68700	3.11356e-049
1374	68750	3.11356e-049
1375	68800	3.11356e-049
1376	68850	3.11356e-049
1377	68900	2.38136e-049
1378	68950	8.40155e-050
1379	69000	5.99826e-050
1380	69050	5.99826e-050
1381	69100	5.99826e-050
1382	69150	5.99826e-050
1383	69200	4.64138e-050
1384	69250	4.64138e-050
1385	69300	4.64138e-050
1386	69350	3.08018e-050
1387	69400	3.08018e-050
1388	69450	3.08018e-050
1389	69500	3.08018e-050
1390	69550	2.9585e-050
1391	69600	2.9585e-050
1392	69650	2.17003e-050
1393	69700	2.17003e-050
1394	69750	2.17003e-050
1395	69800	2.17003e-050
1396	69850	2.17003e-050
1397	69900	1.27732e-050
1398	69950	8.38813e-051
1399	70000	7.834e-051
1400	70050	7.834e-051
1401	70100	6.45081e-051
1402	70150	6.15891e-051
1403	70200	5.74287e-051
1404	70250	5.69866e-051
1405	70300	5.69866e-051
1406	70350	5.69866e-051
1407	70400	5.39459e-051
1408	70450	4.64459e-051
1409	70500	4.64459e-051
1410	70550	4.04058e-051
1411	70600	4.04058e-051
1412	70650	4.04058e-051
1413	70700	4.04058e-051
1414	70750	3.8218e-051
1415	70800	2.78252e-051
1416	70850	4.49408e-052
1417	70900	4.49408e-052
1418	70950	3.83557e-052
1419	71000	3.83557e-052
1420	71050	3.83557e-052
1421	71100	3.83557e-052
1422	71150	3.83557e-052
1423	71200	2.39398e-052
1424	71250	1.92356e-052
1425	71300	1.92356e-052
1426	71350	1.92356e-052
1427	71400	1.92356e-052
1428	71450	1.14869e-052
1429	71500	1.07467e-052
1430	71550	1.07467e-052
1431	71600	1.07467e-052
1432	71650	8.18821e-053
1433	71700	8.18821e-053
1434	71750	8.18821e-053
1435	71800	8.18821e-053
1436	71850	8.06403e-053
1437	71900	8.06403e-053
1438	71950	8.06403e-053
1439	72000	5.16446e-053
1440	72050	5.16446e-053
1441	72100	4.48525e-053
1442	72150	4.48525e-053
1443	72200	4.48525e-053
1444	72250	4.48525e-053
1445	72300	4.48525e-053
1446	72350	4.48525e-053
1447	72400	4.48525e-053
1448	72450	4.48525e-053
1449	72500	4.48525e-053
1450	72550	4.17781e-053
1451	72600	4.17781e-053
1452	72650	4.17781e-053
1453	72700	4.17781e-053
1454	72750	2.4605e-053
1455	72800	2.4605e-053
1456	72850	2.4605e-053
1457	72900	2.4605e-053
1458	72950	1.98533e-053
1459	73000	1.98533e-053
1460	73050	1.98533e-053
1461	73100	1.98533e-053
1462	73150	1.98533e-053
1463	73200	1.98533e-053
1464	73250	1.98533e-053
1465	73300	1.98533e-053
1466	73350	1.98533e-053
1467	73400	1.89363e-053
1468	73450	1.89363e-053
1469	73500	1.8023e-053
1470	73550	9.90397e-054
1471	73600	8.57082e-054
1472	73650	8.57082e-054
1473	73700	8.56923e-054
1474	73750	5.31552e-054
1475	73800	5.25672e-054
1476	73850	2.77601e-054
1477	73900	1.95751e-054
1478	73950	1.91669e-054
1479	74000	1.91669e-054
1480	74050	1.91669e-054
1481	74100	1.91669e-054
1482	74150	1.91669e-054
1483	74200	1.91669e-054
1484	74250	1.91669e-054
1485	74300	1.91669e-054
1486	74350	1.91669e-054
1487	74400	1.91669e-054
1488	74450	1.91669e-054
1489	74500	1.84481e-054
1490	74550	3.70948e-055
1491	74600	3.33969e-055
1492	74650	3.33969e-055
1493	74700	3.33969e-055
1494	74750	3.30203e-055
1495	74800	3.2315e-055
1496	74850	2.2232e-055
1497	74900	2.2232e-055
1498	74950	2.10036e-055
1499	75000	2.10036e-055
1500	75050	1.54476e-055
1501	75100	1.14906e-055
1502	75150	1.14906e-055
1503	75200	1.14906e-055
1504	75250	1.14906e-055
1505	75300	1.14906e-055
1506	75350	1.14906e-055
1507	75400	1.1166e-055
1508	75450	1.07634e-055
1509	75500	1.07634e-055
1510	75550	1.07634e-055
1511	75600	8.22673e-056
1512	75650	8.22673e-056
1513	75700	7.99614e-056
1514	75750	7.59372e-056
1515	75800	7.59372e-056
1516	75850	7.59372e-056
1517	75900	7.59372e-056
1518	75950	7.59372e-056
1519	76000	6.5044e-056
1520	76050	6.5044e-056
1521	76100	5.76281e-056
1522	76150	5.43055e-056
1523	76200	5.29083e-056
1524	76250	5.21995e-056
1525	76300	4.26962e-056
1526	76350	4.26962e-056
1527	76400	4.26962e-056
1528	76450	4.26962e-056
1529	76500	4.26962e-056
1530	76550	4.26962e-056
1531	76600	4.26962e-056
1532	76650	4.10676e-056
1533	76700	4.10676e-056
1534	76750	4.10676e-056
1535	76800	4.10676e-056
1536	76850	4.06893e-056
1537	76900	4.03336e-056
1538	76950	4.00917e-056
1539	77000	4.00881e-056
1540	77050	3.99099e-056
1541	77100	3.59632e-056
1542	77150	3.59632e-056
1543	77200	3.41248e-056
1544	77250	3.41248e-056
1545	77300	2.16688e-056
1546	77350	2.39623e-057
1547	77400	2.39623e-057
1548	77450	2.39623e-057
1549	77500	2.39623e-057
1550	77550	2.39623e-057
1551	77600	8.79871e-058
1552	77650	8.79871e-058
1553	77700	8.79241e-058
1554	77750	8.79241e-058
1555	77800	5.07638e-058
1556	77850	5.07638e-058
1557	77900	5.07638e-058
1558	77950	4.35754e-058
1559	78000	4.35754e-058
1560	78050	4.35754e-058
1561	78100	4.34993e-058
1562	78150	4.34993e-058
1563	78200	4.34993e-058
1564	78250	4.34993e-058
1565	78300	4.34993e-058
1566	78350	4.34993e-058
1567	78400	1.4091e-058
1568	78450	1.4091e-058
1569	78500	7.97097e-059
1570	78550	6.36598e-059
1571	78600	6.36598e-059
1572	78650	6.36598e-059
1573	78700	6.36598e-059
1574	78750	6.31572e-059
1575	78800	6.31572e-059
1576	78850	6.28444e-059
1577	78900	4.60098e-059
1578	78950	4.50539e-059
1579	79000	4.50539e-059
1580	79050	4.50539e-059
1581	79100	4.50539e-059
1582	79150	4.50539e-059
1583	79200	3.1077e-059
1584	79250	3.02727e-059
1585	79300	3.02727e-059
1586	79350	2.80101e-059
1587	79400	2.80101e-059
1588	79450	2.80101e-059
1589	79500	2.75636e-059
1590	79550	2.75636e-059
1591	79600	2.34539e-059
1592	79650	2.34539e-059
1593	79700	2.34539e-059
1594	79750	2.00648e-059
1595	79800	1.98414e-059
1596	79850	1.98414e-059
1597	79900	1.98414e-059
1598	79950	1.98414e-059
1599	80000	1.90431e-059
1600	80050	1.90431e-059
1601	80100	1.90431e-059
1602	80150	1.83118e-059
1603	80200	1.83118e-059
1604	80250	1.40358e-059
1605	80300	1.40358e-059
1606	80350	1.40358e-059
1607	80400	1.35426e-059
1608	80450	1.0191e-059
1609	80500	4.23961e-060
1610	80550	4.23961e-060
1611	80600	4.23961e-060
1612	80650	4.23961e-060
1613	80700	4.23961e-060
1614	80750	4.23961e-060
1615	80800	4.15543e-060
1616	80850	4.15543e-060
1617	80900	2.88304e-060
1618	80950	2.84295e-060
1619	81000	2.84295e-060
1620	81050	1.1378e-060
1621	81100	9.87368e-061
1622	81150	9.87368e-061
1623	81200	9.87368e-061
1624	81250	9.32472e-061
1625	81300	8.83264e-061
1626	81350	8.83264e-061
1627	81400	8.66977e-061
1628	81450	8.24695e-061
1629	81500	8.24695e-061
1630	81550	7.9842e-061
1631	81600	5.88362e-061
1632	81650	3.31842e-061
1633	81700	1.10971e-061
1634	81750	1.10971e-061
1635	81800	7.32635e-062
1636	81850	3.20891e-062
1637	81900	3.20891e-062
1638	81950	3.20891e-062
1639	82000	3.20891e-062
1640	82050	3.20891e-062
1641	82100	3.20891e-062
1642	82150	3.20891e-062
1643	82200	3.20891e-062
1644	82250	3.20891e-062
1645	82300	3.20891e-062
1646	82350	2.79278e-062
1647	82400	2.79278e-062
1648	82450	2.05384e-062
1649	82500	2.05384e-062
1650	82550	8.0345e-063
1651	82600	8.0345e-063
1652	82650	6.03083e-063
1653	82700	5.87798e-063
1654	82750	5.41884e-063
1655	82800	5.27796e-063
1656	82850	5.01749e-063
1657	82900	5.01749e-063
1658	82950	5.01749e-063
1659	83000	5.01749e-063
1660	83050	5.01749e-063
1661	83100	4.62566e-063
1662	83150	1.23927e-063
1663	83200	1.23927e-063
1664	83250	8.68955e-064
1665	83300	8.68955e-064
1666	83350	8.4737e-064
1667	83400	8.14578e-064
1668	83450	8.14578e-064
1669	83500	8.14578e-064
1670	83550	8.14578e-064
1671	83600	8.14578e-064
1672	83650	7.90159e-064
1673	83700	7.90159e-064
1674	83750	7.90159e-064
1675	83800	7.69861e-064
1676	83850	7.69861e-064
1677	83900	7.69861e-064
1678	83950	7.69861e-064
1679	84000	6.87922e-064
1680	84050	6.87922e-064
1681	84100	6.87922e-064
1682	84150	6.87922e-064
1683	84200	6.87922e-064
1684	84250	5.23781e-064
1685	84300	5.23781e-064
1686	84350	4.7449e-064
1687	84400	4.7449e-064
1688	84450	4.00588e-064
1689	84500	2.81687e-064
1690	84550	2.81687e-064
1691	84600	2.81687e-064
1692	84650	2.81687e-064
1693	84700	2.81687e-064
1694	84750	2.81687e-064
1695	84800	2.81687e-064
1696	84850	2.81687e-064
1697	84900	2.67558e-064
1698	84950	2.67558e-064
1699	85000	2.25366e-064
1700	85050	2.25366e-064
1701	85100	1.99636e-064
1702	85150	1.99636e-064
1703	85200	1.97303e-064
1704	85250	3.97687e-065
1705	85300	3.97687e-065
1706	85350	3.97687e-065
1707	85400	3.97687e-065
1708	85450	3.97687e-065
1709	85500	3.85264e-065
1710	85550	3.85264e-065
1711	85600	3.4787e-065
1712	85650	1.52129e-065
1713	85700	1.52129e-065
1714	85750	1.52129e-065
1715	85800	1.52129e-065
1716	85850	1.52129e-065
1717	85900	1.52129e-065
1718	85950	1.52129e-065
1719	86000	1.52129e-065
1720	86050	1.52129e-065
1721	86100	1.52129e-065
1722	86150	1.49075e-065
1723	86200	1.49075e-065
1724	86250	1.49075e-065
1725	86300	1.49075e-065
1726	86350	1.09744e-065
1727	86400	1.09744e-065
1728	86450	1.09744e-065
1729	86500	1.09744e-065
1730	86550	9.51633e-066
1731	86600	9.51633e-066
1732	86650	8.78427e-066
1733	86700	8.78427e-066
1734	86750	8.78427e-066
1735	86800	8.6939e-066
1736	86850	6.16948e-066
1737	86900	6.16948e-066
1738	86950	3.35913e-066
1739	87000	3.18079e-066
1740	87050	3.17378e-066
1741	87100	3.17378e-066
1742	87150	3.17378e-066
1743	87200	3.17378e-066
1744	87250	2.23731e-066
1745	87300	1.62392e-066
1746	87350	1.62392e-066
1747	87400	1.62392e-066
1748	87450	1.5718e-066
1749	87500	3.90208e-067
1750	87550	3.90208e-067
1751	87600	3.90208e-067
1752	87650	3.90208e-067
1753	87700	3.89006e-067
1754	87750	3.89006e-067
1755	87800	3.75969e-067
1756	87850	3.75969e-067
1757	87900	3.69037e-067
1758	87950	3.69037e-067
1759	88000	2.57845e-067
1760	88050	1.97194e-067
1761	88100	1.67792e-067
1762	88150	1.62506e-067
1763	88200	1.62506e-067
1764	88250	1.54703e-067
1765	88300	1.0594e-067
1766	88350	1.0594e-067
1767	88400	1.0594e-067
1768	88450	1.0594e-067
1769	88500	7.4948e-068
1770	88550	7.46973e-068
1771	88600	7.46973e-068
1772	88650	6.12137e-068
1773	88700	6.12137e-068
1774	88750	6.12137e-068
1775	88800	6.06801e-068
1776	88850	5.87112e-068
1777	88900	4.88819e-068
1778	88950	4.50062e-068
1779	89000	4.39312e-068
1780	89050	3.78166e-068
1781	89100	3.78166e-068
1782	89150	3.78166e-068
1783	89200	3.78166e-068
1784	89250	3.78166e-068
1785	89300	3.52074e-068
1786	89350	3.51977e-068
1787	89400	2.85993e-068
1788	89450	2.85993e-068
1789	89500	2.84607e-068
1790	89550	2.84607e-068
1791	89600	2.84607e-068
1792	89650	2.84607e-068
1793	89700	2.84607e-068
1794	89750	2.01108e-068
1795	89800	2.01108e-068
1796	89850	1.78633e-068
1797	89900	1.78633e-068
1798	89950	7.81428e-069
1799	90000	7.81428e-069
1800	90050	7.81428e-069
1801	90100	5.58711e-069
1802	90150	5.58711e-069
1803	90200	5.58711e-069
1804	90250	5.58711e-069
1805	90300	5.58711e-069
1806	90350	5.58711e-069
1807	90400	5.58711e-069
1808	90450	5.58711e-069
1809	90500	5.58711e-069
1810	90550	5.58711e-069
1811	90600	5.48534e-069
1812	90650	4.14451e-069
1813	90700	4.1203e-069
1814	90750	3.79907e-069
1815	90800	3.72572e-069
1816	90850	3.72572e-069
1817	90900	1.9198e-069
1818	90950	1.9198e-069
1819	91000	1.9198e-069
1820	91050	1.9198e-069
1821	91100	1.68153e-069
1822	91150	1.68153e-069
1823	91200	1.57155e-069
1824	91250	1.53935e-069
1825	91300	1.43081e-069
1826	91350	1.04532e-069
1827	91400	1.04532e-069
1828	91450	9.22888e-070
1829	91500	6.37713e-070
1830	91550	6.27573e-070
1831	91600	6.25867e-070
1832	91650	6.07104e-070
1833	91700	6.07104e-070
1834	91750	5.95868e-070
1835	91800	5.95868e-070
1836	91850	5.95868e-070
1837	91900	5.35668e-070
1838	91950	5.35668e-070
1839	92000	3.35449e-070
1840	92050	3.35449e-070
1841	92100	3.35449e-070
1842	92150	3.34178e-070
1843	92200	3.33216e-070
1844	92250	3.19683e-070
1845	92300	3.03649e-070
1846	92350	3.03649e-070
1847	92400	3.03649e-070
1848	92450	3.03649e-070
1849	92500	2.97471e-070
1850	92550	2.97037e-070
1851	92600	2.97037e-070
1852	92650	2.97037e-070
1853	92700	2.3047e-070
1854	92750	2.3047e-070
1855	92800	2.3047e-070
1856	92850	3.48848e-071
1857	92900	3.48848e-071
1858	92950	2.15094e-071
1859	93000	1.92886e-071
1860	93050	1.92886e-071
1861	93100	1.92132e-071
1862	93150	1.92132e-071
1863	93200	1.92132e-071
1864	93250	1.92132e-071
1865	93300	1.92132e-071
1866	93350	1.92132e-071
1867	93400	1.8424e-071
1868	93450	1.8424e-071
1869	93500	1.8424e-071
1870	93550	1.8424e-071
1871	93600	1.8424e-071
1872	93650	1.8424e-071
1873	93700	1.83252e-071
1874	93750	1.79269e-072
1875	93800	1.79269e-072
1876	93850	1.79269e-072
1877	93900	1.69507e-072
1878	93950	1.65869e-072
1879	94000	1.65869e-072
1880	94050	1.65869e-072
1881	94100	1.43215e-072
1882	94150	1.41524e-072
1883	94200	1.41098e-072
1884	94250	7.99478e-073
1885	94300	7.18763e-073
1886	94350	7.18763e-073
1887	94400	3.80924e-073
1888	94450	3.80924e-073
1889	94500	3.77948e-073
1890	94550	3.66626e-073
1891	94600	3.66626e-073
1892	94650	3.66626e-073
1893	94700	3.66626e-073
1894	94750	3.66626e-073
1895	94800	3.66626e-073
1896	94850	3.6526e-073
1897	94900	3.6526e-073
1898	94950	2.2437e-073
1899	95000	2.2437e-073
1900	95050	2.2437e-073
1901	95100	2.2437e-073
1902	95150	2.2437e-073
1903	95200	2.16574e-073
1904	95250	2.16574e-073
1905	95300	2.03008e-073
1906	95350	2.03008e-073
1907	95400	2.03008e-073
1908	95450	2.03008e-073
1909	95500	2.03008e-073
1910	95550	1.93461e-073
1911	95600	1.92097e-073
1912	95650	1.92097e-073
1913	95700	1.68781e-073
1914	95750	1.68781e-073
1915	95800	1.68739e-073
1916	95850	1.66073e-073
1917	95900	1.66073e-073
1918	95950	1.64617e-073
1919	96000	6.30954e-074
1920	96050	6.30954e-074
1921	96100	5.17212e-074
1922	96150	5.12646e-074
1923	96200	5.12646e-074
1924	96250	5.12091e-074
1925	96300	5.12091e-074
1926	96350	5.12091e-074
1927	96400	4.78312e-074
1928	96450	4.63598e-074
1929	96500	4.37118e-074
1930	96550	4.37118e-074
1931	96600	3.99999e-074
1932	96650	3.77829e-074
1933	96700	3.77829e-074
1934	96750	3.48459e-074
1935	96800	6.38673e-075
1936	96850	5.41533e-075
1937	96900	5.41533e-075
1938	96950	2.95503e-075
1939	97000	2.95503e-075
1940	97050	2.79477e-075
1941	97100	2.79477e-075
1942	97150	2.44201e-075
1943	97200	2.44201e-075
1944	97250	2.44201e-075
1945	97300	1.72582e-075
1946	97350	5.63206e-076
1947	97400	5.63206e-076
1948	97450	5.63206e-076
1949	97500	5.35741e-076
1950	97550	5.35741e-076
1951	97600	5.35741e-076
1952	97650	5.35741e-076
1953	97700	5.35741e-076
1954	97750	5.20679e-076
1955	97800	4.35019e-076
1956	97850	4.35019e-076
1957	97900	4.35019e-076
1958	97950	2.46417e-076
1959	98000	2.46417e-076
1960	98050	2.46417e-076
1961	98100	2.0238e-076
1962	98150	2.0238e-076
1963	98200	2.0238e-076
1964	98250	1.89474e-076
1965	98300	1.89474e-076
1966	98350	1.89474e-076
1967	98400	1.89474e-076
1968	98450	1.89474e-076
1969	98500	1.89474e-076
1970	98550	9.12858e-077
1971	98600	9.12858e-077
1972	98650	9.12858e-077
1973	98700	8.26197e-077
1974	98750	8.26197e-077
1975	98800	8.26197e-077
1976	98850	4.8008e-077
1977	98900	4.8008e-077
1978	98950	4.7708e-077
1979	99000	4.7708e-077
1980	99050	3.32473e-077
1981	99100	1.54404e-077
1982	99150	1.4235e-077
1983	99200	1.17e-077
1984	99250	1.17e-077
1985	99300	1.07563e-077
1986	99350	1.07563e-077
1987	99400	2.57551e-078
1988	99450	2.12596e-078
1989	99500	2.12596e-078
1990	99550	1.48792e-078
1991	99600	1.35779e-078
1992	99650	1.35779e-078
1993	99700	1.35779e-078
1994	99750	1.3281e-078
1995	99800	1.3281e-078
1996	99850	1.3281e-078
1997	99900	1.3281e-078
1998	99950	1.3281e-078
1999	100000	1.25377e-078
2000	100050	1.19434e-078
