1	100	0
2	150	1977.13
3	200	1906.88
4	250	1704.1
5	300	1380.02
6	350	1168.51
7	400	1168.51
8	450	1168.51
9	500	1168.51
10	550	1168.51
11	600	1104.36
12	650	1104.36
13	700	1104.36
14	750	920.285
15	800	920.285
16	850	911.489
17	900	911.489
18	950	911.489
19	1000	911.489
20	1050	863.761
21	1100	755.454
22	1150	755.454
23	1200	714.948
24	1250	467.371
25	1300	465.049
26	1350	448.746
27	1400	448.746
28	1450	231.764
29	1500	213.343
30	1550	213.343
31	1600	213.343
32	1650	213.343
33	1700	204.571
34	1750	201.354
35	1800	201.354
36	1850	201.354
37	1900	191.732
38	1950	179.978
39	2000	179.978
40	2050	179.978
41	2100	179.978
42	2150	169.296
43	2200	169.296
44	2250	168.37
45	2300	167.594
46	2350	158.961
47	2400	156.586
48	2450	154.016
49	2500	154.016
50	2550	154.016
51	2600	154.016
52	2650	139.729
53	2700	112.919
54	2750	83.0125
55	2800	44.0157
56	2850	43.4101
57	2900	43.4101
58	2950	23.6202
59	3000	23.5932
60	3050	17.4201
61	3100	16.6312
62	3150	16.6312
63	3200	16.6312
64	3250	16.6312
65	3300	16.6312
66	3350	10.9514
67	3400	6.31163
68	3450	6.31163
69	3500	5.96464
70	3550	5.96464
71	3600	5.96464
72	3650	5.96464
73	3700	5.96464
74	3750	5.78953
75	3800	5.78953
76	3850	5.37141
77	3900	5.37141
78	3950	5.281
79	4000	5.281
80	4050	5.281
81	4100	5.11879
82	4150	4.92272
83	4200	4.92272
84	4250	4.76192
85	4300	4.76192
86	4350	4.76192
87	4400	4.60718
88	4450	4.60718
89	4500	4.60718
90	4550	4.60718
91	4600	4.60718
92	4650	4.60718
93	4700	4.56337
94	4750	4.56337
95	4800	3.94523
96	4850	3.94523
97	4900	3.51064
98	4950	3.44732
99	5000	3.26992
100	5050	3.20859
101	5100	3.20859
102	5150	3.20859
103	5200	3.0334
104	5250	2.94964
105	5300	2.94964
106	5350	1.7705
107	5400	0.568094
108	5450	0.568094
109	5500	0.568094
110	5550	0.495282
111	5600	0.495282
112	5650	0.485369
113	5700	0.485369
114	5750	0.467401
115	5800	0.467401
116	5850	0.467401
117	5900	0.467401
118	5950	0.451007
119	6000	0.451007
120	6050	0.448674
121	6100	0.399841
122	6150	0.399841
123	6200	0.399841
124	6250	0.297488
125	6300	0.251852
126	6350	0.251852
127	6400	0.251852
128	6450	0.251852
129	6500	0.251852
130	6550	0.251852
131	6600	0.251852
132	6650	0.251852
133	6700	0.244355
134	6750	0.192081
135	6800	0.192081
136	6850	0.192081
137	6900	0.170178
138	6950	0.170178
139	7000	0.170178
140	7050	0.130075
141	7100	0.130075
142	7150	0.130075
143	7200	0.0205005
144	7250	0.0205005
145	7300	0.0205005
146	7350	0.0205005
147	7400	0.0205005
148	7450	0.0180986
149	7500	0.0180986
150	7550	0.0180986
151	7600	0.0180986
152	7650	0.0180986
153	7700	0.0180986
154	7750	0.0180986
155	7800	0.0180986
156	7850	0.0180986
157	7900	0.0180986
158	7950	0.0180643
159	8000	0.0180643
160	8050	0.0180643
161	8100	0.0155019
162	8150	0.00701767
163	8200	0.00646897
164	8250	0.00646897
165	8300	0.00646897
166	8350	0.00646897
167	8400	0.00646897
168	8450	0.00646897
169	8500	0.00613149
170	8550	0.00604718
171	8600	0.00604718
172	8650	0.00604718
173	8700	0.0053559
174	8750	0.00471778
175	8800	0.00357066
176	8850	0.00357066
177	8900	0.00357066
178	8950	0.00357066
179	9000	0.00357066
180	9050	0.00357066
181	9100	0.00357066
182	9150	0.00357066
183	9200	0.00357066
184	9250	0.00357066
185	9300	0.00357066
186	9350	0.00355122
187	9400	0.00320875
188	9450	0.00320875
189	9500	0.00317792
190	9550	0.00317792
191	9600	0.00317792
192	9650	0.00317792
193	9700	0.00305185
194	9750	0.00305185
195	9800	0.00216064
196	9850	0.00216064
197	9900	0.00216064
198	9950	0.00152499
199	10000	0.00152499
200	10050	0.00152499
201	10100	0.00152499
202	10150	0.00119116
203	10200	0.00119116
204	10250	0.000853945
205	10300	0.000846538
206	10350	0.000466907
207	10400	0.000429356
208	10450	0.000429356
209	10500	0.000429356
210	10550	0.000414678
211	10600	0.000414678
212	10650	0.000414678
213	10700	0.000414678
214	10750	0.000414678
215	10800	0.000414678
216	10850	0.000414678
217	10900	0.000250083
218	10950	0.000250083
219	11000	0.000230154
220	11050	0.000194397
221	11100	0.000170511
222	11150	0.000170511
223	11200	0.000170511
224	11250	0.000170511
225	11300	0.000170511
226	11350	0.000170511
227	11400	0.000110276
228	11450	6.02746e-005
229	11500	4.90951e-005
230	11550	4.5519e-005
231	11600	4.5519e-005
232	11650	4.04197e-005
233	11700	4.04197e-005
234	11750	4.04197e-005
235	11800	4.04197e-005
236	11850	4.04197e-005
237	11900	4.04197e-005
238	11950	4.04197e-005
239	12000	4.04197e-005
240	12050	4.04197e-005
241	12100	3.41847e-005
242	12150	3.41847e-005
243	12200	3.2007e-005
244	12250	3.2007e-005
245	12300	3.14325e-005
246	12350	2.098e-005
247	12400	2.098e-005
248	12450	2.098e-005
249	12500	2.098e-005
250	12550	2.098e-005
251	12600	2.098e-005
252	12650	2.098e-005
253	12700	2.03548e-005
254	12750	2.03548e-005
255	12800	2.03548e-005
256	12850	2.03548e-005
257	12900	4.64064e-006
258	12950	4.64064e-006
259	13000	4.64064e-006
260	13050	4.64064e-006
261	13100	4.64064e-006
262	13150	4.64064e-006
263	13200	4.64064e-006
264	13250	4.19102e-006
265	13300	1.81025e-006
266	13350	1.81025e-006
267	13400	1.81025e-006
268	13450	1.81025e-006
269	13500	1.39252e-006
270	13550	1.39252e-006
271	13600	1.39252e-006
272	13650	1.39252e-006
273	13700	1.39252e-006
274	13750	1.39252e-006
275	13800	1.39252e-006
276	13850	1.39252e-006
277	13900	1.39252e-006
278	13950	1.39252e-006
279	14000	1.39252e-006
280	14050	1.08967e-006
281	14100	9.51965e-007
282	14150	9.51965e-007
283	14200	9.51965e-007
284	14250	9.49657e-007
285	14300	9.49657e-007
286	14350	7.96435e-007
287	14400	7.96435e-007
288	14450	4.97643e-007
289	14500	4.97643e-007
290	14550	4.97643e-007
291	14600	4.97643e-007
292	14650	4.97643e-007
293	14700	4.97643e-007
294	14750	4.97643e-007
295	14800	4.97643e-007
296	14850	4.97643e-007
297	14900	4.97643e-007
298	14950	4.97643e-007
299	15000	4.97643e-007
300	15050	4.79547e-007
301	15100	4.79547e-007
302	15150	4.77611e-007
303	15200	4.77611e-007
304	15250	3.21663e-007
305	15300	3.21663e-007
306	15350	3.21663e-007
307	15400	3.09192e-007
308	15450	3.09192e-007
309	15500	3.09192e-007
310	15550	2.83849e-007
311	15600	2.76888e-007
312	15650	1.4847e-007
313	15700	1.4847e-007
314	15750	1.4847e-007
315	15800	1.4847e-007
316	15850	1.47207e-007
317	15900	1.47207e-007
318	15950	7.58966e-008
319	16000	7.58966e-008
320	16050	7.58966e-008
321	16100	7.58966e-008
322	16150	7.31819e-008
323	16200	7.31819e-008
324	16250	7.01833e-008
325	16300	7.01833e-008
326	16350	7.01833e-008
327	16400	7.01833e-008
328	16450	7.01833e-008
329	16500	7.01833e-008
330	16550	3.09826e-008
331	16600	3.09826e-008
332	16650	3.09826e-008
333	16700	3.06422e-008
334	16750	2.62171e-008
335	16800	2.62171e-008
336	16850	2.4958e-008
337	16900	2.2544e-008
338	16950	2.2544e-008
339	17000	2.2544e-008
340	17050	2.2544e-008
341	17100	2.2544e-008
342	17150	2.24854e-008
343	17200	2.11045e-008
344	17250	2.11045e-008
345	17300	2.10633e-008
346	17350	2.01668e-008
347	17400	2.00282e-008
348	17450	2.00282e-008
349	17500	1.48973e-008
350	17550	1.21258e-008
351	17600	1.21258e-008
352	17650	1.17616e-008
353	17700	1.17616e-008
354	17750	1.15203e-008
355	17800	1.15203e-008
356	17850	1.15203e-008
357	17900	1.15203e-008
358	17950	1.13239e-008
359	18000	1.13032e-008
360	18050	9.7047e-009
361	18100	9.36557e-009
362	18150	7.34835e-009
363	18200	7.34835e-009
364	18250	7.34835e-009
365	18300	6.68546e-009
366	18350	6.68546e-009
367	18400	6.68546e-009
368	18450	6.68546e-009
369	18500	6.45046e-009
370	18550	6.21324e-009
371	18600	5.73241e-009
372	18650	5.73241e-009
373	18700	5.40414e-009
374	18750	5.36549e-009
375	18800	5.36549e-009
376	18850	2.80111e-009
377	18900	2.80111e-009
378	18950	2.80111e-009
379	19000	2.67442e-009
380	19050	1.9606e-009
381	19100	1.57385e-009
382	19150	1.47566e-009
383	19200	1.47566e-009
384	19250	1.19324e-009
385	19300	1.19324e-009
386	19350	1.19324e-009
387	19400	1.19324e-009
388	19450	1.19324e-009
389	19500	1.19324e-009
390	19550	1.19324e-009
391	19600	1.15544e-009
392	19650	1.10952e-009
393	19700	6.74e-010
394	19750	4.12465e-010
395	19800	4.12465e-010
396	19850	4.12465e-010
397	19900	4.12465e-010
398	19950	4.12465e-010
399	20000	2.29526e-010
400	20050	1.36081e-010
401	20100	1.36081e-010
402	20150	1.36081e-010
403	20200	1.35363e-010
404	20250	1.35363e-010
405	20300	1.18266e-010
406	20350	7.72067e-011
407	20400	5.19415e-011
408	20450	3.79591e-011
409	20500	3.79591e-011
410	20550	3.79591e-011
411	20600	3.79591e-011
412	20650	3.79591e-011
413	20700	3.79591e-011
414	20750	3.79591e-011
415	20800	3.75272e-011
416	20850	3.75272e-011
417	20900	3.36272e-011
418	20950	3.36272e-011
419	21000	3.36272e-011
420	21050	2.78573e-011
421	21100	2.44715e-011
422	21150	2.44715e-011
423	21200	2.44715e-011
424	21250	2.39874e-011
425	21300	1.40357e-011
426	21350	1.40357e-011
427	21400	8.81178e-012
428	21450	8.81178e-012
429	21500	8.81178e-012
430	21550	8.81178e-012
431	21600	8.81178e-012
432	21650	8.81178e-012
433	21700	8.81178e-012
434	21750	8.81178e-012
435	21800	8.81178e-012
436	21850	8.81178e-012
437	21900	4.50583e-012
438	21950	4.16474e-012
439	22000	4.16474e-012
440	22050	4.16474e-012
441	22100	3.89364e-012
442	22150	3.89364e-012
443	22200	3.89364e-012
444	22250	3.89364e-012
445	22300	3.89364e-012
446	22350	3.89364e-012
447	22400	3.89364e-012
448	22450	3.75467e-012
449	22500	3.75467e-012
450	22550	3.75467e-012
451	22600	3.75467e-012
452	22650	3.75467e-012
453	22700	3.74329e-012
454	22750	3.40379e-012
455	22800	3.40379e-012
456	22850	3.40379e-012
457	22900	3.40379e-012
458	22950	2.51399e-012
459	23000	2.51399e-012
460	23050	2.51399e-012
461	23100	2.4593e-012
462	23150	2.4593e-012
463	23200	2.08212e-012
464	23250	2.08212e-012
465	23300	2.08212e-012
466	23350	2.07731e-012
467	23400	1.7297e-012
468	23450	1.62486e-012
469	23500	1.51548e-012
470	23550	1.51548e-012
471	23600	1.51548e-012
472	23650	1.51356e-012
473	23700	1.06621e-012
474	23750	1.06621e-012
475	23800	1.06621e-012
476	23850	1.06621e-012
477	23900	1.06621e-012
478	23950	1.03667e-012
479	24000	1.03301e-012
480	24050	1.03301e-012
481	24100	1.03301e-012
482	24150	1.03301e-012
483	24200	1.01648e-012
484	24250	1.01648e-012
485	24300	9.95625e-013
486	24350	9.95625e-013
487	24400	8.92407e-013
488	24450	8.92407e-013
489	24500	8.83591e-013
490	24550	8.55779e-013
491	24600	3.41356e-013
492	24650	3.41303e-013
493	24700	3.41303e-013
494	24750	3.342e-013
495	24800	3.14013e-013
496	24850	2.78752e-013
497	24900	2.78752e-013
498	24950	2.78752e-013
499	25000	9.46888e-014
500	25050	7.97464e-014
501	25100	7.97464e-014
502	25150	7.97464e-014
503	25200	7.97464e-014
504	25250	4.32015e-014
505	25300	4.32015e-014
506	25350	4.32015e-014
507	25400	2.57155e-014
508	25450	1.95121e-014
509	25500	1.95121e-014
510	25550	1.95121e-014
511	25600	1.78959e-014
512	25650	1.78959e-014
513	25700	1.78959e-014
514	25750	1.78959e-014
515	25800	1.78959e-014
516	25850	1.31613e-014
517	25900	1.31574e-014
518	25950	8.58611e-015
519	26000	5.68561e-015
520	26050	5.68561e-015
521	26100	5.68561e-015
522	26150	5.68561e-015
523	26200	5.68561e-015
524	26250	5.12412e-015
525	26300	5.12412e-015
526	26350	5.12412e-015
527	26400	5.12412e-015
528	26450	5.12412e-015
529	26500	5.12412e-015
530	26550	5.12412e-015
531	26600	5.12412e-015
532	26650	5.10874e-015
533	26700	5.10874e-015
534	26750	5.10874e-015
535	26800	5.10874e-015
536	26850	5.10874e-015
537	26900	5.10874e-015
538	26950	5.10874e-015
539	27000	5.10874e-015
540	27050	5.04926e-015
541	27100	5.04926e-015
542	27150	5.04926e-015
543	27200	5.04926e-015
544	27250	5.04926e-015
545	27300	5.04926e-015
546	27350	5.04926e-015
547	27400	5.04926e-015
548	27450	2.16089e-015
549	27500	1.55846e-015
550	27550	1.29949e-015
551	27600	1.17071e-015
552	27650	1.08454e-015
553	27700	1.08454e-015
554	27750	1.02077e-015
555	27800	1.02077e-015
556	27850	9.39652e-016
557	27900	9.39652e-016
558	27950	8.9745e-016
559	28000	8.9745e-016
560	28050	7.82375e-016
561	28100	9.67628e-017
562	28150	9.67628e-017
563	28200	9.67628e-017
564	28250	9.67628e-017
565	28300	9.67628e-017
566	28350	9.67628e-017
567	28400	9.67628e-017
568	28450	9.67628e-017
569	28500	9.67628e-017
570	28550	9.67628e-017
571	28600	8.92594e-017
572	28650	8.92594e-017
573	28700	7.58907e-017
574	28750	7.58907e-017
575	28800	7.12337e-017
576	28850	6.08439e-017
577	28900	6.08439e-017
578	28950	6.08439e-017
579	29000	6.08439e-017
580	29050	6.08439e-017
581	29100	6.08439e-017
582	29150	6.08439e-017
583	29200	6.08439e-017
584	29250	6.08439e-017
585	29300	6.08439e-017
586	29350	6.08439e-017
587	29400	6.08439e-017
588	29450	6.08439e-017
589	29500	6.08439e-017
590	29550	3.36395e-017
591	29600	2.6748e-017
592	29650	2.32579e-017
593	29700	2.32579e-017
594	29750	2.32579e-017
595	29800	2.32579e-017
596	29850	8.46138e-018
597	29900	8.46138e-018
598	29950	8.46138e-018
599	30000	8.25469e-018
600	30050	8.25469e-018
601	30100	8.25469e-018
602	30150	8.25469e-018
603	30200	8.25469e-018
604	30250	8.23639e-018
605	30300	8.23639e-018
606	30350	4.97589e-018
607	30400	4.97589e-018
608	30450	4.97589e-018
609	30500	4.97589e-018
610	30550	3.50138e-018
611	30600	3.50138e-018
612	30650	3.50138e-018
613	30700	3.50138e-018
614	30750	3.50138e-018
615	30800	3.36854e-018
616	30850	3.29665e-018
617	30900	3.29665e-018
618	30950	2.56431e-018
619	31000	2.56431e-018
620	31050	2.55353e-018
621	31100	2.55353e-018
622	31150	2.55353e-018
623	31200	1.42449e-018
624	31250	1.10104e-018
625	31300	1.10104e-018
626	31350	9.81197e-019
627	31400	7.99174e-019
628	31450	6.31517e-019
629	31500	5.57357e-019
630	31550	5.57357e-019
631	31600	5.57357e-019
632	31650	5.57357e-019
633	31700	5.57357e-019
634	31750	3.39776e-019
635	31800	3.39776e-019
636	31850	3.39776e-019
637	31900	3.39776e-019
638	31950	3.39776e-019
639	32000	3.39776e-019
640	32050	2.97352e-019
641	32100	2.97352e-019
642	32150	2.97352e-019
643	32200	2.97352e-019
644	32250	1.77725e-019
645	32300	1.77725e-019
646	32350	1.77725e-019
647	32400	1.77725e-019
648	32450	1.77725e-019
649	32500	1.77725e-019
650	32550	1.77725e-019
651	32600	1.77725e-019
652	32650	1.7601e-019
653	32700	1.38713e-019
654	32750	1.38713e-019
655	32800	1.38713e-019
656	32850	1.38713e-019
657	32900	1.31557e-019
658	32950	1.31557e-019
659	33000	1.31557e-019
660	33050	1.23911e-019
661	33100	1.23911e-019
662	33150	4.8997e-020
663	33200	4.10204e-020
664	33250	4.07259e-020
665	33300	4.07259e-020
666	33350	2.56439e-020
667	33400	2.56439e-020
668	33450	2.56439e-020
669	33500	2.56439e-020
670	33550	2.56439e-020
671	33600	2.45947e-020
672	33650	2.45947e-020
673	33700	2.45947e-020
674	33750	2.45947e-020
675	33800	2.45947e-020
676	33850	2.45947e-020
677	33900	1.54558e-020
678	33950	1.54558e-020
679	34000	1.54558e-020
680	34050	1.54558e-020
681	34100	1.38448e-020
682	34150	1.38448e-020
683	34200	1.38448e-020
684	34250	1.38448e-020
685	34300	1.38448e-020
686	34350	1.38448e-020
687	34400	1.29317e-020
688	34450	1.29317e-020
689	34500	1.13465e-020
690	34550	1.01287e-020
691	34600	1.01287e-020
692	34650	9.97374e-021
693	34700	9.97374e-021
694	34750	9.21318e-021
695	34800	9.21318e-021
696	34850	8.40947e-021
697	34900	3.82462e-021
698	34950	3.30766e-021
699	35000	3.30766e-021
700	35050	3.30766e-021
701	35100	3.30766e-021
702	35150	3.30766e-021
703	35200	3.30766e-021
704	35250	3.30766e-021
705	35300	3.2564e-021
706	35350	3.2564e-021
707	35400	2.03201e-021
708	35450	2.03201e-021
709	35500	2.03201e-021
710	35550	2.03201e-021
711	35600	1.21869e-021
712	35650	1.21869e-021
713	35700	1.21869e-021
714	35750	7.98109e-022
715	35800	7.98109e-022
716	35850	7.98109e-022
717	35900	7.89233e-022
718	35950	6.34679e-022
719	36000	5.06401e-022
720	36050	5.06401e-022
721	36100	5.06401e-022
722	36150	5.06401e-022
723	36200	5.06401e-022
724	36250	5.06401e-022
725	36300	5.06401e-022
726	36350	5.06401e-022
727	36400	4.74514e-022
728	36450	4.6737e-022
729	36500	4.6737e-022
730	36550	3.71289e-022
731	36600	3.71289e-022
732	36650	3.71289e-022
733	36700	3.32861e-022
734	36750	3.32861e-022
735	36800	3.28281e-022
736	36850	2.98103e-022
737	36900	2.683e-022
738	36950	2.683e-022
739	37000	2.4673e-022
740	37050	2.42996e-022
741	37100	2.42996e-022
742	37150	2.42996e-022
743	37200	2.42996e-022
744	37250	2.41714e-022
745	37300	2.41714e-022
746	37350	2.41714e-022
747	37400	2.40339e-022
748	37450	2.40339e-022
749	37500	2.40339e-022
750	37550	2.40339e-022
751	37600	1.94222e-022
752	37650	1.16328e-022
753	37700	1.10288e-022
754	37750	1.10288e-022
755	37800	1.10288e-022
756	37850	8.01368e-023
757	37900	7.93689e-023
758	37950	7.85413e-023
759	38000	7.80812e-023
760	38050	2.24558e-023
761	38100	2.24558e-023
762	38150	1.68165e-023
763	38200	1.68165e-023
764	38250	1.68165e-023
765	38300	1.68165e-023
766	38350	1.68165e-023
767	38400	1.68165e-023
768	38450	1.68165e-023
769	38500	1.68165e-023
770	38550	1.68165e-023
771	38600	1.44985e-023
772	38650	1.44985e-023
773	38700	1.43755e-023
774	38750	1.43755e-023
775	38800	4.44309e-024
776	38850	2.97852e-024
777	38900	2.97852e-024
778	38950	2.82848e-024
779	39000	2.82848e-024
780	39050	2.82848e-024
781	39100	2.82848e-024
782	39150	2.82848e-024
783	39200	2.82848e-024
784	39250	2.82848e-024
785	39300	2.82493e-024
786	39350	2.82493e-024
787	39400	2.82493e-024
788	39450	2.6197e-024
789	39500	2.6197e-024
790	39550	2.6197e-024
791	39600	2.13861e-024
792	39650	1.66619e-024
793	39700	1.52111e-024
794	39750	1.52111e-024
795	39800	1.52111e-024
796	39850	1.52111e-024
797	39900	1.52111e-024
798	39950	1.21745e-024
799	40000	1.21745e-024
800	40050	1.21745e-024
801	40100	1.18424e-024
802	40150	1.18424e-024
803	40200	1.18424e-024
804	40250	1.18424e-024
805	40300	1.10638e-024
806	40350	1.10638e-024
807	40400	1.10638e-024
808	40450	1.10638e-024
809	40500	1.04369e-024
810	40550	1.93452e-025
811	40600	1.93452e-025
812	40650	1.93452e-025
813	40700	1.93452e-025
814	40750	1.93452e-025
815	40800	1.93452e-025
816	40850	1.93419e-025
817	40900	1.36899e-025
818	40950	1.36878e-025
819	41000	9.23199e-026
820	41050	9.23199e-026
821	41100	9.23199e-026
822	41150	9.23199e-026
823	41200	9.23199e-026
824	41250	9.23199e-026
825	41300	9.0213e-026
826	41350	7.57507e-026
827	41400	7.12177e-026
828	41450	7.12177e-026
829	41500	7.12177e-026
830	41550	5.89648e-026
831	41600	5.89648e-026
832	41650	5.39958e-026
833	41700	5.32632e-026
834	41750	2.45557e-026
835	41800	2.45557e-026
836	41850	2.45557e-026
837	41900	2.45557e-026
838	41950	2.45557e-026
839	42000	2.45557e-026
840	42050	2.45557e-026
841	42100	2.45557e-026
842	42150	2.45557e-026
843	42200	1.98512e-026
844	42250	1.98512e-026
845	42300	9.05765e-027
846	42350	9.05765e-027
847	42400	9.05765e-027
848	42450	6.61713e-027
849	42500	6.54904e-027
850	42550	6.54904e-027
851	42600	6.54904e-027
852	42650	6.54904e-027
853	42700	6.31054e-027
854	42750	6.22478e-027
855	42800	6.07485e-027
856	42850	6.07485e-027
857	42900	6.07485e-027
858	42950	4.41633e-027
859	43000	4.41633e-027
860	43050	3.92435e-027
861	43100	3.92435e-027
862	43150	3.92435e-027
863	43200	3.92435e-027
864	43250	3.77589e-027
865	43300	3.42574e-027
866	43350	3.42071e-027
867	43400	3.42071e-027
868	43450	3.21991e-027
869	43500	3.17629e-027
870	43550	3.17629e-027
871	43600	3.17629e-027
872	43650	2.76798e-027
873	43700	2.01482e-027
874	43750	2.01482e-027
875	43800	2.01482e-027
876	43850	1.79088e-027
877	43900	1.432e-027
878	43950	1.432e-027
879	44000	1.432e-027
880	44050	1.432e-027
881	44100	6.2973e-028
882	44150	6.2973e-028
883	44200	6.19281e-028
884	44250	6.19281e-028
885	44300	6.18025e-028
886	44350	6.18025e-028
887	44400	5.46473e-028
888	44450	5.46473e-028
889	44500	5.46473e-028
890	44550	5.43086e-028
891	44600	5.36003e-028
892	44650	4.90337e-028
893	44700	4.90337e-028
894	44750	4.90337e-028
895	44800	4.58485e-028
896	44850	4.29709e-028
897	44900	4.24868e-028
898	44950	4.24868e-028
899	45000	4.24868e-028
900	45050	4.22611e-028
901	45100	4.22611e-028
902	45150	4.12278e-028
903	45200	4.12278e-028
904	45250	8.03909e-029
905	45300	8.03909e-029
906	45350	7.63585e-029
907	45400	7.63585e-029
908	45450	7.01336e-029
909	45500	7.01336e-029
910	45550	7.01336e-029
911	45600	6.75876e-029
912	45650	6.75876e-029
913	45700	6.75876e-029
914	45750	6.29028e-029
915	45800	6.29028e-029
916	45850	6.18113e-029
917	45900	6.18113e-029
918	45950	3.63891e-029
919	46000	3.5966e-029
920	46050	3.04899e-029
921	46100	3.04899e-029
922	46150	3.04899e-029
923	46200	3.04899e-029
924	46250	3.04899e-029
925	46300	3.04899e-029
926	46350	3.04899e-029
927	46400	3.04899e-029
928	46450	3.04899e-029
929	46500	3.04899e-029
930	46550	3.04899e-029
931	46600	3.04899e-029
932	46650	3.04899e-029
933	46700	3.04899e-029
934	46750	3.0113e-029
935	46800	2.98716e-029
936	46850	2.98716e-029
937	46900	2.98716e-029
938	46950	2.98716e-029
939	47000	2.98716e-029
940	47050	2.98716e-029
941	47100	2.98716e-029
942	47150	7.60463e-030
943	47200	4.96831e-030
944	47250	4.94987e-030
945	47300	4.561e-030
946	47350	4.561e-030
947	47400	4.561e-030
948	47450	4.561e-030
949	47500	4.561e-030
950	47550	4.561e-030
951	47600	1.9034e-030
952	47650	1.9034e-030
953	47700	1.79488e-030
954	47750	1.65549e-030
955	47800	1.65549e-030
956	47850	1.40543e-030
957	47900	1.28306e-030
958	47950	7.77806e-031
959	48000	7.54671e-031
960	48050	3.76575e-031
961	48100	3.30447e-031
962	48150	3.30447e-031
963	48200	2.80959e-031
964	48250	2.52727e-031
965	48300	2.43859e-031
966	48350	2.43859e-031
967	48400	2.43859e-031
968	48450	2.43075e-031
969	48500	1.24475e-031
970	48550	1.18224e-031
971	48600	1.18224e-031
972	48650	1.15849e-031
973	48700	1.10266e-031
974	48750	1.10266e-031
975	48800	1.00109e-031
976	48850	9.96289e-032
977	48900	9.6215e-032
978	48950	9.6215e-032
979	49000	5.30567e-032
980	49050	5.30567e-032
981	49100	5.25663e-032
982	49150	5.25663e-032
983	49200	4.82777e-032
984	49250	3.94372e-032
985	49300	3.94372e-032
986	49350	3.94372e-032
987	49400	3.7321e-032
988	49450	3.7321e-032
989	49500	3.65142e-032
990	49550	3.65142e-032
991	49600	3.65142e-032
992	49650	3.60353e-032
993	49700	3.33103e-032
994	49750	3.33103e-032
995	49800	3.12425e-032
996	49850	3.12425e-032
997	49900	3.12425e-032
998	49950	1.18968e-032
999	50000	1.18968e-032
1000	50050	1.18968e-032
1001	50100	1.00953e-032
1002	50150	1.00003e-032
1003	50200	8.75369e-033
1004	50250	7.87652e-033
1005	50300	7.87652e-033
1006	50350	7.87652e-033
1007	50400	7.87652e-033
1008	50450	6.63786e-033
1009	50500	6.63786e-033
1010	50550	6.63786e-033
1011	50600	6.30845e-033
1012	50650	6.30845e-033
1013	50700	6.30845e-033
1014	50750	5.82116e-033
1015	50800	5.82116e-033
1016	50850	5.49414e-033
1017	50900	5.49414e-033
1018	50950	5.49414e-033
1019	51000	5.49414e-033
1020	51050	4.44248e-033
1021	51100	4.44248e-033
1022	51150	4.31507e-033
1023	51200	4.31507e-033
1024	51250	4.31507e-033
1025	51300	4.08543e-033
1026	51350	4.03577e-033
1027	51400	4.03577e-033
1028	51450	4.03577e-033
1029	51500	1.34048e-033
1030	51550	1.08206e-033
1031	51600	4.9781e-034
1032	51650	4.82925e-034
1033	51700	4.82925e-034
1034	51750	4.82925e-034
1035	51800	2.11378e-034
1036	51850	2.11378e-034
1037	51900	2.11378e-034
1038	51950	2.11378e-034
1039	52000	2.11378e-034
1040	52050	2.07521e-034
1041	52100	2.07521e-034
1042	52150	2.05129e-034
1043	52200	2.05129e-034
1044	52250	2.05129e-034
1045	52300	1.98646e-034
1046	52350	1.98646e-034
1047	52400	1.95509e-034
1048	52450	1.95509e-034
1049	52500	1.91172e-034
1050	52550	1.67483e-034
1051	52600	1.58179e-034
1052	52650	1.56273e-034
1053	52700	1.56273e-034
1054	52750	1.56273e-034
1055	52800	1.56273e-034
1056	52850	1.50862e-034
1057	52900	1.50862e-034
1058	52950	1.50862e-034
1059	53000	1.24623e-034
1060	53050	1.19664e-034
1061	53100	1.11816e-034
1062	53150	1.11435e-034
1063	53200	1.11286e-034
1064	53250	4.7291e-035
1065	53300	4.7291e-035
1066	53350	4.7291e-035
1067	53400	4.69189e-035
1068	53450	4.08011e-035
1069	53500	2.82499e-035
1070	53550	2.82054e-035
1071	53600	2.82054e-035
1072	53650	2.82054e-035
1073	53700	2.82054e-035
1074	53750	2.82054e-035
1075	53800	2.59809e-035
1076	53850	1.98617e-035
1077	53900	1.84073e-035
1078	53950	1.84073e-035
1079	54000	1.84073e-035
1080	54050	1.82238e-035
1081	54100	1.05466e-035
1082	54150	1.05365e-035
1083	54200	1.04909e-035
1084	54250	9.97592e-036
1085	54300	9.83474e-036
1086	54350	9.83474e-036
1087	54400	9.49273e-036
1088	54450	7.58859e-036
1089	54500	2.98949e-036
1090	54550	2.98949e-036
1091	54600	2.98949e-036
1092	54650	6.31534e-037
1093	54700	6.31534e-037
1094	54750	6.31534e-037
1095	54800	6.31534e-037
1096	54850	5.78552e-037
1097	54900	5.78552e-037
1098	54950	5.78552e-037
1099	55000	4.75833e-037
1100	55050	4.55076e-037
1101	55100	4.41461e-037
1102	55150	4.41461e-037
1103	55200	4.41461e-037
1104	55250	4.41461e-037
1105	55300	3.84247e-037
1106	55350	3.84247e-037
1107	55400	3.84247e-037
1108	55450	2.83796e-037
1109	55500	2.83796e-037
1110	55550	2.28971e-037
1111	55600	1.99115e-037
1112	55650	1.83248e-037
1113	55700	1.79032e-037
1114	55750	1.13045e-037
1115	55800	1.13045e-037
1116	55850	1.13045e-037
1117	55900	8.7103e-038
1118	55950	4.20427e-038
1119	56000	4.20427e-038
1120	56050	2.93729e-038
1121	56100	2.93729e-038
1122	56150	2.93729e-038
1123	56200	2.93729e-038
1124	56250	2.93729e-038
1125	56300	2.93729e-038
1126	56350	2.93729e-038
1127	56400	1.43703e-038
1128	56450	1.43703e-038
1129	56500	1.43703e-038
1130	56550	1.43703e-038
1131	56600	1.43703e-038
1132	56650	1.34388e-038
1133	56700	1.34388e-038
1134	56750	1.34388e-038
1135	56800	9.45159e-039
1136	56850	9.45159e-039
1137	56900	9.27294e-039
1138	56950	9.27294e-039
1139	57000	8.56077e-039
1140	57050	8.56077e-039
1141	57100	8.56077e-039
1142	57150	8.56077e-039
1143	57200	8.56077e-039
1144	57250	8.21317e-039
1145	57300	6.56288e-039
1146	57350	6.56288e-039
1147	57400	6.56288e-039
1148	57450	6.56288e-039
1149	57500	6.56288e-039
1150	57550	6.55752e-039
1151	57600	5.0399e-039
1152	57650	5.0399e-039
1153	57700	5.0399e-039
1154	57750	4.66905e-039
1155	57800	2.94953e-039
1156	57850	2.94953e-039
1157	57900	2.94953e-039
1158	57950	2.94953e-039
1159	58000	2.94953e-039
1160	58050	2.94953e-039
1161	58100	2.94953e-039
1162	58150	2.85249e-039
1163	58200	2.6718e-039
1164	58250	2.6718e-039
1165	58300	2.6718e-039
1166	58350	2.66618e-039
1167	58400	2.66618e-039
1168	58450	2.06796e-039
1169	58500	2.06796e-039
1170	58550	2.06796e-039
1171	58600	2.06796e-039
1172	58650	2.06796e-039
1173	58700	1.45314e-039
1174	58750	1.45314e-039
1175	58800	1.44848e-039
1176	58850	1.33518e-039
1177	58900	1.32181e-039
1178	58950	1.30373e-039
1179	59000	5.69167e-040
1180	59050	5.51533e-040
1181	59100	5.51533e-040
1182	59150	5.51533e-040
1183	59200	4.02382e-040
1184	59250	3.24961e-040
1185	59300	3.24961e-040
1186	59350	3.24961e-040
1187	59400	3.24961e-040
1188	59450	2.81719e-040
1189	59500	2.78428e-040
1190	59550	2.78428e-040
1191	59600	2.54682e-040
1192	59650	2.54682e-040
1193	59700	2.54682e-040
1194	59750	2.45524e-040
1195	59800	2.45524e-040
1196	59850	2.31301e-040
1197	59900	2.11946e-040
1198	59950	1.85584e-040
1199	60000	1.28582e-040
1200	60050	1.26654e-040
1201	60100	1.12977e-040
1202	60150	1.12977e-040
1203	60200	1.09184e-040
1204	60250	1.00845e-040
1205	60300	1.00845e-040
1206	60350	7.61975e-041
1207	60400	7.61975e-041
1208	60450	7.61975e-041
1209	60500	6.95987e-041
1210	60550	6.95987e-041
1211	60600	6.95987e-041
1212	60650	6.84896e-041
1213	60700	6.84896e-041
1214	60750	6.60431e-041
1215	60800	6.60431e-041
1216	60850	6.60431e-041
1217	60900	1.20313e-041
1218	60950	1.20313e-041
1219	61000	1.20313e-041
1220	61050	1.16658e-041
1221	61100	1.16658e-041
1222	61150	9.48203e-042
1223	61200	6.74348e-042
1224	61250	6.74348e-042
1225	61300	6.0831e-042
1226	61350	5.64445e-042
1227	61400	5.64445e-042
1228	61450	4.61692e-042
1229	61500	4.57462e-042
1230	61550	4.57462e-042
1231	61600	1.44066e-042
1232	61650	1.44066e-042
1233	61700	1.44066e-042
1234	61750	1.36179e-042
1235	61800	1.36179e-042
1236	61850	1.14581e-042
1237	61900	8.27791e-043
1238	61950	7.90252e-043
1239	62000	7.90252e-043
1240	62050	7.7341e-043
1241	62100	7.7341e-043
1242	62150	7.7341e-043
1243	62200	7.7341e-043
1244	62250	7.7341e-043
1245	62300	2.83078e-043
1246	62350	2.83078e-043
1247	62400	2.21774e-043
1248	62450	2.21774e-043
1249	62500	2.03858e-043
1250	62550	2.03858e-043
1251	62600	2.03858e-043
1252	62650	2.03858e-043
1253	62700	2.03858e-043
1254	62750	2.03858e-043
1255	62800	1.62036e-043
1256	62850	1.05976e-043
1257	62900	1.05976e-043
1258	62950	1.05976e-043
1259	63000	9.85225e-044
1260	63050	9.85225e-044
1261	63100	4.75019e-044
1262	63150	2.52102e-044
1263	63200	2.52102e-044
1264	63250	2.52102e-044
1265	63300	1.90294e-044
1266	63350	1.90294e-044
1267	63400	1.78735e-044
1268	63450	1.78735e-044
1269	63500	1.78735e-044
1270	63550	1.7161e-044
1271	63600	1.23014e-044
1272	63650	1.23014e-044
1273	63700	1.23014e-044
1274	63750	1.23014e-044
1275	63800	1.23014e-044
1276	63850	1.23014e-044
1277	63900	1.23014e-044
1278	63950	1.23014e-044
1279	64000	1.15052e-044
1280	64050	1.15052e-044
1281	64100	1.15052e-044
1282	64150	8.82168e-045
1283	64200	8.5931e-045
1284	64250	8.5931e-045
1285	64300	8.0958e-045
1286	64350	8.08411e-045
1287	64400	8.08411e-045
1288	64450	6.63873e-045
1289	64500	6.51162e-045
1290	64550	6.51162e-045
1291	64600	6.51162e-045
1292	64650	5.12638e-045
1293	64700	5.12638e-045
1294	64750	4.4814e-045
1295	64800	4.4814e-045
1296	64850	2.80899e-045
1297	64900	2.80899e-045
1298	64950	2.65717e-045
1299	65000	2.65717e-045
1300	65050	7.10081e-046
1301	65100	7.10081e-046
1302	65150	6.6975e-046
1303	65200	6.6975e-046
1304	65250	6.6975e-046
1305	65300	6.6975e-046
1306	65350	6.59166e-046
1307	65400	6.59166e-046
1308	65450	6.59166e-046
1309	65500	6.59166e-046
1310	65550	5.07562e-046
1311	65600	1.96989e-046
1312	65650	1.19385e-046
1313	65700	9.65448e-047
1314	65750	9.65448e-047
1315	65800	9.65448e-047
1316	65850	9.65448e-047
1317	65900	9.65448e-047
1318	65950	9.55839e-047
1319	66000	9.33384e-047
1320	66050	9.33384e-047
1321	66100	8.7513e-047
1322	66150	8.7513e-047
1323	66200	8.7513e-047
1324	66250	8.6685e-047
1325	66300	8.6685e-047
1326	66350	8.6685e-047
1327	66400	8.6685e-047
1328	66450	8.6685e-047
1329	66500	8.6685e-047
1330	66550	5.8683e-047
1331	66600	5.8683e-047
1332	66650	5.8683e-047
1333	66700	5.8683e-047
1334	66750	5.8683e-047
1335	66800	5.76194e-047
1336	66850	5.76194e-047
1337	66900	1.65878e-047
1338	66950	1.56763e-047
1339	67000	1.56763e-047
1340	67050	1.31294e-047
1341	67100	1.26135e-047
1342	67150	1.26135e-047
1343	67200	1.26135e-047
1344	67250	1.00376e-047
1345	67300	1.00376e-047
1346	67350	1.00376e-047
1347	67400	1.00376e-047
1348	67450	1.00376e-047
1349	67500	1.00376e-047
1350	67550	1.00376e-047
1351	67600	1.00376e-047
1352	67650	9.40821e-048
1353	67700	8.72104e-048
1354	67750	8.72104e-048
1355	67800	8.72104e-048
1356	67850	8.72104e-048
1357	67900	6.81842e-048
1358	67950	5.92298e-048
1359	68000	5.92298e-048
1360	68050	5.92298e-048
1361	68100	5.92298e-048
1362	68150	5.92298e-048
1363	68200	2.25552e-048
1364	68250	2.25552e-048
1365	68300	2.25552e-048
1366	68350	2.13801e-048
1367	68400	2.13801e-048
1368	68450	1.56937e-048
1369	68500	1.56937e-048
1370	68550	1.56937e-048
1371	68600	1.47453e-048
1372	68650	1.40201e-048
1373	68700	1.40201e-048
1374	68750	1.29842e-048
1375	68800	4.16574e-049
1376	68850	4.16574e-049
1377	68900	4.16574e-049
1378	68950	2.37869e-049
1379	69000	2.37869e-049
1380	69050	2.13887e-049
1381	69100	1.84794e-049
1382	69150	1.68146e-049
1383	69200	1.68146e-049
1384	69250	1.68146e-049
1385	69300	1.68146e-049
1386	69350	1.46506e-049
1387	69400	1.46506e-049
1388	69450	1.34257e-049
1389	69500	6.89349e-050
1390	69550	6.89349e-050
1391	69600	6.89349e-050
1392	69650	6.89349e-050
1393	69700	5.0139e-050
1394	69750	5.0139e-050
1395	69800	3.89552e-050
1396	69850	3.89552e-050
1397	69900	3.89552e-050
1398	69950	3.89552e-050
1399	70000	3.89552e-050
1400	70050	3.89552e-050
1401	70100	2.79164e-050
1402	70150	2.79164e-050
1403	70200	2.79164e-050
1404	70250	2.16019e-050
1405	70300	2.16019e-050
1406	70350	2.16019e-050
1407	70400	2.16019e-050
1408	70450	2.16019e-050
1409	70500	2.16019e-050
1410	70550	2.16019e-050
1411	70600	2.16019e-050
1412	70650	1.54078e-050
1413	70700	1.30765e-050
1414	70750	1.04038e-050
1415	70800	1.04038e-050
1416	70850	1.04038e-050
1417	70900	1.04038e-050
1418	70950	1.04038e-050
1419	71000	1.04038e-050
1420	71050	1.04038e-050
1421	71100	8.97396e-051
1422	71150	8.97396e-051
1423	71200	4.65124e-051
1424	71250	4.65124e-051
1425	71300	4.65124e-051
1426	71350	4.65124e-051
1427	71400	4.2709e-051
1428	71450	4.2709e-051
1429	71500	4.2709e-051
1430	71550	3.75323e-051
1431	71600	3.75323e-051
1432	71650	3.75323e-051
1433	71700	3.05549e-051
1434	71750	3.05549e-051
1435	71800	1.13043e-051
1436	71850	1.13043e-051
1437	71900	1.13043e-051
1438	71950	1.13043e-051
1439	72000	8.23403e-052
1440	72050	7.20237e-052
1441	72100	6.5098e-052
1442	72150	6.5098e-052
1443	72200	5.94104e-052
1444	72250	5.94104e-052
1445	72300	4.53834e-052
1446	72350	4.53834e-052
1447	72400	4.53834e-052
1448	72450	1.8509e-052
1449	72500	1.8509e-052
1450	72550	1.8509e-052
1451	72600	1.8509e-052
1452	72650	1.8509e-052
1453	72700	1.8509e-052
1454	72750	1.27618e-052
1455	72800	1.27618e-052
1456	72850	1.27618e-052
1457	72900	1.15701e-052
1458	72950	1.15701e-052
1459	73000	1.14653e-052
1460	73050	1.14653e-052
1461	73100	1.0412e-052
1462	73150	7.30941e-053
1463	73200	6.95857e-053
1464	73250	6.95857e-053
1465	73300	6.95857e-053
1466	73350	6.95857e-053
1467	73400	6.95857e-053
1468	73450	6.95857e-053
1469	73500	6.95857e-053
1470	73550	6.95857e-053
1471	73600	6.95857e-053
1472	73650	6.95857e-053
1473	73700	6.93207e-053
1474	73750	6.80177e-053
1475	73800	6.80177e-053
1476	73850	6.21182e-053
1477	73900	4.67322e-053
1478	73950	4.67322e-053
1479	74000	4.67322e-053
1480	74050	4.67322e-053
1481	74100	4.67322e-053
1482	74150	2.09808e-053
1483	74200	1.86186e-053
1484	74250	1.70915e-053
1485	74300	1.70915e-053
1486	74350	1.34863e-053
1487	74400	1.34863e-053
1488	74450	7.71628e-054
1489	74500	6.74097e-054
1490	74550	6.73954e-054
1491	74600	6.73954e-054
1492	74650	6.38929e-054
1493	74700	6.38929e-054
1494	74750	5.79573e-054
1495	74800	5.79573e-054
1496	74850	5.79573e-054
1497	74900	4.19551e-054
1498	74950	4.19551e-054
1499	75000	4.19551e-054
1500	75050	1.13248e-054
1501	75100	1.13248e-054
1502	75150	8.61116e-055
1503	75200	8.61116e-055
1504	75250	7.07999e-055
1505	75300	7.07999e-055
1506	75350	7.07999e-055
1507	75400	7.07999e-055
1508	75450	7.07999e-055
1509	75500	7.07999e-055
1510	75550	7.07999e-055
1511	75600	6.3496e-055
1512	75650	6.3496e-055
1513	75700	5.62474e-055
1514	75750	5.62474e-055
1515	75800	5.62474e-055
1516	75850	2.65996e-055
1517	75900	2.65996e-055
1518	75950	2.53571e-055
1519	76000	2.53571e-055
1520	76050	2.53571e-055
1521	76100	2.53571e-055
1522	76150	2.53571e-055
1523	76200	2.53571e-055
1524	76250	2.53571e-055
1525	76300	2.40558e-055
1526	76350	2.40558e-055
1527	76400	1.58063e-055
1528	76450	8.02026e-056
1529	76500	7.96376e-056
1530	76550	7.96376e-056
1531	76600	7.96376e-056
1532	76650	7.96376e-056
1533	76700	7.95322e-056
1534	76750	6.26685e-056
1535	76800	6.26685e-056
1536	76850	6.03825e-056
1537	76900	5.85274e-056
1538	76950	5.85274e-056
1539	77000	5.52549e-056
1540	77050	5.49381e-056
1541	77100	5.49381e-056
1542	77150	5.49381e-056
1543	77200	3.58851e-056
1544	77250	1.74197e-056
1545	77300	1.74197e-056
1546	77350	1.74197e-056
1547	77400	1.56596e-056
1548	77450	1.38312e-056
1549	77500	1.38312e-056
1550	77550	1.02356e-056
1551	77600	6.97596e-057
1552	77650	6.97596e-057
1553	77700	6.97596e-057
1554	77750	6.97596e-057
1555	77800	6.97596e-057
1556	77850	6.63362e-057
1557	77900	6.63362e-057
1558	77950	2.44322e-057
1559	78000	2.44322e-057
1560	78050	2.22369e-057
1561	78100	2.22369e-057
1562	78150	2.22369e-057
1563	78200	2.22369e-057
1564	78250	2.1482e-057
1565	78300	2.1482e-057
1566	78350	2.08064e-057
1567	78400	2.08064e-057
1568	78450	2.08064e-057
1569	78500	2.05828e-057
1570	78550	1.76183e-057
1571	78600	1.62391e-057
1572	78650	1.62391e-057
1573	78700	1.33431e-057
1574	78750	1.33431e-057
1575	78800	1.33345e-057
1576	78850	1.12911e-057
1577	78900	1.08334e-057
1578	78950	1.08334e-057
1579	79000	1.08334e-057
1580	79050	1.08334e-057
1581	79100	1.08334e-057
1582	79150	4.19332e-058
1583	79200	1.58167e-058
1584	79250	6.88306e-059
1585	79300	6.88306e-059
1586	79350	6.88306e-059
1587	79400	6.88306e-059
1588	79450	6.88306e-059
1589	79500	6.88306e-059
1590	79550	6.88306e-059
1591	79600	6.88306e-059
1592	79650	6.62046e-059
1593	79700	6.39612e-059
1594	79750	3.44229e-059
1595	79800	3.44229e-059
1596	79850	3.44229e-059
1597	79900	2.58743e-059
1598	79950	2.25986e-059
1599	80000	2.25986e-059
1600	80050	1.17914e-059
1601	80100	1.17914e-059
1602	80150	1.17914e-059
1603	80200	1.17914e-059
1604	80250	1.17914e-059
1605	80300	1.17914e-059
1606	80350	1.17914e-059
1607	80400	1.17914e-059
1608	80450	1.1682e-059
1609	80500	1.1682e-059
1610	80550	1.14965e-059
1611	80600	1.14965e-059
1612	80650	1.14965e-059
1613	80700	1.05954e-059
1614	80750	1.05954e-059
1615	80800	1.05954e-059
1616	80850	1.05954e-059
1617	80900	1.03489e-059
1618	80950	7.11172e-060
1619	81000	5.06013e-060
1620	81050	5.06013e-060
1621	81100	5.06013e-060
1622	81150	4.86693e-060
1623	81200	4.86693e-060
1624	81250	3.5712e-060
1625	81300	3.5712e-060
1626	81350	2.41449e-060
1627	81400	2.40363e-060
1628	81450	2.40363e-060
1629	81500	2.40363e-060
1630	81550	2.40363e-060
1631	81600	2.40363e-060
1632	81650	2.40363e-060
1633	81700	2.39702e-060
1634	81750	1.87619e-060
1635	81800	1.87619e-060
1636	81850	1.87619e-060
1637	81900	1.87619e-060
1638	81950	1.85063e-060
1639	82000	1.75134e-060
1640	82050	1.58935e-060
1641	82100	1.58935e-060
1642	82150	3.09742e-061
1643	82200	2.50451e-061
1644	82250	2.20584e-061
1645	82300	1.95067e-061
1646	82350	1.95067e-061
1647	82400	1.95067e-061
1648	82450	1.95067e-061
1649	82500	1.95067e-061
1650	82550	1.95067e-061
1651	82600	1.95067e-061
1652	82650	1.7288e-061
1653	82700	1.7288e-061
1654	82750	1.7288e-061
1655	82800	1.1898e-061
1656	82850	1.1898e-061
1657	82900	1.1898e-061
1658	82950	1.1898e-061
1659	83000	1.18327e-061
1660	83050	8.76739e-062
1661	83100	6.36571e-062
1662	83150	5.73164e-062
1663	83200	5.73164e-062
1664	83250	5.73164e-062
1665	83300	5.73164e-062
1666	83350	5.73164e-062
1667	83400	5.62367e-062
1668	83450	5.62367e-062
1669	83500	5.62367e-062
1670	83550	5.62367e-062
1671	83600	2.76969e-062
1672	83650	2.76969e-062
1673	83700	1.80414e-062
1674	83750	1.80414e-062
1675	83800	1.80414e-062
1676	83850	1.80414e-062
1677	83900	1.80414e-062
1678	83950	1.80414e-062
1679	84000	1.48835e-062
1680	84050	1.48835e-062
1681	84100	1.48687e-062
1682	84150	1.48423e-062
1683	84200	1.48423e-062
1684	84250	1.39713e-062
1685	84300	1.39713e-062
1686	84350	1.39713e-062
1687	84400	1.34076e-062
1688	84450	1.34076e-062
1689	84500	1.34076e-062
1690	84550	1.19703e-062
1691	84600	1.19301e-062
1692	84650	4.15706e-063
1693	84700	4.15706e-063
1694	84750	4.15706e-063
1695	84800	4.05993e-063
1696	84850	3.99423e-063
1697	84900	3.97483e-063
1698	84950	3.34287e-063
1699	85000	3.34287e-063
1700	85050	3.34287e-063
1701	85100	2.72219e-063
1702	85150	2.72219e-063
1703	85200	2.72219e-063
1704	85250	1.36298e-063
1705	85300	1.26993e-063
1706	85350	1.26993e-063
1707	85400	1.26993e-063
1708	85450	4.56476e-064
1709	85500	4.56476e-064
1710	85550	4.13284e-064
1711	85600	4.13284e-064
1712	85650	3.4697e-064
1713	85700	3.4697e-064
1714	85750	3.4697e-064
1715	85800	3.4697e-064
1716	85850	3.46669e-064
1717	85900	3.46669e-064
1718	85950	3.46669e-064
1719	86000	2.0851e-064
1720	86050	2.0851e-064
1721	86100	2.0851e-064
1722	86150	2.0851e-064
1723	86200	1.31173e-064
1724	86250	1.03067e-064
1725	86300	9.88174e-065
1726	86350	9.45252e-065
1727	86400	9.45252e-065
1728	86450	9.45252e-065
1729	86500	8.39577e-065
1730	86550	3.29927e-065
1731	86600	3.29927e-065
1732	86650	3.29927e-065
1733	86700	3.29927e-065
1734	86750	3.29927e-065
1735	86800	3.29927e-065
1736	86850	3.29927e-065
1737	86900	3.29927e-065
1738	86950	2.68781e-065
1739	87000	2.68781e-065
1740	87050	2.68781e-065
1741	87100	2.37417e-065
1742	87150	1.10266e-065
1743	87200	1.10266e-065
1744	87250	1.10266e-065
1745	87300	1.10266e-065
1746	87350	5.8464e-066
1747	87400	5.8464e-066
1748	87450	5.8464e-066
1749	87500	5.8464e-066
1750	87550	5.8464e-066
1751	87600	5.70904e-066
1752	87650	5.70904e-066
1753	87700	4.9845e-066
1754	87750	4.9845e-066
1755	87800	4.9845e-066
1756	87850	4.93429e-066
1757	87900	4.93429e-066
1758	87950	4.93429e-066
1759	88000	4.93429e-066
1760	88050	4.71177e-066
1761	88100	4.71177e-066
1762	88150	4.20764e-066
1763	88200	4.20764e-066
1764	88250	4.20764e-066
1765	88300	4.20764e-066
1766	88350	3.41886e-066
1767	88400	3.41886e-066
1768	88450	3.41886e-066
1769	88500	3.41886e-066
1770	88550	1.40706e-066
1771	88600	1.34321e-066
1772	88650	1.34321e-066
1773	88700	1.34321e-066
1774	88750	1.05363e-067
1775	88800	1.05363e-067
1776	88850	1.05363e-067
1777	88900	1.05363e-067
1778	88950	1.05363e-067
1779	89000	9.88448e-068
1780	89050	9.88448e-068
1781	89100	9.88448e-068
1782	89150	9.88448e-068
1783	89200	9.88448e-068
1784	89250	9.88448e-068
1785	89300	9.88448e-068
1786	89350	7.01385e-068
1787	89400	7.01385e-068
1788	89450	7.01385e-068
1789	89500	6.93788e-068
1790	89550	6.93788e-068
1791	89600	6.93788e-068
1792	89650	6.93788e-068
1793	89700	6.25569e-068
1794	89750	6.25569e-068
1795	89800	6.25569e-068
1796	89850	4.94526e-068
1797	89900	4.89768e-068
1798	89950	3.87517e-068
1799	90000	3.87517e-068
1800	90050	3.87517e-068
1801	90100	3.87517e-068
1802	90150	3.87517e-068
1803	90200	2.89434e-068
1804	90250	2.89434e-068
1805	90300	2.89434e-068
1806	90350	2.8022e-068
1807	90400	2.40432e-068
1808	90450	2.40432e-068
1809	90500	2.19031e-068
1810	90550	2.18997e-068
1811	90600	2.04518e-068
1812	90650	2.04518e-068
1813	90700	1.06298e-068
1814	90750	1.06298e-068
1815	90800	7.66613e-069
1816	90850	7.66613e-069
1817	90900	7.66613e-069
1818	90950	4.47433e-069
1819	91000	4.47433e-069
1820	91050	4.47433e-069
1821	91100	3.98659e-069
1822	91150	3.58931e-069
1823	91200	3.15392e-069
1824	91250	3.15392e-069
1825	91300	3.15392e-069
1826	91350	1.40692e-069
1827	91400	1.23625e-069
1828	91450	1.23625e-069
1829	91500	1.14788e-069
1830	91550	8.56219e-070
1831	91600	8.35155e-070
1832	91650	8.35155e-070
1833	91700	7.96103e-070
1834	91750	7.96103e-070
1835	91800	7.96103e-070
1836	91850	7.96103e-070
1837	91900	7.96103e-070
1838	91950	7.96103e-070
1839	92000	4.82769e-070
1840	92050	4.75446e-070
1841	92100	3.89991e-070
1842	92150	2.21194e-070
1843	92200	2.21194e-070
1844	92250	2.21194e-070
1845	92300	2.21194e-070
1846	92350	2.21194e-070
1847	92400	2.21194e-070
1848	92450	2.21194e-070
1849	92500	2.17095e-070
1850	92550	2.17095e-070
1851	92600	1.78124e-070
1852	92650	1.27219e-070
1853	92700	1.27219e-070
1854	92750	1.14314e-070
1855	92800	1.14314e-070
1856	92850	1.14314e-070
1857	92900	1.04456e-070
1858	92950	1.04456e-070
1859	93000	1.04456e-070
1860	93050	8.51747e-071
1861	93100	7.10108e-071
1862	93150	7.10108e-071
1863	93200	6.44857e-071
1864	93250	6.44857e-071
1865	93300	6.44857e-071
1866	93350	5.33585e-071
1867	93400	4.0447e-071
1868	93450	4.0447e-071
1869	93500	4.0447e-071
1870	93550	4.0447e-071
1871	93600	4.0447e-071
1872	93650	3.72566e-071
1873	93700	1.79607e-071
1874	93750	1.79607e-071
1875	93800	1.51872e-071
1876	93850	1.51872e-071
1877	93900	1.51872e-071
1878	93950	1.41294e-071
1879	94000	1.41294e-071
1880	94050	1.26217e-071
1881	94100	1.23362e-071
1882	94150	7.16295e-072
1883	94200	7.16295e-072
1884	94250	5.32178e-072
1885	94300	5.32178e-072
1886	94350	5.32178e-072
1887	94400	5.23601e-072
1888	94450	4.92415e-072
1889	94500	4.92415e-072
1890	94550	4.92415e-072
1891	94600	4.35042e-072
1892	94650	2.8444e-072
1893	94700	2.8444e-072
1894	94750	2.10509e-072
1895	94800	1.97456e-072
1896	94850	1.97456e-072
1897	94900	1.97456e-072
1898	94950	1.50603e-072
1899	95000	1.50603e-072
1900	95050	1.47433e-072
1901	95100	9.96822e-073
1902	95150	9.03256e-073
1903	95200	8.86604e-073
1904	95250	8.81825e-073
1905	95300	7.10647e-073
1906	95350	7.10378e-073
1907	95400	6.81681e-073
1908	95450	6.81681e-073
1909	95500	6.81681e-073
1910	95550	6.81681e-073
1911	95600	4.5924e-073
1912	95650	4.5924e-073
1913	95700	4.5924e-073
1914	95750	4.5924e-073
1915	95800	4.5924e-073
1916	95850	4.5924e-073
1917	95900	4.5924e-073
1918	95950	4.5924e-073
1919	96000	4.5924e-073
1920	96050	4.38725e-073
1921	96100	2.73734e-073
1922	96150	2.73734e-073
1923	96200	2.71202e-073
1924	96250	2.34651e-073
1925	96300	2.24691e-073
1926	96350	2.24119e-073
1927	96400	2.24119e-073
1928	96450	2.24119e-073
1929	96500	2.21987e-073
1930	96550	2.21987e-073
1931	96600	2.21577e-073
1932	96650	2.21577e-073
1933	96700	2.21447e-073
1934	96750	2.21447e-073
1935	96800	1.68168e-073
1936	96850	1.64476e-073
1937	96900	1.62904e-073
1938	96950	1.62904e-073
1939	97000	1.62904e-073
1940	97050	1.62904e-073
1941	97100	1.62904e-073
1942	97150	1.62904e-073
1943	97200	1.57132e-073
1944	97250	8.18664e-074
1945	97300	4.67035e-074
1946	97350	4.67035e-074
1947	97400	4.50233e-074
1948	97450	4.4831e-074
1949	97500	4.18129e-074
1950	97550	4.10949e-074
1951	97600	8.10081e-075
1952	97650	8.10081e-075
1953	97700	8.10081e-075
1954	97750	8.10081e-075
1955	97800	8.10081e-075
1956	97850	8.10081e-075
1957	97900	8.10081e-075
1958	97950	8.10081e-075
1959	98000	8.10081e-075
1960	98050	8.10081e-075
1961	98100	7.88005e-075
1962	98150	7.33542e-075
1963	98200	7.32207e-075
1964	98250	7.03495e-075
1965	98300	7.03495e-075
1966	98350	6.89607e-075
1967	98400	6.58787e-075
1968	98450	6.58787e-075
1969	98500	6.48153e-075
1970	98550	6.48153e-075
1971	98600	5.3501e-075
1972	98650	4.1602e-076
1973	98700	2.78699e-076
1974	98750	2.78699e-076
1975	98800	2.68948e-076
1976	98850	2.51861e-076
1977	98900	2.51861e-076
1978	98950	2.51861e-076
1979	99000	2.36882e-076
1980	99050	2.36882e-076
1981	99100	2.36882e-076
1982	99150	2.36882e-076
1983	99200	2.26116e-076
1984	99250	2.26116e-076
1985	99300	2.26116e-076
1986	99350	2.14338e-076
1987	99400	2.14338e-076
1988	99450	1.15549e-076
1989	99500	1.15549e-076
1990	99550	1.11038e-076
1991	99600	1.09924e-076
1992	99650	1.09924e-076
1993	99700	1.05778e-076
1994	99750	7.72748e-077
1995	99800	7.71382e-077
1996	99850	7.71382e-077
1997	99900	7.71382e-077
1998	99950	7.26065e-077
1999	100000	6.96197e-077
2000	100050	6.96197e-077
