1	100	0
2	150	1148.05
3	200	1148.05
4	250	976.035
5	300	934.393
6	350	934.393
7	400	883.802
8	450	883.802
9	500	883.802
10	550	855.593
11	600	803.203
12	650	803.203
13	700	803.203
14	750	759.052
15	800	603.348
16	850	558.938
17	900	558.938
18	950	558.938
19	1000	500.245
20	1050	500.245
21	1100	493.141
22	1150	455.018
23	1200	441.556
24	1250	441.556
25	1300	418.421
26	1350	389.986
27	1400	317.175
28	1450	316.737
29	1500	316.086
30	1550	316.086
31	1600	316.086
32	1650	316.086
33	1700	304.659
34	1750	213.006
35	1800	213.006
36	1850	208.758
37	1900	208.758
38	1950	208.758
39	2000	208.758
40	2050	155.668
41	2100	90.9723
42	2150	90.9723
43	2200	90.9723
44	2250	90.9723
45	2300	90.9723
46	2350	53.4298
47	2400	51.5835
48	2450	51.5835
49	2500	51.5835
50	2550	51.5835
51	2600	51.5835
52	2650	51.5835
53	2700	51.5835
54	2750	51.5835
55	2800	51.5835
56	2850	51.5835
57	2900	40.1813
58	2950	40.1813
59	3000	40.1813
60	3050	40.1813
61	3100	40.1813
62	3150	40.1813
63	3200	40.1813
64	3250	13.8805
65	3300	13.8805
66	3350	8.97806
67	3400	8.97806
68	3450	8.97806
69	3500	7.35892
70	3550	7.35892
71	3600	7.35892
72	3650	7.03966
73	3700	7.03966
74	3750	5.88363
75	3800	5.88363
76	3850	5.83897
77	3900	5.83897
78	3950	5.83897
79	4000	2.49772
80	4050	2.49772
81	4100	2.49772
82	4150	2.39203
83	4200	2.38498
84	4250	2.38498
85	4300	2.38498
86	4350	2.38498
87	4400	2.38498
88	4450	0.902883
89	4500	0.902883
90	4550	0.902883
91	4600	0.902883
92	4650	0.902883
93	4700	0.902883
94	4750	0.902883
95	4800	0.902883
96	4850	0.902883
97	4900	0.902883
98	4950	0.902883
99	5000	0.902883
100	5050	0.902883
101	5100	0.820006
102	5150	0.820006
103	5200	0.725773
104	5250	0.725773
105	5300	0.664082
106	5350	0.664082
107	5400	0.664082
108	5450	0.644007
109	5500	0.436837
110	5550	0.436837
111	5600	0.436837
112	5650	0.436837
113	5700	0.364083
114	5750	0.364083
115	5800	0.364083
116	5850	0.364083
117	5900	0.363894
118	5950	0.346473
119	6000	0.346473
120	6050	0.346473
121	6100	0.325542
122	6150	0.307266
123	6200	0.307266
124	6250	0.307266
125	6300	0.307266
126	6350	0.272016
127	6400	0.272016
128	6450	0.270262
129	6500	0.270262
130	6550	0.270262
131	6600	0.270262
132	6650	0.265724
133	6700	0.265724
134	6750	0.265724
135	6800	0.265724
136	6850	0.121426
137	6900	0.121426
138	6950	0.121426
139	7000	0.121426
140	7050	0.121426
141	7100	0.117524
142	7150	0.117524
143	7200	0.117524
144	7250	0.0741772
145	7300	0.0732656
146	7350	0.055358
147	7400	0.055358
148	7450	0.055358
149	7500	0.0553162
150	7550	0.0553162
151	7600	0.0553162
152	7650	0.0553162
153	7700	0.0431926
154	7750	0.0411143
155	7800	0.0411143
156	7850	0.0411143
157	7900	0.0365871
158	7950	0.0365871
159	8000	0.0365871
160	8050	0.0325834
161	8100	0.021093
162	8150	0.021093
163	8200	0.021093
164	8250	0.021093
165	8300	0.021093
166	8350	0.0149334
167	8400	0.0149143
168	8450	0.0146324
169	8500	0.0146324
170	8550	0.0146324
171	8600	0.0146324
172	8650	0.0134608
173	8700	0.0131806
174	8750	0.00515207
175	8800	0.00515207
176	8850	0.00463482
177	8900	0.00463482
178	8950	0.00463482
179	9000	0.00463482
180	9050	0.00463482
181	9100	0.00463482
182	9150	0.00463482
183	9200	0.00463482
184	9250	0.00437176
185	9300	0.00437176
186	9350	0.000730815
187	9400	0.000730815
188	9450	0.000730815
189	9500	0.000721001
190	9550	0.000721001
191	9600	0.000721001
192	9650	0.000721001
193	9700	0.000721001
194	9750	0.000721001
195	9800	0.000721001
196	9850	0.000717138
197	9900	0.000717138
198	9950	0.000717138
199	10000	0.000691425
200	10050	0.000691425
201	10100	0.000691425
202	10150	0.000568755
203	10200	0.000568755
204	10250	0.000568755
205	10300	0.000568755
206	10350	0.000568755
207	10400	0.000568755
208	10450	0.000568755
209	10500	0.000568755
210	10550	0.000513056
211	10600	0.000513056
212	10650	0.000326993
213	10700	0.000326993
214	10750	8.25228e-005
215	10800	8.17072e-005
216	10850	8.17072e-005
217	10900	8.17072e-005
218	10950	8.17072e-005
219	11000	8.17072e-005
220	11050	8.17072e-005
221	11100	7.56727e-005
222	11150	7.56727e-005
223	11200	7.56727e-005
224	11250	7.56727e-005
225	11300	7.56727e-005
226	11350	7.56727e-005
227	11400	7.56727e-005
228	11450	7.56727e-005
229	11500	7.56727e-005
230	11550	7.56727e-005
231	11600	5.82118e-005
232	11650	5.72154e-005
233	11700	5.72154e-005
234	11750	5.72154e-005
235	11800	5.6478e-005
236	11850	5.50918e-005
237	11900	5.50918e-005
238	11950	5.50918e-005
239	12000	5.41051e-005
240	12050	5.20917e-005
241	12100	5.20917e-005
242	12150	5.20917e-005
243	12200	3.37225e-005
244	12250	3.37225e-005
245	12300	3.37225e-005
246	12350	2.4267e-005
247	12400	1.445e-005
248	12450	1.35659e-005
249	12500	1.35659e-005
250	12550	1.35659e-005
251	12600	1.35659e-005
252	12650	1.35659e-005
253	12700	1.35659e-005
254	12750	1.35659e-005
255	12800	1.35659e-005
256	12850	1.35659e-005
257	12900	3.21662e-006
258	12950	3.21662e-006
259	13000	3.21662e-006
260	13050	3.21662e-006
261	13100	3.21662e-006
262	13150	3.21662e-006
263	13200	3.21662e-006
264	13250	2.42634e-006
265	13300	2.42634e-006
266	13350	2.42634e-006
267	13400	2.42634e-006
268	13450	2.42634e-006
269	13500	2.40039e-006
270	13550	2.40039e-006
271	13600	2.40039e-006
272	13650	2.32506e-006
273	13700	2.32506e-006
274	13750	2.32506e-006
275	13800	2.32506e-006
276	13850	2.28204e-006
277	13900	2.0073e-006
278	13950	1.92407e-006
279	14000	1.92407e-006
280	14050	1.92407e-006
281	14100	1.1719e-006
282	14150	1.1719e-006
283	14200	1.1719e-006
284	14250	1.1719e-006
285	14300	1.1719e-006
286	14350	1.1719e-006
287	14400	1.1719e-006
288	14450	1.1719e-006
289	14500	1.1719e-006
290	14550	1.1719e-006
291	14600	1.1719e-006
292	14650	1.1719e-006
293	14700	1.1719e-006
294	14750	1.1719e-006
295	14800	1.1586e-006
296	14850	1.1586e-006
297	14900	1.1586e-006
298	14950	1.1586e-006
299	15000	8.29059e-007
300	15050	8.29059e-007
301	15100	8.29059e-007
302	15150	8.29059e-007
303	15200	8.29059e-007
304	15250	8.29059e-007
305	15300	8.10203e-007
306	15350	8.10203e-007
307	15400	7.75676e-007
308	15450	7.75676e-007
309	15500	7.75676e-007
310	15550	4.46792e-007
311	15600	4.39726e-007
312	15650	4.39726e-007
313	15700	3.62325e-007
314	15750	3.62325e-007
315	15800	3.59284e-007
316	15850	3.59284e-007
317	15900	3.59284e-007
318	15950	3.59284e-007
319	16000	3.59284e-007
320	16050	3.59284e-007
321	16100	3.59284e-007
322	16150	3.59284e-007
323	16200	3.55721e-007
324	16250	3.49989e-007
325	16300	3.45107e-007
326	16350	3.45107e-007
327	16400	3.58864e-008
328	16450	3.39327e-008
329	16500	3.39327e-008
330	16550	3.39327e-008
331	16600	3.39327e-008
332	16650	3.39327e-008
333	16700	3.39327e-008
334	16750	3.39327e-008
335	16800	3.39327e-008
336	16850	3.39327e-008
337	16900	3.39327e-008
338	16950	3.39327e-008
339	17000	1.60454e-008
340	17050	1.60454e-008
341	17100	1.60454e-008
342	17150	1.41179e-008
343	17200	1.41179e-008
344	17250	1.41179e-008
345	17300	1.41179e-008
346	17350	1.3251e-008
347	17400	1.3251e-008
348	17450	1.31165e-008
349	17500	1.31165e-008
350	17550	1.31165e-008
351	17600	1.31165e-008
352	17650	8.32845e-009
353	17700	6.78493e-009
354	17750	6.78493e-009
355	17800	6.53581e-009
356	17850	6.53581e-009
357	17900	6.53581e-009
358	17950	6.53581e-009
359	18000	6.32045e-009
360	18050	4.6741e-009
361	18100	3.97527e-009
362	18150	3.97527e-009
363	18200	3.97527e-009
364	18250	2.35006e-009
365	18300	1.54805e-009
366	18350	1.54795e-009
367	18400	1.54795e-009
368	18450	1.54795e-009
369	18500	1.54795e-009
370	18550	1.17016e-009
371	18600	1.17016e-009
372	18650	1.17016e-009
373	18700	1.17016e-009
374	18750	1.03185e-009
375	18800	1.03185e-009
376	18850	1.03185e-009
377	18900	9.75771e-010
378	18950	9.75771e-010
379	19000	8.33318e-010
380	19050	8.33318e-010
381	19100	8.33318e-010
382	19150	8.33318e-010
383	19200	8.33318e-010
384	19250	8.33318e-010
385	19300	8.33318e-010
386	19350	7.61325e-010
387	19400	4.52435e-010
388	19450	3.61897e-010
389	19500	3.61897e-010
390	19550	3.61897e-010
391	19600	3.61897e-010
392	19650	3.61897e-010
393	19700	3.61897e-010
394	19750	3.61897e-010
395	19800	3.61897e-010
396	19850	3.61897e-010
397	19900	3.61897e-010
398	19950	3.61897e-010
399	20000	3.61897e-010
400	20050	3.61897e-010
401	20100	3.61897e-010
402	20150	3.61897e-010
403	20200	3.61897e-010
404	20250	3.61897e-010
405	20300	3.58746e-010
406	20350	3.57328e-010
407	20400	3.57328e-010
408	20450	3.57328e-010
409	20500	3.57328e-010
410	20550	3.57328e-010
411	20600	1.81569e-010
412	20650	1.81569e-010
413	20700	1.39107e-010
414	20750	1.39107e-010
415	20800	1.21124e-010
416	20850	1.21124e-010
417	20900	1.21124e-010
418	20950	1.21124e-010
419	21000	1.21124e-010
420	21050	5.08587e-011
421	21100	4.48616e-011
422	21150	4.48616e-011
423	21200	4.48616e-011
424	21250	4.35726e-011
425	21300	3.59499e-011
426	21350	3.59499e-011
427	21400	2.39537e-011
428	21450	2.39537e-011
429	21500	1.54545e-011
430	21550	1.54545e-011
431	21600	1.54545e-011
432	21650	1.54545e-011
433	21700	1.41471e-011
434	21750	1.41471e-011
435	21800	1.1165e-011
436	21850	1.11418e-011
437	21900	1.11418e-011
438	21950	1.11418e-011
439	22000	1.11418e-011
440	22050	9.34663e-012
441	22100	4.77357e-012
442	22150	4.77357e-012
443	22200	4.77357e-012
444	22250	4.6964e-012
445	22300	4.61953e-012
446	22350	4.61953e-012
447	22400	4.61953e-012
448	22450	4.43089e-012
449	22500	3.97163e-012
450	22550	3.33419e-012
451	22600	3.33419e-012
452	22650	3.33419e-012
453	22700	3.33419e-012
454	22750	2.85366e-012
455	22800	2.85366e-012
456	22850	2.85366e-012
457	22900	2.85366e-012
458	22950	2.36212e-012
459	23000	2.36212e-012
460	23050	2.36212e-012
461	23100	2.36212e-012
462	23150	2.35721e-012
463	23200	2.35721e-012
464	23250	2.35721e-012
465	23300	2.35721e-012
466	23350	2.35721e-012
467	23400	2.35395e-012
468	23450	2.35395e-012
469	23500	1.93162e-012
470	23550	1.93162e-012
471	23600	1.93162e-012
472	23650	1.92432e-012
473	23700	1.89717e-012
474	23750	1.89717e-012
475	23800	1.88838e-012
476	23850	1.88838e-012
477	23900	1.88542e-012
478	23950	1.88542e-012
479	24000	1.86449e-012
480	24050	1.86449e-012
481	24100	9.94999e-013
482	24150	7.5623e-013
483	24200	7.5623e-013
484	24250	7.5623e-013
485	24300	7.5623e-013
486	24350	7.5623e-013
487	24400	7.5623e-013
488	24450	1.24734e-013
489	24500	1.14823e-013
490	24550	1.14823e-013
491	24600	1.14823e-013
492	24650	1.14823e-013
493	24700	1.14823e-013
494	24750	1.06015e-013
495	24800	1.06015e-013
496	24850	1.06015e-013
497	24900	1.06015e-013
498	24950	5.85633e-014
499	25000	5.85633e-014
500	25050	5.85633e-014
501	25100	5.85633e-014
502	25150	5.85633e-014
503	25200	3.82236e-014
504	25250	3.82236e-014
505	25300	3.82236e-014
506	25350	3.82236e-014
507	25400	1.51891e-014
508	25450	1.51891e-014
509	25500	1.51891e-014
510	25550	1.51891e-014
511	25600	1.51891e-014
512	25650	1.19793e-014
513	25700	1.19793e-014
514	25750	1.19793e-014
515	25800	1.19793e-014
516	25850	1.19793e-014
517	25900	1.19793e-014
518	25950	1.19793e-014
519	26000	1.0508e-014
520	26050	1.00806e-014
521	26100	9.77513e-015
522	26150	9.77513e-015
523	26200	9.77513e-015
524	26250	9.77513e-015
525	26300	9.76731e-015
526	26350	7.31766e-015
527	26400	7.31766e-015
528	26450	7.31766e-015
529	26500	6.3923e-015
530	26550	6.3923e-015
531	26600	6.3923e-015
532	26650	6.3923e-015
533	26700	6.3923e-015
534	26750	6.11301e-015
535	26800	5.88135e-015
536	26850	5.83257e-015
537	26900	5.83257e-015
538	26950	4.41162e-015
539	27000	4.41162e-015
540	27050	4.41162e-015
541	27100	4.2736e-015
542	27150	4.2736e-015
543	27200	4.2736e-015
544	27250	4.22116e-015
545	27300	4.1725e-015
546	27350	4.1725e-015
547	27400	4.1725e-015
548	27450	3.36254e-015
549	27500	3.36254e-015
550	27550	3.36254e-015
551	27600	3.36254e-015
552	27650	3.36254e-015
553	27700	2.69673e-015
554	27750	1.83925e-015
555	27800	1.74201e-015
556	27850	1.74201e-015
557	27900	1.39959e-015
558	27950	1.39959e-015
559	28000	1.39959e-015
560	28050	1.39959e-015
561	28100	1.39959e-015
562	28150	1.39959e-015
563	28200	1.39959e-015
564	28250	1.39959e-015
565	28300	1.39959e-015
566	28350	7.18451e-016
567	28400	6.33283e-016
568	28450	6.30195e-016
569	28500	3.32364e-016
570	28550	3.09292e-016
571	28600	3.09292e-016
572	28650	3.09292e-016
573	28700	3.09292e-016
574	28750	3.09292e-016
575	28800	3.09292e-016
576	28850	3.09292e-016
577	28900	3.09292e-016
578	28950	3.09292e-016
579	29000	3.09292e-016
580	29050	3.02063e-016
581	29100	3.00578e-016
582	29150	3.00578e-016
583	29200	1.63569e-016
584	29250	1.63569e-016
585	29300	1.63569e-016
586	29350	1.63569e-016
587	29400	1.55982e-016
588	29450	1.43339e-016
589	29500	1.43194e-016
590	29550	1.43194e-016
591	29600	1.27336e-016
592	29650	1.27336e-016
593	29700	4.12669e-017
594	29750	4.12669e-017
595	29800	4.12669e-017
596	29850	4.12669e-017
597	29900	2.10551e-017
598	29950	2.09937e-017
599	30000	2.09937e-017
600	30050	2.09937e-017
601	30100	2.09937e-017
602	30150	2.09937e-017
603	30200	2.09937e-017
604	30250	2.08718e-017
605	30300	1.59137e-017
606	30350	1.59137e-017
607	30400	1.40197e-017
608	30450	1.40197e-017
609	30500	1.40197e-017
610	30550	1.32991e-017
611	30600	1.32991e-017
612	30650	1.32991e-017
613	30700	1.26135e-017
614	30750	1.18586e-017
615	30800	1.18586e-017
616	30850	1.18586e-017
617	30900	1.18586e-017
618	30950	1.18586e-017
619	31000	1.18586e-017
620	31050	1.18586e-017
621	31100	1.18586e-017
622	31150	1.18586e-017
623	31200	1.18586e-017
624	31250	1.18586e-017
625	31300	3.82766e-018
626	31350	3.82766e-018
627	31400	3.82766e-018
628	31450	2.9909e-018
629	31500	2.9909e-018
630	31550	1.86878e-018
631	31600	1.43537e-018
632	31650	1.43537e-018
633	31700	1.43537e-018
634	31750	8.0921e-019
635	31800	8.0921e-019
636	31850	7.84084e-019
637	31900	7.84084e-019
638	31950	7.84084e-019
639	32000	7.44581e-019
640	32050	7.44581e-019
641	32100	7.44581e-019
642	32150	7.09858e-019
643	32200	7.09858e-019
644	32250	7.09858e-019
645	32300	7.09858e-019
646	32350	7.09858e-019
647	32400	7.09858e-019
648	32450	7.09858e-019
649	32500	3.32425e-019
650	32550	3.22081e-019
651	32600	3.22081e-019
652	32650	3.22081e-019
653	32700	2.52856e-019
654	32750	2.52856e-019
655	32800	2.22072e-019
656	32850	2.22072e-019
657	32900	2.22072e-019
658	32950	2.21479e-019
659	33000	2.21479e-019
660	33050	2.21479e-019
661	33100	2.21479e-019
662	33150	1.90297e-019
663	33200	1.90162e-019
664	33250	1.90162e-019
665	33300	1.90162e-019
666	33350	1.90162e-019
667	33400	1.90162e-019
668	33450	1.20018e-019
669	33500	1.20018e-019
670	33550	8.7274e-020
671	33600	5.47338e-020
672	33650	5.47338e-020
673	33700	5.37953e-020
674	33750	5.37953e-020
675	33800	5.37953e-020
676	33850	5.37953e-020
677	33900	5.37953e-020
678	33950	5.37953e-020
679	34000	5.18153e-020
680	34050	4.07925e-020
681	34100	4.07925e-020
682	34150	4.07925e-020
683	34200	2.87091e-020
684	34250	2.87091e-020
685	34300	2.42086e-020
686	34350	2.42086e-020
687	34400	2.41531e-020
688	34450	2.41531e-020
689	34500	9.87101e-021
690	34550	9.87101e-021
691	34600	9.87101e-021
692	34650	9.87101e-021
693	34700	9.87101e-021
694	34750	9.87101e-021
695	34800	9.87101e-021
696	34850	9.87101e-021
697	34900	7.25735e-021
698	34950	6.94242e-021
699	35000	6.94242e-021
700	35050	6.94242e-021
701	35100	6.94242e-021
702	35150	6.94242e-021
703	35200	1.15883e-021
704	35250	1.15883e-021
705	35300	1.14259e-021
706	35350	1.14259e-021
707	35400	1.14259e-021
708	35450	1.14259e-021
709	35500	1.14259e-021
710	35550	1.0151e-021
711	35600	1.0151e-021
712	35650	1.0151e-021
713	35700	3.56128e-022
714	35750	3.56128e-022
715	35800	3.56128e-022
716	35850	3.56128e-022
717	35900	3.56128e-022
718	35950	3.56128e-022
719	36000	3.56128e-022
720	36050	3.56128e-022
721	36100	3.56128e-022
722	36150	3.56128e-022
723	36200	3.56128e-022
724	36250	3.56128e-022
725	36300	3.56128e-022
726	36350	2.996e-022
727	36400	2.996e-022
728	36450	2.996e-022
729	36500	2.7992e-022
730	36550	2.7992e-022
731	36600	2.7992e-022
732	36650	2.7992e-022
733	36700	2.7992e-022
734	36750	2.50935e-022
735	36800	2.48228e-022
736	36850	1.70368e-022
737	36900	1.70368e-022
738	36950	1.70368e-022
739	37000	1.70368e-022
740	37050	1.26459e-022
741	37100	1.26459e-022
742	37150	1.26459e-022
743	37200	1.26459e-022
744	37250	1.12856e-022
745	37300	1.12583e-022
746	37350	1.03038e-022
747	37400	1.00825e-022
748	37450	9.13308e-023
749	37500	9.13308e-023
750	37550	9.13308e-023
751	37600	9.13308e-023
752	37650	9.13308e-023
753	37700	7.90315e-023
754	37750	7.90315e-023
755	37800	7.90315e-023
756	37850	7.90315e-023
757	37900	7.14149e-023
758	37950	7.14149e-023
759	38000	7.14149e-023
760	38050	3.54124e-023
761	38100	3.54124e-023
762	38150	3.54124e-023
763	38200	3.54124e-023
764	38250	3.54124e-023
765	38300	2.25357e-023
766	38350	2.25357e-023
767	38400	2.25357e-023
768	38450	2.23525e-023
769	38500	2.15626e-023
770	38550	2.15626e-023
771	38600	2.15626e-023
772	38650	2.15626e-023
773	38700	2.15626e-023
774	38750	1.51414e-023
775	38800	1.51414e-023
776	38850	1.43073e-023
777	38900	1.43073e-023
778	38950	1.43073e-023
779	39000	1.25472e-023
780	39050	1.24675e-023
781	39100	1.24675e-023
782	39150	1.19859e-023
783	39200	1.19859e-023
784	39250	1.19859e-023
785	39300	1.19859e-023
786	39350	1.19859e-023
787	39400	1.19859e-023
788	39450	1.09178e-023
789	39500	9.57299e-024
790	39550	9.57299e-024
791	39600	9.57299e-024
792	39650	9.06172e-024
793	39700	8.89548e-024
794	39750	8.89548e-024
795	39800	8.41431e-024
796	39850	8.30378e-024
797	39900	8.30378e-024
798	39950	8.27916e-024
799	40000	3.03693e-024
800	40050	2.70647e-024
801	40100	2.70647e-024
802	40150	2.70647e-024
803	40200	2.70647e-024
804	40250	2.70647e-024
805	40300	2.70647e-024
806	40350	2.70647e-024
807	40400	2.65765e-024
808	40450	2.65765e-024
809	40500	2.65343e-024
810	40550	2.65343e-024
811	40600	2.65343e-024
812	40650	2.64724e-024
813	40700	2.64724e-024
814	40750	2.64724e-024
815	40800	6.58906e-025
816	40850	6.58906e-025
817	40900	6.58906e-025
818	40950	6.33017e-025
819	41000	6.33017e-025
820	41050	6.33017e-025
821	41100	6.33017e-025
822	41150	6.07953e-025
823	41200	6.04965e-025
824	41250	6.04965e-025
825	41300	6.04965e-025
826	41350	3.67114e-025
827	41400	3.67114e-025
828	41450	3.67114e-025
829	41500	3.65823e-025
830	41550	3.65823e-025
831	41600	3.65823e-025
832	41650	3.65823e-025
833	41700	3.24754e-025
834	41750	9.45274e-026
835	41800	9.45274e-026
836	41850	9.45274e-026
837	41900	9.45274e-026
838	41950	8.99232e-026
839	42000	8.99232e-026
840	42050	8.99232e-026
841	42100	8.99232e-026
842	42150	7.64228e-026
843	42200	7.64228e-026
844	42250	6.96466e-026
845	42300	6.96466e-026
846	42350	6.96466e-026
847	42400	3.71506e-026
848	42450	1.88875e-026
849	42500	1.76228e-026
850	42550	1.5465e-026
851	42600	1.52823e-026
852	42650	1.52823e-026
853	42700	1.47564e-026
854	42750	1.47564e-026
855	42800	1.3231e-026
856	42850	1.23244e-026
857	42900	2.45021e-027
858	42950	2.45021e-027
859	43000	2.45021e-027
860	43050	2.09525e-027
861	43100	2.09525e-027
862	43150	2.09525e-027
863	43200	2.09525e-027
864	43250	2.07837e-027
865	43300	2.07837e-027
866	43350	2.01769e-027
867	43400	1.56754e-027
868	43450	1.56754e-027
869	43500	1.56754e-027
870	43550	1.52689e-027
871	43600	1.52689e-027
872	43650	1.1329e-027
873	43700	1.1329e-027
874	43750	9.10107e-028
875	43800	9.10107e-028
876	43850	9.10107e-028
877	43900	9.10107e-028
878	43950	9.06446e-028
879	44000	9.06446e-028
880	44050	9.06446e-028
881	44100	9.06446e-028
882	44150	8.75585e-028
883	44200	8.56008e-028
884	44250	8.56008e-028
885	44300	8.56008e-028
886	44350	8.56008e-028
887	44400	8.56008e-028
888	44450	8.56008e-028
889	44500	8.13804e-028
890	44550	4.81446e-028
891	44600	4.81446e-028
892	44650	4.77856e-028
893	44700	4.75273e-028
894	44750	4.59238e-028
895	44800	4.57874e-028
896	44850	4.56797e-028
897	44900	4.55402e-028
898	44950	4.51438e-028
899	45000	4.51438e-028
900	45050	4.51438e-028
901	45100	4.51438e-028
902	45150	4.47775e-028
903	45200	4.47775e-028
904	45250	4.47775e-028
905	45300	4.38485e-028
906	45350	3.05687e-029
907	45400	3.05687e-029
908	45450	3.05687e-029
909	45500	3.05687e-029
910	45550	3.05687e-029
911	45600	3.05687e-029
912	45650	3.05687e-029
913	45700	3.05687e-029
914	45750	3.05687e-029
915	45800	3.00562e-029
916	45850	3.00562e-029
917	45900	3.00562e-029
918	45950	3.00562e-029
919	46000	3.00562e-029
920	46050	3.00562e-029
921	46100	2.02484e-029
922	46150	2.02484e-029
923	46200	2.02484e-029
924	46250	1.50453e-029
925	46300	1.4522e-029
926	46350	1.4522e-029
927	46400	1.19418e-029
928	46450	1.19418e-029
929	46500	1.19418e-029
930	46550	1.08723e-029
931	46600	9.66967e-030
932	46650	9.66967e-030
933	46700	9.66967e-030
934	46750	8.49861e-030
935	46800	7.71117e-030
936	46850	7.50197e-030
937	46900	7.50197e-030
938	46950	6.51671e-030
939	47000	6.51671e-030
940	47050	6.51671e-030
941	47100	6.51671e-030
942	47150	6.39856e-030
943	47200	2.25487e-030
944	47250	2.25487e-030
945	47300	2.25487e-030
946	47350	1.55357e-030
947	47400	1.55357e-030
948	47450	1.55357e-030
949	47500	1.04744e-030
950	47550	1.04744e-030
951	47600	9.87289e-031
952	47650	9.87289e-031
953	47700	9.32257e-031
954	47750	9.32257e-031
955	47800	9.32257e-031
956	47850	9.32257e-031
957	47900	7.94072e-031
958	47950	7.94072e-031
959	48000	7.94072e-031
960	48050	7.17043e-031
961	48100	7.17043e-031
962	48150	7.17043e-031
963	48200	6.53616e-031
964	48250	6.53616e-031
965	48300	2.56722e-031
966	48350	2.56722e-031
967	48400	2.56722e-031
968	48450	2.56722e-031
969	48500	2.47225e-031
970	48550	2.47225e-031
971	48600	2.47225e-031
972	48650	2.42393e-031
973	48700	1.39817e-031
974	48750	6.75944e-032
975	48800	6.75944e-032
976	48850	6.75944e-032
977	48900	6.75944e-032
978	48950	6.75944e-032
979	49000	6.75944e-032
980	49050	4.77855e-032
981	49100	4.77855e-032
982	49150	4.77855e-032
983	49200	4.77855e-032
984	49250	4.77855e-032
985	49300	4.77855e-032
986	49350	3.90165e-032
987	49400	3.90165e-032
988	49450	3.90165e-032
989	49500	3.90165e-032
990	49550	3.72825e-032
991	49600	3.05557e-032
992	49650	3.05557e-032
993	49700	2.66871e-032
994	49750	2.66871e-032
995	49800	2.66871e-032
996	49850	2.52909e-032
997	49900	2.48789e-032
998	49950	2.48789e-032
999	50000	2.48412e-032
1000	50050	2.4682e-032
1001	50100	2.4682e-032
1002	50150	2.4682e-032
1003	50200	2.4682e-032
1004	50250	1.21598e-032
1005	50300	1.21598e-032
1006	50350	6.54976e-033
1007	50400	6.54976e-033
1008	50450	6.54976e-033
1009	50500	6.54976e-033
1010	50550	6.54976e-033
1011	50600	6.54976e-033
1012	50650	6.17773e-033
1013	50700	6.17773e-033
1014	50750	6.17773e-033
1015	50800	6.17773e-033
1016	50850	5.56291e-033
1017	50900	4.96486e-033
1018	50950	4.96486e-033
1019	51000	4.96486e-033
1020	51050	4.96486e-033
1021	51100	4.96486e-033
1022	51150	4.18052e-033
1023	51200	4.18052e-033
1024	51250	4.18052e-033
1025	51300	4.15359e-033
1026	51350	3.29299e-033
1027	51400	2.97159e-033
1028	51450	2.67237e-033
1029	51500	2.67237e-033
1030	51550	2.4346e-033
1031	51600	2.4346e-033
1032	51650	1.78071e-033
1033	51700	8.99912e-034
1034	51750	8.99912e-034
1035	51800	8.18728e-034
1036	51850	8.18728e-034
1037	51900	8.18728e-034
1038	51950	8.18728e-034
1039	52000	7.11695e-034
1040	52050	7.11695e-034
1041	52100	5.24119e-034
1042	52150	5.24119e-034
1043	52200	5.24119e-034
1044	52250	5.07153e-034
1045	52300	5.07153e-034
1046	52350	1.69998e-034
1047	52400	1.69998e-034
1048	52450	1.38919e-034
1049	52500	1.38919e-034
1050	52550	1.38919e-034
1051	52600	1.38919e-034
1052	52650	1.38919e-034
1053	52700	1.37637e-034
1054	52750	1.37637e-034
1055	52800	1.37637e-034
1056	52850	1.37637e-034
1057	52900	1.35758e-034
1058	52950	1.35758e-034
1059	53000	1.35758e-034
1060	53050	1.22808e-034
1061	53100	1.11594e-034
1062	53150	1.11594e-034
1063	53200	4.18113e-035
1064	53250	4.18113e-035
1065	53300	4.18113e-035
1066	53350	4.18113e-035
1067	53400	4.18113e-035
1068	53450	4.18113e-035
1069	53500	2.62992e-035
1070	53550	2.33286e-035
1071	53600	2.33286e-035
1072	53650	2.33286e-035
1073	53700	2.27527e-035
1074	53750	2.27527e-035
1075	53800	1.21939e-035
1076	53850	9.63102e-036
1077	53900	9.63102e-036
1078	53950	9.5771e-036
1079	54000	9.5771e-036
1080	54050	9.49342e-036
1081	54100	9.49342e-036
1082	54150	7.51846e-036
1083	54200	7.51846e-036
1084	54250	7.51578e-036
1085	54300	7.44168e-036
1086	54350	4.10721e-036
1087	54400	4.10721e-036
1088	54450	3.61617e-036
1089	54500	3.21419e-036
1090	54550	2.18737e-036
1091	54600	2.18737e-036
1092	54650	2.18737e-036
1093	54700	2.18737e-036
1094	54750	2.18737e-036
1095	54800	2.09817e-036
1096	54850	2.09817e-036
1097	54900	2.09817e-036
1098	54950	1.35462e-036
1099	55000	1.35462e-036
1100	55050	1.35462e-036
1101	55100	1.31977e-036
1102	55150	1.31977e-036
1103	55200	1.31977e-036
1104	55250	1.09557e-036
1105	55300	1.0385e-036
1106	55350	7.58989e-037
1107	55400	5.39977e-037
1108	55450	5.02257e-037
1109	55500	5.02257e-037
1110	55550	5.02257e-037
1111	55600	4.64357e-037
1112	55650	4.52905e-037
1113	55700	4.33155e-037
1114	55750	4.33155e-037
1115	55800	4.33155e-037
1116	55850	4.33155e-037
1117	55900	4.33155e-037
1118	55950	4.33155e-037
1119	56000	4.10396e-037
1120	56050	4.10396e-037
1121	56100	4.10396e-037
1122	56150	4.10396e-037
1123	56200	4.10396e-037
1124	56250	4.10396e-037
1125	56300	4.10396e-037
1126	56350	4.10396e-037
1127	56400	4.10396e-037
1128	56450	1.01882e-037
1129	56500	9.57298e-038
1130	56550	9.57298e-038
1131	56600	9.57298e-038
1132	56650	8.69987e-038
1133	56700	8.69987e-038
1134	56750	7.88185e-038
1135	56800	7.88185e-038
1136	56850	7.88185e-038
1137	56900	7.42005e-038
1138	56950	7.25217e-038
1139	57000	7.25217e-038
1140	57050	6.89641e-038
1141	57100	4.60398e-038
1142	57150	4.60398e-038
1143	57200	4.60398e-038
1144	57250	4.60398e-038
1145	57300	4.60398e-038
1146	57350	4.5256e-038
1147	57400	4.5256e-038
1148	57450	4.5256e-038
1149	57500	4.5256e-038
1150	57550	4.5256e-038
1151	57600	4.5256e-038
1152	57650	2.70484e-038
1153	57700	2.70484e-038
1154	57750	2.70484e-038
1155	57800	2.68846e-038
1156	57850	2.68846e-038
1157	57900	1.1739e-038
1158	57950	9.50456e-039
1159	58000	9.50456e-039
1160	58050	9.50456e-039
1161	58100	9.50456e-039
1162	58150	9.3385e-039
1163	58200	9.3385e-039
1164	58250	5.89207e-039
1165	58300	5.89207e-039
1166	58350	4.81842e-039
1167	58400	4.81842e-039
1168	58450	4.57651e-039
1169	58500	4.57651e-039
1170	58550	4.56019e-039
1171	58600	9.95222e-040
1172	58650	9.95222e-040
1173	58700	2.41489e-040
1174	58750	1.34142e-040
1175	58800	1.34142e-040
1176	58850	1.34142e-040
1177	58900	1.34142e-040
1178	58950	1.34142e-040
1179	59000	1.18781e-040
1180	59050	1.18781e-040
1181	59100	1.18781e-040
1182	59150	1.18781e-040
1183	59200	1.18781e-040
1184	59250	1.18781e-040
1185	59300	1.18781e-040
1186	59350	1.18781e-040
1187	59400	1.18781e-040
1188	59450	1.18781e-040
1189	59500	1.18781e-040
1190	59550	1.18781e-040
1191	59600	1.18781e-040
1192	59650	1.18781e-040
1193	59700	7.52623e-041
1194	59750	4.37433e-041
1195	59800	4.37433e-041
1196	59850	4.37433e-041
1197	59900	4.37433e-041
1198	59950	4.37433e-041
1199	60000	4.37433e-041
1200	60050	3.61675e-041
1201	60100	3.61675e-041
1202	60150	3.4306e-041
1203	60200	3.4306e-041
1204	60250	3.4306e-041
1205	60300	3.4306e-041
1206	60350	2.15846e-041
1207	60400	2.15846e-041
1208	60450	2.15846e-041
1209	60500	2.15846e-041
1210	60550	2.15846e-041
1211	60600	2.15846e-041
1212	60650	2.15846e-041
1213	60700	2.15846e-041
1214	60750	2.15846e-041
1215	60800	1.12322e-041
1216	60850	1.12322e-041
1217	60900	1.12322e-041
1218	60950	1.12322e-041
1219	61000	1.12322e-041
1220	61050	9.01704e-042
1221	61100	9.01704e-042
1222	61150	8.89156e-042
1223	61200	8.89156e-042
1224	61250	8.89156e-042
1225	61300	7.50452e-042
1226	61350	7.42165e-042
1227	61400	6.95363e-042
1228	61450	6.73069e-042
1229	61500	6.73069e-042
1230	61550	6.72103e-042
1231	61600	6.72103e-042
1232	61650	1.41597e-042
1233	61700	1.41597e-042
1234	61750	1.3846e-042
1235	61800	1.3846e-042
1236	61850	1.3846e-042
1237	61900	1.3846e-042
1238	61950	1.3846e-042
1239	62000	1.37332e-042
1240	62050	1.37332e-042
1241	62100	1.37332e-042
1242	62150	1.37332e-042
1243	62200	1.23453e-042
1244	62250	1.00177e-042
1245	62300	9.85821e-043
1246	62350	9.85821e-043
1247	62400	9.16345e-043
1248	62450	9.16345e-043
1249	62500	9.16345e-043
1250	62550	9.16345e-043
1251	62600	9.16345e-043
1252	62650	9.16345e-043
1253	62700	9.16345e-043
1254	62750	3.06064e-043
1255	62800	3.06064e-043
1256	62850	3.06064e-043
1257	62900	3.06064e-043
1258	62950	3.06064e-043
1259	63000	3.06064e-043
1260	63050	3.06064e-043
1261	63100	3.06064e-043
1262	63150	3.04604e-043
1263	63200	3.04604e-043
1264	63250	3.04604e-043
1265	63300	3.04604e-043
1266	63350	2.95615e-043
1267	63400	2.95615e-043
1268	63450	2.95615e-043
1269	63500	2.87298e-043
1270	63550	2.87033e-043
1271	63600	1.5629e-043
1272	63650	1.51571e-043
1273	63700	1.51571e-043
1274	63750	1.51571e-043
1275	63800	1.51049e-043
1276	63850	1.51049e-043
1277	63900	1.37266e-043
1278	63950	1.37266e-043
1279	64000	1.37266e-043
1280	64050	1.33914e-043
1281	64100	1.33914e-043
1282	64150	1.33914e-043
1283	64200	1.16568e-043
1284	64250	1.16568e-043
1285	64300	1.16119e-043
1286	64350	1.16119e-043
1287	64400	1.15071e-043
1288	64450	1.14924e-043
1289	64500	1.05168e-043
1290	64550	1.01169e-043
1291	64600	1.06777e-044
1292	64650	9.238e-045
1293	64700	9.238e-045
1294	64750	9.238e-045
1295	64800	9.238e-045
1296	64850	8.96306e-045
1297	64900	8.96306e-045
1298	64950	8.47804e-045
1299	65000	8.47804e-045
1300	65050	8.27296e-045
1301	65100	8.27296e-045
1302	65150	8.27296e-045
1303	65200	8.27296e-045
1304	65250	7.44433e-045
1305	65300	6.67459e-045
1306	65350	6.67459e-045
1307	65400	1.86229e-045
1308	65450	1.44446e-045
1309	65500	1.44446e-045
1310	65550	1.3712e-045
1311	65600	1.3712e-045
1312	65650	1.3712e-045
1313	65700	1.3712e-045
1314	65750	1.3712e-045
1315	65800	1.06302e-045
1316	65850	1.06302e-045
1317	65900	1.06302e-045
1318	65950	5.68266e-046
1319	66000	5.68266e-046
1320	66050	5.68266e-046
1321	66100	5.68266e-046
1322	66150	5.45581e-046
1323	66200	5.41079e-046
1324	66250	5.41079e-046
1325	66300	4.94846e-046
1326	66350	4.63789e-046
1327	66400	4.63789e-046
1328	66450	4.30912e-046
1329	66500	4.30912e-046
1330	66550	4.30912e-046
1331	66600	4.14567e-046
1332	66650	4.14567e-046
1333	66700	4.11857e-046
1334	66750	4.11857e-046
1335	66800	4.11857e-046
1336	66850	4.11857e-046
1337	66900	4.11857e-046
1338	66950	4.11857e-046
1339	67000	4.11857e-046
1340	67050	3.67798e-046
1341	67100	3.21547e-047
1342	67150	3.21547e-047
1343	67200	3.05329e-047
1344	67250	3.05329e-047
1345	67300	3.04571e-047
1346	67350	3.04571e-047
1347	67400	3.04039e-047
1348	67450	3.04039e-047
1349	67500	3.04039e-047
1350	67550	3.04039e-047
1351	67600	3.04039e-047
1352	67650	3.04039e-047
1353	67700	3.04039e-047
1354	67750	3.04039e-047
1355	67800	3.04039e-047
1356	67850	3.04039e-047
1357	67900	3.03816e-047
1358	67950	2.13733e-047
1359	68000	2.13733e-047
1360	68050	2.05274e-047
1361	68100	2.05274e-047
1362	68150	2.05274e-047
1363	68200	1.3186e-047
1364	68250	1.3186e-047
1365	68300	1.3186e-047
1366	68350	4.71725e-048
1367	68400	3.57144e-048
1368	68450	3.57144e-048
1369	68500	3.57144e-048
1370	68550	2.89603e-048
1371	68600	2.74651e-048
1372	68650	2.74651e-048
1373	68700	2.72736e-048
1374	68750	2.20928e-048
1375	68800	2.20928e-048
1376	68850	2.20928e-048
1377	68900	2.20928e-048
1378	68950	2.20928e-048
1379	69000	2.20928e-048
1380	69050	1.8219e-048
1381	69100	1.8219e-048
1382	69150	1.8219e-048
1383	69200	1.41242e-048
1384	69250	1.41242e-048
1385	69300	1.41242e-048
1386	69350	5.25489e-049
1387	69400	4.09099e-049
1388	69450	4.07604e-049
1389	69500	3.76075e-049
1390	69550	3.42838e-049
1391	69600	3.42838e-049
1392	69650	3.42838e-049
1393	69700	3.22095e-049
1394	69750	3.22095e-049
1395	69800	3.22095e-049
1396	69850	2.31746e-049
1397	69900	2.31746e-049
1398	69950	2.31746e-049
1399	70000	1.88631e-049
1400	70050	1.87508e-049
1401	70100	1.56235e-049
1402	70150	1.56235e-049
1403	70200	1.46995e-049
1404	70250	1.46995e-049
1405	70300	1.46995e-049
1406	70350	1.46995e-049
1407	70400	1.46995e-049
1408	70450	1.46995e-049
1409	70500	1.46995e-049
1410	70550	1.46995e-049
1411	70600	1.43987e-049
1412	70650	1.42797e-049
1413	70700	1.42797e-049
1414	70750	1.42797e-049
1415	70800	3.75021e-050
1416	70850	3.75021e-050
1417	70900	2.13007e-050
1418	70950	2.13007e-050
1419	71000	1.82513e-050
1420	71050	1.51281e-050
1421	71100	1.51281e-050
1422	71150	1.51281e-050
1423	71200	1.51281e-050
1424	71250	1.51281e-050
1425	71300	1.51281e-050
1426	71350	1.30995e-050
1427	71400	1.27016e-050
1428	71450	1.27016e-050
1429	71500	1.00275e-050
1430	71550	1.00275e-050
1431	71600	3.25027e-051
1432	71650	3.25027e-051
1433	71700	3.25027e-051
1434	71750	3.25027e-051
1435	71800	3.13864e-051
1436	71850	3.13864e-051
1437	71900	3.04427e-051
1438	71950	3.04427e-051
1439	72000	3.04427e-051
1440	72050	2.68023e-051
1441	72100	2.58017e-051
1442	72150	2.44978e-051
1443	72200	2.44978e-051
1444	72250	2.03966e-051
1445	72300	2.03966e-051
1446	72350	2.03966e-051
1447	72400	2.03966e-051
1448	72450	2.03966e-051
1449	72500	2.03966e-051
1450	72550	2.00462e-051
1451	72600	2.00462e-051
1452	72650	2.81817e-052
1453	72700	2.81817e-052
1454	72750	2.75015e-052
1455	72800	2.72899e-052
1456	72850	2.72899e-052
1457	72900	2.72899e-052
1458	72950	2.72899e-052
1459	73000	2.07679e-052
1460	73050	1.80338e-052
1461	73100	1.80338e-052
1462	73150	1.80338e-052
1463	73200	1.63664e-052
1464	73250	1.63664e-052
1465	73300	1.60743e-052
1466	73350	1.60743e-052
1467	73400	1.51985e-052
1468	73450	6.16313e-053
1469	73500	6.16313e-053
1470	73550	6.01839e-053
1471	73600	6.01839e-053
1472	73650	5.97177e-053
1473	73700	5.49539e-053
1474	73750	5.49539e-053
1475	73800	5.49539e-053
1476	73850	5.49539e-053
1477	73900	1.05877e-053
1478	73950	1.05877e-053
1479	74000	6.41677e-054
1480	74050	5.94125e-054
1481	74100	5.30014e-054
1482	74150	5.30014e-054
1483	74200	5.30014e-054
1484	74250	5.30014e-054
1485	74300	4.29896e-054
1486	74350	2.27707e-054
1487	74400	2.27707e-054
1488	74450	2.27707e-054
1489	74500	1.32307e-054
1490	74550	1.32307e-054
1491	74600	1.32307e-054
1492	74650	1.32307e-054
1493	74700	1.32307e-054
1494	74750	1.32307e-054
1495	74800	1.20827e-054
1496	74850	1.20827e-054
1497	74900	1.20827e-054
1498	74950	1.20827e-054
1499	75000	1.20827e-054
1500	75050	1.20827e-054
1501	75100	1.20827e-054
1502	75150	1.20827e-054
1503	75200	1.20827e-054
1504	75250	9.71544e-055
1505	75300	9.71544e-055
1506	75350	9.40414e-055
1507	75400	9.40414e-055
1508	75450	9.40414e-055
1509	75500	7.6258e-055
1510	75550	7.6258e-055
1511	75600	7.6258e-055
1512	75650	7.6258e-055
1513	75700	7.6258e-055
1514	75750	7.54423e-055
1515	75800	5.19136e-055
1516	75850	5.1276e-055
1517	75900	5.1276e-055
1518	75950	5.1276e-055
1519	76000	5.1276e-055
1520	76050	4.79309e-055
1521	76100	4.79309e-055
1522	76150	4.58061e-055
1523	76200	4.57074e-055
1524	76250	4.45598e-055
1525	76300	4.45598e-055
1526	76350	4.45598e-055
1527	76400	4.45598e-055
1528	76450	4.3289e-055
1529	76500	4.3289e-055
1530	76550	4.29007e-055
1531	76600	4.22564e-055
1532	76650	3.78676e-055
1533	76700	3.78676e-055
1534	76750	3.78676e-055
1535	76800	3.78485e-055
1536	76850	3.78485e-055
1537	76900	3.7768e-055
1538	76950	2.56456e-055
1539	77000	2.56456e-055
1540	77050	2.54405e-055
1541	77100	2.53178e-055
1542	77150	2.53169e-055
1543	77200	2.53169e-055
1544	77250	2.52201e-055
1545	77300	2.52201e-055
1546	77350	5.76934e-056
1547	77400	5.76934e-056
1548	77450	5.76934e-056
1549	77500	2.9857e-056
1550	77550	2.9857e-056
1551	77600	2.94746e-056
1552	77650	2.32954e-056
1553	77700	2.32954e-056
1554	77750	2.32954e-056
1555	77800	2.32954e-056
1556	77850	1.06711e-056
1557	77900	6.43445e-057
1558	77950	6.43445e-057
1559	78000	6.43445e-057
1560	78050	6.43445e-057
1561	78100	6.35884e-057
1562	78150	6.35884e-057
1563	78200	6.35884e-057
1564	78250	6.35884e-057
1565	78300	6.35884e-057
1566	78350	6.09863e-057
1567	78400	6.09863e-057
1568	78450	3.06572e-057
1569	78500	2.29971e-057
1570	78550	1.28993e-057
1571	78600	1.08693e-057
1572	78650	1.08693e-057
1573	78700	9.45864e-058
1574	78750	5.73254e-058
1575	78800	5.73254e-058
1576	78850	5.73254e-058
1577	78900	5.06422e-058
1578	78950	5.06422e-058
1579	79000	5.06422e-058
1580	79050	3.77667e-058
1581	79100	3.77667e-058
1582	79150	3.77667e-058
1583	79200	3.77667e-058
1584	79250	3.77667e-058
1585	79300	3.10773e-058
1586	79350	3.10773e-058
1587	79400	3.03479e-058
1588	79450	1.49644e-058
1589	79500	1.49644e-058
1590	79550	1.49644e-058
1591	79600	1.49644e-058
1592	79650	1.19945e-058
1593	79700	1.19945e-058
1594	79750	1.14939e-058
1595	79800	1.14939e-058
1596	79850	1.14939e-058
1597	79900	1.14939e-058
1598	79950	1.14939e-058
1599	80000	1.14939e-058
1600	80050	4.90777e-059
1601	80100	4.7735e-059
1602	80150	4.67984e-059
1603	80200	4.67984e-059
1604	80250	3.63342e-059
1605	80300	3.63342e-059
1606	80350	3.63342e-059
1607	80400	3.63342e-059
1608	80450	3.63342e-059
1609	80500	3.54916e-059
1610	80550	1.68998e-059
1611	80600	1.68998e-059
1612	80650	1.68998e-059
1613	80700	7.65399e-060
1614	80750	7.65399e-060
1615	80800	7.65399e-060
1616	80850	7.65399e-060
1617	80900	7.59504e-060
1618	80950	7.59504e-060
1619	81000	6.71142e-060
1620	81050	6.71142e-060
1621	81100	6.59636e-060
1622	81150	6.59636e-060
1623	81200	6.59636e-060
1624	81250	6.59636e-060
1625	81300	5.82468e-060
1626	81350	2.58574e-060
1627	81400	2.58574e-060
1628	81450	2.58574e-060
1629	81500	2.58574e-060
1630	81550	2.49112e-060
1631	81600	2.45653e-060
1632	81650	2.35196e-060
1633	81700	2.20994e-060
1634	81750	2.14009e-060
1635	81800	2.06154e-060
1636	81850	2.06154e-060
1637	81900	2.06154e-060
1638	81950	2.06154e-060
1639	82000	2.06154e-060
1640	82050	1.98487e-060
1641	82100	1.98487e-060
1642	82150	1.98487e-060
1643	82200	1.98487e-060
1644	82250	1.98487e-060
1645	82300	8.63863e-061
1646	82350	8.63863e-061
1647	82400	8.21428e-061
1648	82450	8.21428e-061
1649	82500	8.21428e-061
1650	82550	8.21428e-061
1651	82600	8.21428e-061
1652	82650	8.21428e-061
1653	82700	8.21428e-061
1654	82750	8.21428e-061
1655	82800	7.54122e-061
1656	82850	6.05327e-061
1657	82900	5.69563e-061
1658	82950	5.69563e-061
1659	83000	5.65035e-061
1660	83050	5.59249e-061
1661	83100	5.51594e-061
1662	83150	5.51594e-061
1663	83200	4.42587e-061
1664	83250	4.42587e-061
1665	83300	3.48366e-061
1666	83350	3.48366e-061
1667	83400	3.41605e-061
1668	83450	3.41605e-061
1669	83500	3.26767e-061
1670	83550	3.19594e-061
1671	83600	3.16966e-061
1672	83650	3.16344e-061
1673	83700	3.16344e-061
1674	83750	3.16344e-061
1675	83800	3.16344e-061
1676	83850	3.1454e-061
1677	83900	3.13341e-061
1678	83950	3.13341e-061
1679	84000	3.13341e-061
1680	84050	3.13341e-061
1681	84100	3.13341e-061
1682	84150	6.52693e-062
1683	84200	6.44783e-062
1684	84250	4.90016e-062
1685	84300	4.32684e-062
1686	84350	4.21993e-062
1687	84400	4.21993e-062
1688	84450	6.85721e-063
1689	84500	6.85721e-063
1690	84550	6.85721e-063
1691	84600	6.85721e-063
1692	84650	6.85721e-063
1693	84700	6.85721e-063
1694	84750	6.43214e-063
1695	84800	6.13585e-063
1696	84850	6.0739e-063
1697	84900	6.0739e-063
1698	84950	6.0739e-063
1699	85000	6.0739e-063
1700	85050	6.0739e-063
1701	85100	6.06754e-063
1702	85150	1.31902e-063
1703	85200	1.21136e-063
1704	85250	1.16287e-063
1705	85300	1.16287e-063
1706	85350	9.31785e-064
1707	85400	9.31785e-064
1708	85450	9.31785e-064
1709	85500	9.31785e-064
1710	85550	9.31785e-064
1711	85600	8.85394e-064
1712	85650	8.81025e-064
1713	85700	8.81025e-064
1714	85750	8.17092e-064
1715	85800	4.50157e-064
1716	85850	4.50157e-064
1717	85900	3.94321e-064
1718	85950	3.68256e-064
1719	86000	3.14089e-064
1720	86050	2.35018e-064
1721	86100	2.35018e-064
1722	86150	2.35018e-064
1723	86200	2.05449e-064
1724	86250	1.86997e-064
1725	86300	1.86997e-064
1726	86350	1.86997e-064
1727	86400	1.8224e-064
1728	86450	1.8224e-064
1729	86500	1.8224e-064
1730	86550	1.8224e-064
1731	86600	1.46779e-064
1732	86650	1.46779e-064
1733	86700	1.45176e-064
1734	86750	1.45176e-064
1735	86800	1.45176e-064
1736	86850	1.44618e-064
1737	86900	1.44618e-064
1738	86950	1.29504e-064
1739	87000	1.29504e-064
1740	87050	1.27902e-064
1741	87100	1.27902e-064
1742	87150	1.27902e-064
1743	87200	1.27902e-064
1744	87250	1.27902e-064
1745	87300	1.01444e-064
1746	87350	2.40428e-065
1747	87400	2.40428e-065
1748	87450	2.40428e-065
1749	87500	2.40428e-065
1750	87550	2.40428e-065
1751	87600	2.40428e-065
1752	87650	2.38631e-065
1753	87700	2.38631e-065
1754	87750	2.18797e-065
1755	87800	2.14751e-065
1756	87850	2.14751e-065
1757	87900	1.57062e-065
1758	87950	1.56627e-065
1759	88000	1.56627e-065
1760	88050	1.56627e-065
1761	88100	1.54898e-065
1762	88150	1.54898e-065
1763	88200	1.49853e-065
1764	88250	1.478e-065
1765	88300	1.10716e-065
1766	88350	1.08554e-065
1767	88400	6.55906e-066
1768	88450	6.55906e-066
1769	88500	6.55486e-066
1770	88550	5.5401e-066
1771	88600	5.5401e-066
1772	88650	5.5401e-066
1773	88700	2.78824e-066
1774	88750	2.78824e-066
1775	88800	2.75401e-066
1776	88850	2.75401e-066
1777	88900	1.87965e-066
1778	88950	1.87965e-066
1779	89000	3.85271e-067
1780	89050	3.85271e-067
1781	89100	2.54125e-067
1782	89150	2.54125e-067
1783	89200	2.54125e-067
1784	89250	2.54125e-067
1785	89300	2.54125e-067
1786	89350	2.54125e-067
1787	89400	2.54125e-067
1788	89450	2.54125e-067
1789	89500	2.53473e-067
1790	89550	2.53473e-067
1791	89600	1.16622e-067
1792	89650	1.16622e-067
1793	89700	1.16622e-067
1794	89750	1.16622e-067
1795	89800	1.16622e-067
1796	89850	1.16622e-067
1797	89900	6.88697e-068
1798	89950	6.69556e-068
1799	90000	6.69556e-068
1800	90050	6.03731e-068
1801	90100	6.03731e-068
1802	90150	6.01924e-068
1803	90200	6.01924e-068
1804	90250	6.01924e-068
1805	90300	5.51698e-068
1806	90350	5.51698e-068
1807	90400	4.08173e-068
1808	90450	4.08173e-068
1809	90500	3.6451e-068
1810	90550	3.6451e-068
1811	90600	3.6451e-068
1812	90650	3.6451e-068
1813	90700	3.6451e-068
1814	90750	3.40051e-068
1815	90800	2.32031e-068
1816	90850	2.04298e-068
1817	90900	1.85439e-068
1818	90950	7.83719e-069
1819	91000	6.11762e-069
1820	91050	6.11762e-069
1821	91100	6.11762e-069
1822	91150	4.18711e-069
1823	91200	4.18258e-069
1824	91250	4.18258e-069
1825	91300	4.18258e-069
1826	91350	4.18024e-069
1827	91400	4.18024e-069
1828	91450	4.18024e-069
1829	91500	4.18024e-069
1830	91550	4.14047e-069
1831	91600	4.14047e-069
1832	91650	4.14047e-069
1833	91700	4.10561e-069
1834	91750	4.10561e-069
1835	91800	4.00192e-069
1836	91850	3.92137e-069
1837	91900	1.6789e-069
1838	91950	1.6789e-069
1839	92000	1.6789e-069
1840	92050	1.6789e-069
1841	92100	1.6789e-069
1842	92150	3.98505e-070
1843	92200	3.98505e-070
1844	92250	3.98505e-070
1845	92300	3.98505e-070
1846	92350	3.98505e-070
1847	92400	3.46767e-070
1848	92450	3.46767e-070
1849	92500	3.00881e-070
1850	92550	2.87256e-070
1851	92600	2.87256e-070
1852	92650	1.39341e-070
1853	92700	1.39341e-070
1854	92750	1.39142e-070
1855	92800	1.29163e-070
1856	92850	1.29163e-070
1857	92900	1.25791e-070
1858	92950	1.25791e-070
1859	93000	1.25791e-070
1860	93050	1.25791e-070
1861	93100	1.25791e-070
1862	93150	1.25791e-070
1863	93200	1.25791e-070
1864	93250	1.24141e-070
1865	93300	1.24141e-070
1866	93350	1.24141e-070
1867	93400	1.24141e-070
1868	93450	1.11692e-070
1869	93500	3.1125e-071
1870	93550	3.1125e-071
1871	93600	3.09502e-071
1872	93650	3.09502e-071
1873	93700	4.0249e-072
1874	93750	4.0249e-072
1875	93800	4.0249e-072
1876	93850	4.0249e-072
1877	93900	4.0249e-072
1878	93950	2.71331e-072
1879	94000	2.71331e-072
1880	94050	2.71331e-072
1881	94100	2.26366e-072
1882	94150	2.26366e-072
1883	94200	2.26366e-072
1884	94250	1.99785e-072
1885	94300	1.99785e-072
1886	94350	1.65569e-072
1887	94400	1.47667e-072
1888	94450	1.47667e-072
1889	94500	1.40984e-072
1890	94550	1.40984e-072
1891	94600	1.40984e-072
1892	94650	1.40984e-072
1893	94700	1.34218e-072
1894	94750	1.2505e-072
1895	94800	1.2505e-072
1896	94850	1.2505e-072
1897	94900	1.24923e-072
1898	94950	1.24923e-072
1899	95000	9.88879e-073
1900	95050	9.88879e-073
1901	95100	9.88879e-073
1902	95150	8.38417e-073
1903	95200	8.32746e-073
1904	95250	8.32746e-073
1905	95300	8.32746e-073
1906	95350	7.98392e-073
1907	95400	7.98392e-073
1908	95450	7.97107e-073
1909	95500	7.97107e-073
1910	95550	6.4764e-073
1911	95600	6.4764e-073
1912	95650	6.4764e-073
1913	95700	2.23619e-073
1914	95750	2.22184e-073
1915	95800	2.22184e-073
1916	95850	2.22184e-073
1917	95900	2.2198e-073
1918	95950	2.2198e-073
1919	96000	1.65575e-073
1920	96050	1.65575e-073
1921	96100	1.57012e-073
1922	96150	1.43624e-073
1923	96200	1.43624e-073
1924	96250	1.21905e-073
1925	96300	1.21792e-073
1926	96350	8.51696e-074
1927	96400	4.94231e-074
1928	96450	4.94231e-074
1929	96500	4.67908e-074
1930	96550	4.67908e-074
1931	96600	4.29174e-074
1932	96650	4.21343e-074
1933	96700	4.21343e-074
1934	96750	4.21343e-074
1935	96800	4.21343e-074
1936	96850	4.19574e-074
1937	96900	3.45309e-074
1938	96950	3.37413e-074
1939	97000	1.93197e-074
1940	97050	1.85358e-074
1941	97100	1.85358e-074
1942	97150	1.85358e-074
1943	97200	1.85358e-074
1944	97250	1.85358e-074
1945	97300	1.85358e-074
1946	97350	1.85009e-074
1947	97400	1.85009e-074
1948	97450	1.59705e-074
1949	97500	1.59705e-074
1950	97550	1.55434e-074
1951	97600	1.4786e-074
1952	97650	1.4786e-074
1953	97700	1.44963e-074
1954	97750	1.44963e-074
1955	97800	1.42928e-074
1956	97850	1.42686e-074
1957	97900	1.42686e-074
1958	97950	3.19481e-075
1959	98000	3.19481e-075
1960	98050	3.19481e-075
1961	98100	3.19481e-075
1962	98150	3.19481e-075
1963	98200	2.07856e-075
1964	98250	1.88148e-075
1965	98300	1.88148e-075
1966	98350	6.46569e-076
1967	98400	6.31996e-076
1968	98450	6.20438e-076
1969	98500	6.20438e-076
1970	98550	3.97216e-076
1971	98600	3.97216e-076
1972	98650	3.97216e-076
1973	98700	3.97216e-076
1974	98750	3.97216e-076
1975	98800	3.28322e-076
1976	98850	3.13928e-076
1977	98900	2.54952e-076
1978	98950	2.54952e-076
1979	99000	2.3035e-076
1980	99050	2.3035e-076
1981	99100	2.08379e-076
1982	99150	2.07389e-076
1983	99200	2.07389e-076
1984	99250	2.07389e-076
1985	99300	2.07389e-076
1986	99350	2.07389e-076
1987	99400	2.07389e-076
1988	99450	2.07389e-076
1989	99500	1.27755e-076
1990	99550	6.46312e-077
1991	99600	5.09975e-077
1992	99650	5.09975e-077
1993	99700	5.09975e-077
1994	99750	5.09975e-077
1995	99800	5.09975e-077
1996	99850	1.35806e-077
1997	99900	1.35806e-077
1998	99950	8.69853e-078
1999	100000	8.69853e-078
2000	100050	8.69853e-078
