1	100	0
2	150	1129.66
3	200	1129.66
4	250	1129.66
5	300	1037.15
6	350	925.037
7	400	630.256
8	450	630.256
9	500	538.019
10	550	538.019
11	600	538.019
12	650	305.259
13	700	294.807
14	750	265.371
15	800	265.371
16	850	265.371
17	900	265.371
18	950	265.371
19	1000	265.371
20	1050	265.371
21	1100	265.371
22	1150	265.371
23	1200	265.371
24	1250	265.371
25	1300	184.622
26	1350	184.622
27	1400	174.66
28	1450	171.07
29	1500	171.07
30	1550	171.07
31	1600	170.557
32	1650	135.962
33	1700	135.962
34	1750	135.121
35	1800	135.121
36	1850	135.121
37	1900	135.121
38	1950	135.121
39	2000	135.121
40	2050	135.121
41	2100	135.121
42	2150	135.121
43	2200	72.3514
44	2250	72.3514
45	2300	68.6331
46	2350	49.0682
47	2400	49.0682
48	2450	49.0682
49	2500	49.0682
50	2550	49.0682
51	2600	49.0682
52	2650	49.0682
53	2700	49.0682
54	2750	49.0682
55	2800	49.0682
56	2850	49.0682
57	2900	49.0682
58	2950	47.2856
59	3000	47.2856
60	3050	47.2856
61	3100	47.2856
62	3150	47.2856
63	3200	44.0525
64	3250	42.979
65	3300	42.979
66	3350	42.979
67	3400	42.979
68	3450	42.8461
69	3500	40.5123
70	3550	39.6225
71	3600	38.9949
72	3650	38.8456
73	3700	38.8456
74	3750	23.5177
75	3800	23.5177
76	3850	23.5177
77	3900	23.5177
78	3950	17.3536
79	4000	17.3536
80	4050	14.712
81	4100	14.712
82	4150	14.712
83	4200	14.712
84	4250	14.712
85	4300	14.712
86	4350	7.51787
87	4400	4.86284
88	4450	4.86284
89	4500	4.86284
90	4550	4.86284
91	4600	4.86284
92	4650	4.86284
93	4700	4.85894
94	4750	4.85894
95	4800	4.58027
96	4850	0.624559
97	4900	0.624559
98	4950	0.624559
99	5000	0.624559
100	5050	0.624559
101	5100	0.611182
102	5150	0.611182
103	5200	0.611182
104	5250	0.611182
105	5300	0.611182
106	5350	0.611182
107	5400	0.611182
108	5450	0.611182
109	5500	0.59273
110	5550	0.59273
111	5600	0.538237
112	5650	0.538237
113	5700	0.427198
114	5750	0.262664
115	5800	0.262664
116	5850	0.262664
117	5900	0.262664
118	5950	0.262664
119	6000	0.228282
120	6050	0.206985
121	6100	0.206985
122	6150	0.206985
123	6200	0.188447
124	6250	0.188447
125	6300	0.17782
126	6350	0.17782
127	6400	0.17782
128	6450	0.122284
129	6500	0.118087
130	6550	0.118087
131	6600	0.118087
132	6650	0.118087
133	6700	0.101128
134	6750	0.101128
135	6800	0.0676765
136	6850	0.0676765
137	6900	0.0676765
138	6950	0.0429822
139	7000	0.0429822
140	7050	0.0429822
141	7100	0.0429822
142	7150	0.0429822
143	7200	0.0429822
144	7250	0.0429822
145	7300	0.0429822
146	7350	0.0394897
147	7400	0.0394897
148	7450	0.0394604
149	7500	0.0392958
150	7550	0.0392958
151	7600	0.0345971
152	7650	0.0345971
153	7700	0.00793705
154	7750	0.00793705
155	7800	0.00793705
156	7850	0.00793705
157	7900	0.00793705
158	7950	0.00793705
159	8000	0.00793705
160	8050	0.00793705
161	8100	0.00614966
162	8150	0.00614966
163	8200	0.00614966
164	8250	0.00614966
165	8300	0.00614966
166	8350	0.00578314
167	8400	0.00561588
168	8450	0.00561588
169	8500	0.00561588
170	8550	0.00256854
171	8600	0.00256854
172	8650	0.00256854
173	8700	0.00256854
174	8750	0.00256854
175	8800	0.00256854
176	8850	0.00236383
177	8900	0.00236383
178	8950	0.00236383
179	9000	0.00236383
180	9050	0.0022838
181	9100	0.0022838
182	9150	0.0022838
183	9200	0.0022838
184	9250	0.0022838
185	9300	0.0022838
186	9350	0.0022838
187	9400	0.0022838
188	9450	0.0022838
189	9500	0.0022838
190	9550	0.0022838
191	9600	0.00179653
192	9650	0.00179653
193	9700	0.00179653
194	9750	0.00108874
195	9800	0.00108874
196	9850	0.00108874
197	9900	0.0010608
198	9950	0.0010453
199	10000	0.0010453
200	10050	0.0010453
201	10100	0.0010453
202	10150	0.00104296
203	10200	0.00104296
204	10250	0.00104296
205	10300	0.00104296
206	10350	0.00104296
207	10400	0.00104296
208	10450	0.000993647
209	10500	0.000993647
210	10550	0.000963644
211	10600	0.000963644
212	10650	0.000963644
213	10700	0.00053554
214	10750	0.00053554
215	10800	0.00053554
216	10850	0.00053554
217	10900	0.000419268
218	10950	0.000419268
219	11000	0.000332037
220	11050	0.000332037
221	11100	0.000270439
222	11150	0.000121107
223	11200	0.000121107
224	11250	0.000121107
225	11300	0.000121107
226	11350	0.000121107
227	11400	6.42888e-005
228	11450	6.42888e-005
229	11500	6.42888e-005
230	11550	6.42888e-005
231	11600	6.42888e-005
232	11650	6.42888e-005
233	11700	5.49053e-005
234	11750	5.49053e-005
235	11800	4.46722e-005
236	11850	4.46722e-005
237	11900	3.04066e-005
238	11950	3.04066e-005
239	12000	3.04066e-005
240	12050	3.04066e-005
241	12100	3.04066e-005
242	12150	3.04066e-005
243	12200	3.04066e-005
244	12250	2.83244e-005
245	12300	2.83244e-005
246	12350	2.79128e-005
247	12400	2.79128e-005
248	12450	1.3374e-005
249	12500	1.3374e-005
250	12550	1.3374e-005
251	12600	1.04566e-005
252	12650	1.04566e-005
253	12700	1.01295e-005
254	12750	1.01295e-005
255	12800	1.01295e-005
256	12850	1.01295e-005
257	12900	1.01295e-005
258	12950	8.55864e-006
259	13000	8.55774e-006
260	13050	7.32976e-006
261	13100	7.18009e-006
262	13150	6.23101e-006
263	13200	2.78333e-006
264	13250	2.78333e-006
265	13300	2.78333e-006
266	13350	2.78333e-006
267	13400	2.78333e-006
268	13450	2.78333e-006
269	13500	2.78333e-006
270	13550	2.78333e-006
271	13600	2.62975e-006
272	13650	2.62975e-006
273	13700	2.62975e-006
274	13750	1.75289e-006
275	13800	1.75289e-006
276	13850	1.75289e-006
277	13900	1.75289e-006
278	13950	1.30308e-006
279	14000	1.30308e-006
280	14050	1.24727e-006
281	14100	1.24727e-006
282	14150	1.24727e-006
283	14200	1.24727e-006
284	14250	1.17262e-006
285	14300	1.17262e-006
286	14350	1.17262e-006
287	14400	1.17262e-006
288	14450	8.23358e-007
289	14500	8.22684e-007
290	14550	8.10513e-007
291	14600	8.10513e-007
292	14650	4.53064e-007
293	14700	4.12906e-007
294	14750	4.12906e-007
295	14800	4.12906e-007
296	14850	4.12906e-007
297	14900	3.40448e-007
298	14950	3.40448e-007
299	15000	3.40448e-007
300	15050	3.4017e-007
301	15100	3.4017e-007
302	15150	3.4017e-007
303	15200	3.13164e-007
304	15250	3.13164e-007
305	15300	3.07466e-007
306	15350	5.63292e-008
307	15400	5.63292e-008
308	15450	5.63292e-008
309	15500	5.63292e-008
310	15550	5.63292e-008
311	15600	4.71086e-008
312	15650	4.71086e-008
313	15700	4.71086e-008
314	15750	4.71086e-008
315	15800	4.70748e-008
316	15850	4.55395e-008
317	15900	4.48362e-008
318	15950	4.48362e-008
319	16000	4.48362e-008
320	16050	3.87521e-008
321	16100	2.3699e-008
322	16150	2.36772e-008
323	16200	1.88032e-008
324	16250	1.63391e-008
325	16300	1.63391e-008
326	16350	1.63391e-008
327	16400	1.63391e-008
328	16450	1.63391e-008
329	16500	1.54482e-008
330	16550	1.54482e-008
331	16600	1.54482e-008
332	16650	1.44121e-008
333	16700	1.44121e-008
334	16750	1.44121e-008
335	16800	1.44121e-008
336	16850	1.44121e-008
337	16900	1.44121e-008
338	16950	1.11762e-008
339	17000	1.11762e-008
340	17050	1.11762e-008
341	17100	1.11762e-008
342	17150	9.05102e-009
343	17200	8.07856e-009
344	17250	8.07856e-009
345	17300	8.07856e-009
346	17350	8.07856e-009
347	17400	4.81088e-009
348	17450	4.81088e-009
349	17500	4.78282e-009
350	17550	4.78282e-009
351	17600	4.78282e-009
352	17650	4.78282e-009
353	17700	4.71171e-009
354	17750	4.62049e-009
355	17800	3.91779e-009
356	17850	3.91779e-009
357	17900	3.91779e-009
358	17950	3.91779e-009
359	18000	3.21214e-009
360	18050	3.19446e-009
361	18100	3.19446e-009
362	18150	2.99823e-009
363	18200	2.97347e-009
364	18250	2.8588e-009
365	18300	2.84835e-009
366	18350	2.58179e-009
367	18400	2.47132e-009
368	18450	2.05088e-009
369	18500	1.86122e-009
370	18550	1.86122e-009
371	18600	1.86013e-009
372	18650	1.47901e-009
373	18700	1.38133e-009
374	18750	1.38133e-009
375	18800	1.38133e-009
376	18850	1.30583e-009
377	18900	1.30583e-009
378	18950	1.30583e-009
379	19000	1.16791e-009
380	19050	1.03918e-009
381	19100	9.43058e-010
382	19150	8.07845e-010
383	19200	7.67141e-010
384	19250	6.99884e-010
385	19300	6.99884e-010
386	19350	6.7942e-010
387	19400	6.7942e-010
388	19450	6.7942e-010
389	19500	2.15287e-010
390	19550	2.15287e-010
391	19600	2.06066e-010
392	19650	2.06066e-010
393	19700	2.02088e-010
394	19750	2.02088e-010
395	19800	2.02088e-010
396	19850	2.00626e-010
397	19900	1.40024e-010
398	19950	1.40024e-010
399	20000	1.40024e-010
400	20050	1.40024e-010
401	20100	1.36496e-010
402	20150	1.36496e-010
403	20200	1.36496e-010
404	20250	1.1865e-010
405	20300	1.1865e-010
406	20350	1.1865e-010
407	20400	1.1865e-010
408	20450	1.1865e-010
409	20500	1.13873e-010
410	20550	1.13873e-010
411	20600	1.13873e-010
412	20650	1.13873e-010
413	20700	1.13873e-010
414	20750	7.12735e-011
415	20800	7.12735e-011
416	20850	7.12735e-011
417	20900	7.06684e-011
418	20950	7.06684e-011
419	21000	7.06684e-011
420	21050	7.06684e-011
421	21100	6.92715e-011
422	21150	6.92715e-011
423	21200	6.68184e-011
424	21250	6.68184e-011
425	21300	6.54268e-011
426	21350	6.53301e-011
427	21400	6.48799e-011
428	21450	6.4434e-011
429	21500	6.04202e-011
430	21550	6.04202e-011
431	21600	6.04202e-011
432	21650	6.04202e-011
433	21700	6.04202e-011
434	21750	6.04202e-011
435	21800	5.91186e-011
436	21850	5.91186e-011
437	21900	5.91186e-011
438	21950	5.91186e-011
439	22000	5.91186e-011
440	22050	5.91186e-011
441	22100	5.91186e-011
442	22150	5.91186e-011
443	22200	5.90293e-011
444	22250	5.88941e-011
445	22300	5.88941e-011
446	22350	5.88941e-011
447	22400	5.88941e-011
448	22450	5.88941e-011
449	22500	8.64071e-012
450	22550	8.40245e-012
451	22600	8.40245e-012
452	22650	8.16257e-012
453	22700	2.57846e-012
454	22750	2.57846e-012
455	22800	2.57846e-012
456	22850	2.57846e-012
457	22900	3.25078e-013
458	22950	3.25078e-013
459	23000	3.25078e-013
460	23050	3.25078e-013
461	23100	3.25078e-013
462	23150	2.00629e-013
463	23200	2.00629e-013
464	23250	2.00629e-013
465	23300	2.00629e-013
466	23350	2.00629e-013
467	23400	2.00629e-013
468	23450	2.00629e-013
469	23500	2.00629e-013
470	23550	2.00629e-013
471	23600	2.00629e-013
472	23650	6.64893e-014
473	23700	6.64893e-014
474	23750	6.64893e-014
475	23800	6.64893e-014
476	23850	6.64893e-014
477	23900	6.64893e-014
478	23950	5.20651e-014
479	24000	5.20651e-014
480	24050	5.20651e-014
481	24100	5.02193e-014
482	24150	5.02193e-014
483	24200	4.72926e-014
484	24250	4.72926e-014
485	24300	4.69413e-014
486	24350	4.69413e-014
487	24400	4.69413e-014
488	24450	4.69413e-014
489	24500	4.69413e-014
490	24550	4.69413e-014
491	24600	4.04896e-014
492	24650	2.22384e-014
493	24700	2.22384e-014
494	24750	2.22384e-014
495	24800	2.22384e-014
496	24850	2.22384e-014
497	24900	2.22384e-014
498	24950	2.01939e-014
499	25000	2.01939e-014
500	25050	2.01939e-014
501	25100	2.01939e-014
502	25150	2.01939e-014
503	25200	2.01939e-014
504	25250	2.01939e-014
505	25300	1.98894e-014
506	25350	1.98894e-014
507	25400	1.98894e-014
508	25450	1.98894e-014
509	25500	1.98894e-014
510	25550	1.98894e-014
511	25600	1.74771e-014
512	25650	1.74771e-014
513	25700	1.74771e-014
514	25750	1.5534e-014
515	25800	1.5534e-014
516	25850	1.5534e-014
517	25900	1.54976e-014
518	25950	1.54976e-014
519	26000	1.54976e-014
520	26050	1.54976e-014
521	26100	1.54976e-014
522	26150	1.20661e-014
523	26200	1.20661e-014
524	26250	1.20661e-014
525	26300	1.20661e-014
526	26350	1.20661e-014
527	26400	1.18394e-014
528	26450	6.64233e-015
529	26500	6.64233e-015
530	26550	4.06365e-015
531	26600	4.06365e-015
532	26650	4.06365e-015
533	26700	3.70392e-015
534	26750	1.9077e-015
535	26800	1.9077e-015
536	26850	1.9077e-015
537	26900	1.9077e-015
538	26950	1.9077e-015
539	27000	1.9077e-015
540	27050	1.9077e-015
541	27100	1.9077e-015
542	27150	1.4802e-015
543	27200	1.4802e-015
544	27250	1.4802e-015
545	27300	8.94885e-016
546	27350	8.94426e-016
547	27400	8.94426e-016
548	27450	8.94426e-016
549	27500	8.94426e-016
550	27550	8.94426e-016
551	27600	8.94426e-016
552	27650	8.55505e-016
553	27700	8.55505e-016
554	27750	8.55505e-016
555	27800	8.55505e-016
556	27850	4.57304e-016
557	27900	4.57304e-016
558	27950	4.57304e-016
559	28000	4.57304e-016
560	28050	3.00197e-016
561	28100	1.33639e-016
562	28150	1.33639e-016
563	28200	1.33639e-016
564	28250	1.32948e-016
565	28300	1.32948e-016
566	28350	1.32948e-016
567	28400	7.63408e-017
568	28450	7.63408e-017
569	28500	7.63408e-017
570	28550	7.63408e-017
571	28600	7.63408e-017
572	28650	7.63408e-017
573	28700	6.61537e-017
574	28750	6.52119e-017
575	28800	6.13496e-017
576	28850	6.13496e-017
577	28900	6.13496e-017
578	28950	6.13496e-017
579	29000	6.13496e-017
580	29050	6.09042e-017
581	29100	1.62677e-017
582	29150	1.62677e-017
583	29200	1.62677e-017
584	29250	1.62677e-017
585	29300	1.62677e-017
586	29350	1.52944e-017
587	29400	1.52944e-017
588	29450	1.52944e-017
589	29500	1.52944e-017
590	29550	1.44781e-017
591	29600	1.44781e-017
592	29650	1.44781e-017
593	29700	1.44781e-017
594	29750	1.44781e-017
595	29800	1.31638e-017
596	29850	8.34411e-018
597	29900	6.23985e-018
598	29950	6.23985e-018
599	30000	6.23985e-018
600	30050	5.3654e-018
601	30100	5.3654e-018
602	30150	5.3654e-018
603	30200	5.3654e-018
604	30250	4.28381e-018
605	30300	4.28381e-018
606	30350	4.28381e-018
607	30400	4.28381e-018
608	30450	4.28381e-018
609	30500	4.22261e-018
610	30550	4.22261e-018
611	30600	4.22261e-018
612	30650	4.22261e-018
613	30700	4.02544e-018
614	30750	1.57967e-018
615	30800	1.57967e-018
616	30850	1.57967e-018
617	30900	1.57967e-018
618	30950	1.57967e-018
619	31000	1.53818e-018
620	31050	6.67382e-019
621	31100	6.67382e-019
622	31150	6.67382e-019
623	31200	6.67382e-019
624	31250	6.67382e-019
625	31300	6.67382e-019
626	31350	6.67382e-019
627	31400	6.67382e-019
628	31450	5.97333e-019
629	31500	5.97333e-019
630	31550	5.97333e-019
631	31600	5.97333e-019
632	31650	5.97333e-019
633	31700	5.97333e-019
634	31750	5.97333e-019
635	31800	5.97333e-019
636	31850	4.90826e-019
637	31900	2.95474e-019
638	31950	2.55067e-019
639	32000	2.55067e-019
640	32050	2.55067e-019
641	32100	2.55067e-019
642	32150	2.55067e-019
643	32200	2.55067e-019
644	32250	2.55067e-019
645	32300	2.55067e-019
646	32350	2.55067e-019
647	32400	2.55067e-019
648	32450	2.55067e-019
649	32500	2.55067e-019
650	32550	2.55067e-019
651	32600	1.60751e-019
652	32650	1.60751e-019
653	32700	1.48396e-019
654	32750	1.39246e-019
655	32800	1.33882e-019
656	32850	1.33882e-019
657	32900	1.33882e-019
658	32950	1.33882e-019
659	33000	9.9394e-020
660	33050	9.9394e-020
661	33100	8.30828e-020
662	33150	8.30828e-020
663	33200	7.33313e-020
664	33250	5.37922e-020
665	33300	5.37922e-020
666	33350	5.37922e-020
667	33400	5.36076e-020
668	33450	5.36076e-020
669	33500	5.11961e-020
670	33550	5.11961e-020
671	33600	4.52246e-020
672	33650	4.48428e-020
673	33700	4.2123e-020
674	33750	3.00636e-020
675	33800	2.29316e-020
676	33850	2.22176e-020
677	33900	2.22176e-020
678	33950	1.92983e-020
679	34000	1.6481e-020
680	34050	1.45786e-020
681	34100	1.45786e-020
682	34150	1.31444e-020
683	34200	1.31444e-020
684	34250	7.16852e-021
685	34300	6.77119e-021
686	34350	6.77119e-021
687	34400	6.27102e-021
688	34450	6.27102e-021
689	34500	6.27102e-021
690	34550	6.16715e-021
691	34600	6.16715e-021
692	34650	6.16715e-021
693	34700	6.16715e-021
694	34750	6.16715e-021
695	34800	5.26051e-021
696	34850	5.26051e-021
697	34900	5.11483e-021
698	34950	5.06377e-021
699	35000	5.06377e-021
700	35050	4.31002e-021
701	35100	4.31002e-021
702	35150	3.88745e-021
703	35200	2.86972e-021
704	35250	2.38811e-021
705	35300	2.38811e-021
706	35350	2.12812e-021
707	35400	2.12812e-021
708	35450	2.12812e-021
709	35500	2.12812e-021
710	35550	1.92469e-021
711	35600	1.88047e-021
712	35650	1.88047e-021
713	35700	1.87063e-021
714	35750	1.61643e-021
715	35800	1.61643e-021
716	35850	1.61643e-021
717	35900	1.41297e-021
718	35950	1.31928e-021
719	36000	1.31928e-021
720	36050	1.31928e-021
721	36100	1.05994e-021
722	36150	9.53274e-022
723	36200	9.379e-022
724	36250	9.379e-022
725	36300	9.379e-022
726	36350	9.35258e-022
727	36400	9.35258e-022
728	36450	9.06491e-022
729	36500	8.16356e-022
730	36550	8.16356e-022
731	36600	6.31482e-022
732	36650	6.31482e-022
733	36700	6.31482e-022
734	36750	6.1203e-022
735	36800	6.10285e-022
736	36850	5.9418e-022
737	36900	5.9418e-022
738	36950	5.90191e-022
739	37000	5.90191e-022
740	37050	5.89854e-022
741	37100	2.45832e-022
742	37150	2.45832e-022
743	37200	2.45832e-022
744	37250	2.2986e-022
745	37300	2.08411e-022
746	37350	1.78516e-022
747	37400	1.78516e-022
748	37450	1.15132e-022
749	37500	1.15132e-022
750	37550	1.13303e-022
751	37600	1.13303e-022
752	37650	1.13303e-022
753	37700	1.13303e-022
754	37750	1.11209e-022
755	37800	1.11209e-022
756	37850	1.11209e-022
757	37900	1.08459e-022
758	37950	2.4754e-023
759	38000	2.38971e-023
760	38050	2.3169e-023
761	38100	2.3169e-023
762	38150	9.62382e-024
763	38200	8.21532e-024
764	38250	8.21532e-024
765	38300	8.21532e-024
766	38350	6.19774e-024
767	38400	6.09632e-024
768	38450	6.09632e-024
769	38500	6.08096e-024
770	38550	5.83832e-024
771	38600	3.16339e-024
772	38650	3.16339e-024
773	38700	3.16339e-024
774	38750	3.01256e-024
775	38800	3.01256e-024
776	38850	3.01256e-024
777	38900	3.01256e-024
778	38950	3.01256e-024
779	39000	3.01256e-024
780	39050	2.95657e-024
781	39100	2.95657e-024
782	39150	2.33788e-024
783	39200	2.33788e-024
784	39250	2.33788e-024
785	39300	2.33788e-024
786	39350	2.33788e-024
787	39400	2.33788e-024
788	39450	1.92831e-024
789	39500	1.90738e-024
790	39550	1.90738e-024
791	39600	1.85282e-024
792	39650	1.85066e-024
793	39700	1.82154e-024
794	39750	1.78751e-024
795	39800	1.78751e-024
796	39850	1.75034e-024
797	39900	5.16287e-025
798	39950	4.78913e-025
799	40000	4.78913e-025
800	40050	4.78913e-025
801	40100	4.78913e-025
802	40150	4.78913e-025
803	40200	4.78913e-025
804	40250	4.78913e-025
805	40300	3.74288e-025
806	40350	3.47994e-025
807	40400	2.92772e-025
808	40450	2.57807e-025
809	40500	2.56509e-025
810	40550	2.52209e-025
811	40600	2.52209e-025
812	40650	2.52209e-025
813	40700	2.52209e-025
814	40750	2.28291e-025
815	40800	2.28291e-025
816	40850	2.28153e-025
817	40900	2.27772e-025
818	40950	2.27772e-025
819	41000	2.27736e-025
820	41050	2.21443e-025
821	41100	2.21443e-025
822	41150	2.21443e-025
823	41200	2.21443e-025
824	41250	2.11791e-025
825	41300	2.11791e-025
826	41350	2.11791e-025
827	41400	2.11791e-025
828	41450	2.11791e-025
829	41500	2.1168e-025
830	41550	5.19833e-026
831	41600	5.19833e-026
832	41650	3.43157e-026
833	41700	3.30404e-026
834	41750	3.30404e-026
835	41800	2.79116e-026
836	41850	2.79116e-026
837	41900	2.77375e-026
838	41950	2.77375e-026
839	42000	2.77375e-026
840	42050	2.77375e-026
841	42100	2.77375e-026
842	42150	1.04605e-026
843	42200	1.04605e-026
844	42250	1.04605e-026
845	42300	1.04605e-026
846	42350	1.04605e-026
847	42400	1.04605e-026
848	42450	7.55325e-027
849	42500	6.80064e-027
850	42550	4.76327e-027
851	42600	4.76327e-027
852	42650	4.76327e-027
853	42700	4.76327e-027
854	42750	4.66293e-027
855	42800	4.66293e-027
856	42850	4.66293e-027
857	42900	3.36902e-027
858	42950	3.36902e-027
859	43000	2.24936e-027
860	43050	1.97596e-027
861	43100	1.86247e-027
862	43150	1.86247e-027
863	43200	1.86247e-027
864	43250	1.7374e-027
865	43300	1.72329e-027
866	43350	1.58523e-027
867	43400	1.34934e-027
868	43450	1.34934e-027
869	43500	1.34934e-027
870	43550	1.26623e-027
871	43600	9.79386e-028
872	43650	9.79386e-028
873	43700	9.79386e-028
874	43750	7.64676e-028
875	43800	7.64676e-028
876	43850	6.79512e-028
877	43900	5.59598e-028
878	43950	5.59598e-028
879	44000	5.59598e-028
880	44050	5.59598e-028
881	44100	5.59598e-028
882	44150	5.59598e-028
883	44200	5.18018e-028
884	44250	5.18018e-028
885	44300	5.18018e-028
886	44350	5.18018e-028
887	44400	5.11975e-028
888	44450	5.11975e-028
889	44500	5.11975e-028
890	44550	4.87021e-028
891	44600	3.92798e-028
892	44650	3.56828e-028
893	44700	3.56828e-028
894	44750	3.56788e-028
895	44800	3.28126e-028
896	44850	3.15619e-028
897	44900	3.15619e-028
898	44950	3.15619e-028
899	45000	3.15619e-028
900	45050	3.15619e-028
901	45100	2.29173e-028
902	45150	2.26871e-028
903	45200	2.26871e-028
904	45250	2.26871e-028
905	45300	2.01115e-028
906	45350	1.99492e-028
907	45400	1.99492e-028
908	45450	1.99492e-028
909	45500	1.99492e-028
910	45550	1.99492e-028
911	45600	1.99056e-028
912	45650	1.99056e-028
913	45700	1.98635e-028
914	45750	1.98635e-028
915	45800	1.97712e-028
916	45850	1.97712e-028
917	45900	1.97712e-028
918	45950	2.23788e-029
919	46000	2.19405e-029
920	46050	2.19405e-029
921	46100	2.1926e-029
922	46150	2.1926e-029
923	46200	2.18649e-029
924	46250	2.18649e-029
925	46300	2.15361e-029
926	46350	2.12013e-029
927	46400	2.12013e-029
928	46450	2.11401e-029
929	46500	4.79861e-030
930	46550	4.79861e-030
931	46600	1.34942e-030
932	46650	1.34942e-030
933	46700	1.34942e-030
934	46750	1.34942e-030
935	46800	9.02331e-031
936	46850	9.02331e-031
937	46900	9.02331e-031
938	46950	9.02331e-031
939	47000	9.02331e-031
940	47050	9.02331e-031
941	47100	8.64906e-031
942	47150	7.02164e-031
943	47200	7.02164e-031
944	47250	6.08264e-031
945	47300	5.31079e-031
946	47350	5.31079e-031
947	47400	5.31079e-031
948	47450	4.84534e-031
949	47500	4.84534e-031
950	47550	4.84534e-031
951	47600	4.33122e-031
952	47650	4.33102e-031
953	47700	4.33102e-031
954	47750	1.87021e-031
955	47800	1.82169e-031
956	47850	1.82169e-031
957	47900	1.82169e-031
958	47950	1.82169e-031
959	48000	1.82169e-031
960	48050	1.31526e-031
961	48100	1.31526e-031
962	48150	6.88032e-032
963	48200	6.00012e-032
964	48250	6.00012e-032
965	48300	6.00012e-032
966	48350	6.00012e-032
967	48400	6.00012e-032
968	48450	6.00012e-032
969	48500	6.00012e-032
970	48550	6.00012e-032
971	48600	5.99391e-032
972	48650	2.03134e-032
973	48700	1.82012e-032
974	48750	1.82012e-032
975	48800	1.70689e-032
976	48850	1.70689e-032
977	48900	1.65239e-032
978	48950	1.52066e-032
979	49000	1.52066e-032
980	49050	1.52066e-032
981	49100	1.52066e-032
982	49150	1.52066e-032
983	49200	1.16353e-032
984	49250	1.16353e-032
985	49300	1.16353e-032
986	49350	1.16353e-032
987	49400	1.01502e-032
988	49450	1.01502e-032
989	49500	9.01274e-033
990	49550	9.01274e-033
991	49600	9.01274e-033
992	49650	5.10528e-033
993	49700	5.10528e-033
994	49750	5.01781e-033
995	49800	5.01781e-033
996	49850	5.01781e-033
997	49900	5.01781e-033
998	49950	3.34422e-033
999	50000	3.34422e-033
1000	50050	3.34422e-033
1001	50100	3.24142e-033
1002	50150	3.24142e-033
1003	50200	2.69126e-033
1004	50250	2.51972e-033
1005	50300	2.5161e-033
1006	50350	1.86617e-033
1007	50400	1.86617e-033
1008	50450	1.86617e-033
1009	50500	1.86617e-033
1010	50550	1.86617e-033
1011	50600	8.12818e-034
1012	50650	8.03122e-034
1013	50700	7.23171e-034
1014	50750	7.23171e-034
1015	50800	6.76939e-034
1016	50850	6.76939e-034
1017	50900	6.76939e-034
1018	50950	6.76939e-034
1019	51000	6.76939e-034
1020	51050	6.76939e-034
1021	51100	6.76939e-034
1022	51150	5.68134e-034
1023	51200	5.68134e-034
1024	51250	5.68134e-034
1025	51300	2.80635e-034
1026	51350	2.80635e-034
1027	51400	2.80635e-034
1028	51450	2.80635e-034
1029	51500	2.80635e-034
1030	51550	2.60091e-034
1031	51600	2.60091e-034
1032	51650	2.56368e-034
1033	51700	2.56368e-034
1034	51750	2.5631e-034
1035	51800	2.5631e-034
1036	51850	2.5631e-034
1037	51900	2.5631e-034
1038	51950	2.15727e-034
1039	52000	2.15727e-034
1040	52050	2.15727e-034
1041	52100	2.15727e-034
1042	52150	2.15727e-034
1043	52200	2.06187e-034
1044	52250	2.06187e-034
1045	52300	2.06187e-034
1046	52350	2.06187e-034
1047	52400	2.05489e-034
1048	52450	2.05489e-034
1049	52500	2.05489e-034
1050	52550	1.71788e-034
1051	52600	5.80576e-035
1052	52650	5.79509e-035
1053	52700	5.79509e-035
1054	52750	5.79509e-035
1055	52800	3.67828e-035
1056	52850	3.62906e-035
1057	52900	2.05876e-035
1058	52950	2.05876e-035
1059	53000	1.99011e-035
1060	53050	1.99011e-035
1061	53100	1.86019e-035
1062	53150	1.03337e-035
1063	53200	1.03337e-035
1064	53250	1.03337e-035
1065	53300	1.03337e-035
1066	53350	1.03337e-035
1067	53400	9.68351e-036
1068	53450	9.36925e-036
1069	53500	9.36925e-036
1070	53550	9.32702e-036
1071	53600	9.11122e-036
1072	53650	6.27171e-036
1073	53700	5.93258e-036
1074	53750	5.93258e-036
1075	53800	5.93258e-036
1076	53850	5.93258e-036
1077	53900	5.93258e-036
1078	53950	5.93258e-036
1079	54000	5.93258e-036
1080	54050	5.93258e-036
1081	54100	5.93258e-036
1082	54150	5.61921e-036
1083	54200	5.14328e-036
1084	54250	4.03706e-036
1085	54300	3.93464e-036
1086	54350	3.93464e-036
1087	54400	8.42677e-037
1088	54450	5.01804e-037
1089	54500	5.01804e-037
1090	54550	4.93377e-037
1091	54600	4.93377e-037
1092	54650	4.93377e-037
1093	54700	4.85585e-037
1094	54750	4.65295e-037
1095	54800	4.49874e-037
1096	54850	4.4081e-037
1097	54900	4.4081e-037
1098	54950	4.4081e-037
1099	55000	4.4081e-037
1100	55050	3.23583e-037
1101	55100	1.21819e-037
1102	55150	1.21819e-037
1103	55200	1.21819e-037
1104	55250	1.21819e-037
1105	55300	1.21819e-037
1106	55350	1.1068e-037
1107	55400	9.01478e-038
1108	55450	9.01478e-038
1109	55500	9.01478e-038
1110	55550	8.46893e-038
1111	55600	8.46893e-038
1112	55650	8.41875e-038
1113	55700	8.41875e-038
1114	55750	8.41082e-038
1115	55800	8.41082e-038
1116	55850	7.60536e-038
1117	55900	7.60536e-038
1118	55950	7.54488e-038
1119	56000	7.54488e-038
1120	56050	7.54488e-038
1121	56100	4.50529e-038
1122	56150	4.50529e-038
1123	56200	4.50529e-038
1124	56250	4.50529e-038
1125	56300	4.4234e-038
1126	56350	4.4234e-038
1127	56400	4.4234e-038
1128	56450	4.4234e-038
1129	56500	4.4234e-038
1130	56550	3.60116e-038
1131	56600	1.53671e-038
1132	56650	1.38437e-038
1133	56700	1.38437e-038
1134	56750	1.09763e-038
1135	56800	1.09763e-038
1136	56850	1.09763e-038
1137	56900	1.09763e-038
1138	56950	1.09763e-038
1139	57000	1.09289e-038
1140	57050	1.06275e-038
1141	57100	1.06275e-038
1142	57150	1.06275e-038
1143	57200	1.06032e-038
1144	57250	1.02891e-038
1145	57300	8.80081e-039
1146	57350	8.72272e-039
1147	57400	8.70768e-039
1148	57450	8.15321e-039
1149	57500	6.21791e-039
1150	57550	6.21791e-039
1151	57600	6.21791e-039
1152	57650	6.21791e-039
1153	57700	5.63675e-039
1154	57750	5.63675e-039
1155	57800	5.5975e-039
1156	57850	5.28871e-039
1157	57900	2.29633e-039
1158	57950	2.29633e-039
1159	58000	2.29633e-039
1160	58050	2.29633e-039
1161	58100	2.29633e-039
1162	58150	1.6977e-039
1163	58200	1.18973e-039
1164	58250	1.18973e-039
1165	58300	1.1753e-039
1166	58350	7.22079e-040
1167	58400	7.22079e-040
1168	58450	7.22079e-040
1169	58500	5.42819e-040
1170	58550	5.04356e-040
1171	58600	5.04356e-040
1172	58650	5.04356e-040
1173	58700	5.04356e-040
1174	58750	5.04356e-040
1175	58800	5.04356e-040
1176	58850	5.01246e-040
1177	58900	4.75061e-040
1178	58950	4.75061e-040
1179	59000	4.67715e-040
1180	59050	3.43952e-040
1181	59100	3.43952e-040
1182	59150	2.73091e-040
1183	59200	2.73091e-040
1184	59250	2.73091e-040
1185	59300	1.4319e-040
1186	59350	1.4319e-040
1187	59400	1.15162e-040
1188	59450	1.08961e-040
1189	59500	9.54664e-041
1190	59550	8.40531e-041
1191	59600	8.40531e-041
1192	59650	8.07843e-041
1193	59700	8.00294e-041
1194	59750	8.00294e-041
1195	59800	8.00294e-041
1196	59850	8.00294e-041
1197	59900	8.00294e-041
1198	59950	8.00294e-041
1199	60000	6.17652e-041
1200	60050	5.48131e-041
1201	60100	5.48131e-041
1202	60150	2.35684e-041
1203	60200	2.35684e-041
1204	60250	2.1938e-041
1205	60300	1.57483e-041
1206	60350	1.57483e-041
1207	60400	1.57483e-041
1208	60450	1.57483e-041
1209	60500	1.16762e-041
1210	60550	1.14687e-041
1211	60600	1.14687e-041
1212	60650	1.12141e-041
1213	60700	1.04169e-041
1214	60750	9.16798e-042
1215	60800	6.88122e-042
1216	60850	6.88122e-042
1217	60900	6.88122e-042
1218	60950	6.69425e-042
1219	61000	6.69425e-042
1220	61050	4.70893e-042
1221	61100	3.99215e-042
1222	61150	3.91979e-042
1223	61200	3.80148e-042
1224	61250	3.75996e-042
1225	61300	3.75996e-042
1226	61350	3.12304e-042
1227	61400	2.98835e-042
1228	61450	2.98835e-042
1229	61500	2.91277e-042
1230	61550	2.82556e-042
1231	61600	2.82556e-042
1232	61650	2.82556e-042
1233	61700	2.82556e-042
1234	61750	2.81815e-042
1235	61800	9.78051e-043
1236	61850	9.78051e-043
1237	61900	9.78051e-043
1238	61950	8.42102e-043
1239	62000	8.42102e-043
1240	62050	3.94375e-043
1241	62100	3.94375e-043
1242	62150	3.56833e-043
1243	62200	3.56833e-043
1244	62250	3.56833e-043
1245	62300	2.04936e-043
1246	62350	1.18606e-043
1247	62400	1.18606e-043
1248	62450	1.18606e-043
1249	62500	1.18606e-043
1250	62550	1.14361e-043
1251	62600	1.00257e-043
1252	62650	1.00257e-043
1253	62700	9.93434e-044
1254	62750	9.25044e-044
1255	62800	9.25044e-044
1256	62850	9.25044e-044
1257	62900	8.83441e-044
1258	62950	8.83441e-044
1259	63000	8.83441e-044
1260	63050	8.76231e-044
1261	63100	8.76231e-044
1262	63150	8.76231e-044
1263	63200	8.76231e-044
1264	63250	8.76231e-044
1265	63300	2.24746e-044
1266	63350	2.24746e-044
1267	63400	2.24746e-044
1268	63450	1.83667e-044
1269	63500	1.77946e-044
1270	63550	1.65734e-044
1271	63600	1.59092e-044
1272	63650	1.59092e-044
1273	63700	1.35618e-044
1274	63750	1.12348e-044
1275	63800	1.12348e-044
1276	63850	1.12348e-044
1277	63900	1.12348e-044
1278	63950	1.07852e-044
1279	64000	1.07852e-044
1280	64050	1.07852e-044
1281	64100	1.03708e-044
1282	64150	1.0127e-044
1283	64200	1.0127e-044
1284	64250	1.0127e-044
1285	64300	1.0127e-044
1286	64350	1.0127e-044
1287	64400	2.76833e-045
1288	64450	2.76833e-045
1289	64500	2.76833e-045
1290	64550	2.70884e-045
1291	64600	2.06348e-045
1292	64650	1.87606e-045
1293	64700	1.87606e-045
1294	64750	1.53283e-045
1295	64800	1.32025e-045
1296	64850	1.32025e-045
1297	64900	1.32025e-045
1298	64950	7.64193e-046
1299	65000	7.64193e-046
1300	65050	7.64193e-046
1301	65100	7.64193e-046
1302	65150	7.62961e-046
1303	65200	7.62961e-046
1304	65250	7.62961e-046
1305	65300	7.61823e-046
1306	65350	6.47425e-046
1307	65400	6.47425e-046
1308	65450	6.2985e-046
1309	65500	2.40504e-046
1310	65550	2.40504e-046
1311	65600	2.40504e-046
1312	65650	2.40504e-046
1313	65700	1.6579e-046
1314	65750	1.6579e-046
1315	65800	1.65539e-046
1316	65850	1.65255e-046
1317	65900	1.65255e-046
1318	65950	1.31641e-046
1319	66000	1.31641e-046
1320	66050	1.31641e-046
1321	66100	1.31641e-046
1322	66150	1.04456e-046
1323	66200	1.00361e-046
1324	66250	1.00361e-046
1325	66300	9.46607e-047
1326	66350	8.84894e-047
1327	66400	8.84894e-047
1328	66450	6.28362e-047
1329	66500	2.83596e-047
1330	66550	2.55089e-047
1331	66600	2.52964e-047
1332	66650	2.52964e-047
1333	66700	2.36718e-047
1334	66750	2.36718e-047
1335	66800	2.36718e-047
1336	66850	2.36718e-047
1337	66900	2.36718e-047
1338	66950	2.36718e-047
1339	67000	2.36718e-047
1340	67050	2.36718e-047
1341	67100	2.16468e-047
1342	67150	2.16468e-047
1343	67200	2.16468e-047
1344	67250	2.05988e-047
1345	67300	2.05988e-047
1346	67350	2.05988e-047
1347	67400	8.58771e-048
1348	67450	6.26383e-048
1349	67500	6.26383e-048
1350	67550	6.26383e-048
1351	67600	6.26383e-048
1352	67650	5.03276e-048
1353	67700	4.01346e-048
1354	67750	4.01346e-048
1355	67800	4.01346e-048
1356	67850	3.95847e-048
1357	67900	3.86835e-048
1358	67950	3.24957e-048
1359	68000	3.23991e-048
1360	68050	3.23991e-048
1361	68100	2.93863e-048
1362	68150	2.92641e-048
1363	68200	2.17442e-048
1364	68250	2.11882e-048
1365	68300	2.11882e-048
1366	68350	2.08429e-048
1367	68400	2.08429e-048
1368	68450	2.08204e-048
1369	68500	2.08204e-048
1370	68550	2.08204e-048
1371	68600	2.00012e-048
1372	68650	2.00012e-048
1373	68700	2.00012e-048
1374	68750	2.00012e-048
1375	68800	2.00012e-048
1376	68850	2.00012e-048
1377	68900	4.26661e-049
1378	68950	4.26661e-049
1379	69000	6.52181e-050
1380	69050	6.52181e-050
1381	69100	6.52181e-050
1382	69150	6.52181e-050
1383	69200	6.52181e-050
1384	69250	4.42582e-050
1385	69300	4.42582e-050
1386	69350	4.42582e-050
1387	69400	4.42582e-050
1388	69450	4.42582e-050
1389	69500	2.99354e-050
1390	69550	2.78482e-050
1391	69600	2.78482e-050
1392	69650	2.78482e-050
1393	69700	2.60672e-050
1394	69750	2.60672e-050
1395	69800	2.60672e-050
1396	69850	2.60672e-050
1397	69900	1.98805e-050
1398	69950	1.98805e-050
1399	70000	1.52011e-050
1400	70050	1.52011e-050
1401	70100	1.52011e-050
1402	70150	7.75481e-051
1403	70200	7.75481e-051
1404	70250	7.7267e-051
1405	70300	7.7267e-051
1406	70350	6.95755e-051
1407	70400	4.44714e-051
1408	70450	4.44714e-051
1409	70500	4.44714e-051
1410	70550	4.44714e-051
1411	70600	4.44714e-051
1412	70650	4.44714e-051
1413	70700	4.44714e-051
1414	70750	4.44714e-051
1415	70800	4.44714e-051
1416	70850	4.44714e-051
1417	70900	4.44714e-051
1418	70950	4.44714e-051
1419	71000	4.30919e-051
1420	71050	4.30919e-051
1421	71100	4.30919e-051
1422	71150	4.30919e-051
1423	71200	8.22951e-052
1424	71250	8.22951e-052
1425	71300	5.85694e-052
1426	71350	5.85694e-052
1427	71400	5.85694e-052
1428	71450	5.85694e-052
1429	71500	5.4395e-052
1430	71550	5.4395e-052
1431	71600	5.4395e-052
1432	71650	5.4395e-052
1433	71700	5.4395e-052
1434	71750	5.37966e-052
1435	71800	5.37966e-052
1436	71850	5.37966e-052
1437	71900	5.37966e-052
1438	71950	3.14317e-052
1439	72000	3.14317e-052
1440	72050	2.90304e-052
1441	72100	2.90304e-052
1442	72150	2.86075e-052
1443	72200	1.21111e-052
1444	72250	1.21111e-052
1445	72300	1.21111e-052
1446	72350	1.21111e-052
1447	72400	5.42589e-053
1448	72450	5.42589e-053
1449	72500	3.97807e-053
1450	72550	2.89864e-053
1451	72600	2.89864e-053
1452	72650	2.89864e-053
1453	72700	2.89864e-053
1454	72750	2.89864e-053
1455	72800	2.89864e-053
1456	72850	2.89864e-053
1457	72900	2.89864e-053
1458	72950	2.34506e-053
1459	73000	1.33503e-053
1460	73050	9.44067e-054
1461	73100	9.44067e-054
1462	73150	9.44067e-054
1463	73200	9.44067e-054
1464	73250	9.44067e-054
1465	73300	9.44067e-054
1466	73350	9.44067e-054
1467	73400	9.44067e-054
1468	73450	9.44067e-054
1469	73500	9.44067e-054
1470	73550	9.44067e-054
1471	73600	9.44067e-054
1472	73650	9.44067e-054
1473	73700	9.44067e-054
1474	73750	8.82731e-054
1475	73800	7.99479e-054
1476	73850	7.99479e-054
1477	73900	7.99479e-054
1478	73950	6.92813e-054
1479	74000	6.92813e-054
1480	74050	6.92813e-054
1481	74100	6.92813e-054
1482	74150	6.26835e-054
1483	74200	6.26835e-054
1484	74250	6.26835e-054
1485	74300	6.26835e-054
1486	74350	4.38755e-054
1487	74400	4.38755e-054
1488	74450	4.38755e-054
1489	74500	4.38755e-054
1490	74550	4.23791e-054
1491	74600	4.22953e-054
1492	74650	4.14734e-054
1493	74700	4.14734e-054
1494	74750	3.32854e-054
1495	74800	2.53787e-054
1496	74850	2.53787e-054
1497	74900	2.53787e-054
1498	74950	2.53787e-054
1499	75000	2.53787e-054
1500	75050	2.34524e-054
1501	75100	2.34524e-054
1502	75150	1.95972e-054
1503	75200	1.9365e-054
1504	75250	6.50097e-055
1505	75300	3.46163e-055
1506	75350	3.46163e-055
1507	75400	3.46163e-055
1508	75450	3.46163e-055
1509	75500	3.46163e-055
1510	75550	3.46163e-055
1511	75600	3.46163e-055
1512	75650	3.16899e-055
1513	75700	2.62524e-055
1514	75750	2.60623e-055
1515	75800	2.60623e-055
1516	75850	2.1794e-055
1517	75900	2.1794e-055
1518	75950	2.1794e-055
1519	76000	1.73249e-055
1520	76050	1.73249e-055
1521	76100	1.73249e-055
1522	76150	1.67788e-055
1523	76200	5.93906e-056
1524	76250	4.71575e-056
1525	76300	4.71575e-056
1526	76350	4.49788e-056
1527	76400	4.49788e-056
1528	76450	4.49788e-056
1529	76500	4.30674e-056
1530	76550	4.30674e-056
1531	76600	4.30674e-056
1532	76650	2.33426e-056
1533	76700	2.33426e-056
1534	76750	2.25294e-056
1535	76800	2.25294e-056
1536	76850	1.11502e-056
1537	76900	8.81017e-057
1538	76950	8.81017e-057
1539	77000	8.81017e-057
1540	77050	7.0535e-057
1541	77100	7.0535e-057
1542	77150	6.41724e-057
1543	77200	6.41724e-057
1544	77250	1.94008e-057
1545	77300	1.94008e-057
1546	77350	1.94008e-057
1547	77400	1.94008e-057
1548	77450	1.94008e-057
1549	77500	1.94008e-057
1550	77550	1.94008e-057
1551	77600	1.94008e-057
1552	77650	1.94008e-057
1553	77700	1.94008e-057
1554	77750	1.94008e-057
1555	77800	1.94008e-057
1556	77850	1.26243e-057
1557	77900	1.18754e-057
1558	77950	1.18754e-057
1559	78000	1.18754e-057
1560	78050	1.18754e-057
1561	78100	1.18754e-057
1562	78150	7.5644e-058
1563	78200	7.5644e-058
1564	78250	7.31754e-058
1565	78300	7.31754e-058
1566	78350	7.27761e-058
1567	78400	7.27761e-058
1568	78450	6.70613e-058
1569	78500	6.70613e-058
1570	78550	6.70613e-058
1571	78600	6.70613e-058
1572	78650	6.70613e-058
1573	78700	6.04258e-058
1574	78750	6.04258e-058
1575	78800	3.9927e-058
1576	78850	3.9927e-058
1577	78900	3.9927e-058
1578	78950	3.9927e-058
1579	79000	1.22946e-058
1580	79050	1.22946e-058
1581	79100	1.22946e-058
1582	79150	1.22946e-058
1583	79200	1.22946e-058
1584	79250	1.22946e-058
1585	79300	1.22946e-058
1586	79350	1.02725e-058
1587	79400	1.02725e-058
1588	79450	1.02725e-058
1589	79500	1.02725e-058
1590	79550	1.02725e-058
1591	79600	8.59219e-059
1592	79650	8.59219e-059
1593	79700	6.67064e-059
1594	79750	6.13589e-059
1595	79800	5.92754e-059
1596	79850	5.80143e-059
1597	79900	5.80143e-059
1598	79950	5.33071e-059
1599	80000	5.33071e-059
1600	80050	5.33071e-059
1601	80100	3.426e-059
1602	80150	3.39441e-059
1603	80200	3.377e-059
1604	80250	3.377e-059
1605	80300	3.37323e-059
1606	80350	3.1974e-059
1607	80400	3.1974e-059
1608	80450	3.1974e-059
1609	80500	3.17627e-059
1610	80550	3.13389e-059
1611	80600	3.12423e-059
1612	80650	3.08414e-059
1613	80700	3.08414e-059
1614	80750	3.08414e-059
1615	80800	3.08414e-059
1616	80850	3.08414e-059
1617	80900	3.00076e-059
1618	80950	3.00076e-059
1619	81000	3.00076e-059
1620	81050	2.99114e-059
1621	81100	1.34346e-059
1622	81150	1.32249e-059
1623	81200	5.09535e-060
1624	81250	5.09535e-060
1625	81300	5.09535e-060
1626	81350	5.09535e-060
1627	81400	5.09535e-060
1628	81450	4.73214e-060
1629	81500	4.73214e-060
1630	81550	3.92682e-060
1631	81600	3.05904e-060
1632	81650	3.05904e-060
1633	81700	3.05904e-060
1634	81750	3.05904e-060
1635	81800	3.05904e-060
1636	81850	2.93968e-060
1637	81900	2.88534e-060
1638	81950	2.82498e-060
1639	82000	2.79451e-060
1640	82050	2.79451e-060
1641	82100	2.79451e-060
1642	82150	2.73557e-060
1643	82200	2.68414e-060
1644	82250	2.68414e-060
1645	82300	3.28955e-061
1646	82350	3.28955e-061
1647	82400	2.96297e-061
1648	82450	2.96297e-061
1649	82500	2.96297e-061
1650	82550	2.91398e-061
1651	82600	2.91398e-061
1652	82650	2.69901e-061
1653	82700	2.69901e-061
1654	82750	2.69901e-061
1655	82800	2.68955e-061
1656	82850	2.68955e-061
1657	82900	2.5785e-061
1658	82950	3.05305e-062
1659	83000	3.05305e-062
1660	83050	3.05305e-062
1661	83100	3.05305e-062
1662	83150	3.05305e-062
1663	83200	2.58907e-062
1664	83250	2.58907e-062
1665	83300	2.58907e-062
1666	83350	2.1291e-062
1667	83400	2.1291e-062
1668	83450	2.1291e-062
1669	83500	2.1291e-062
1670	83550	2.1291e-062
1671	83600	2.03508e-062
1672	83650	2.03508e-062
1673	83700	2.03508e-062
1674	83750	2.03508e-062
1675	83800	2.03176e-062
1676	83850	2.03176e-062
1677	83900	2.03176e-062
1678	83950	2.02184e-062
1679	84000	2.02158e-062
1680	84050	2.02158e-062
1681	84100	2.02158e-062
1682	84150	1.90295e-062
1683	84200	1.87407e-062
1684	84250	1.81377e-062
1685	84300	1.81377e-062
1686	84350	1.79687e-062
1687	84400	1.79687e-062
1688	84450	1.79687e-062
1689	84500	1.70721e-063
1690	84550	1.70721e-063
1691	84600	1.70721e-063
1692	84650	1.28346e-063
1693	84700	1.2255e-063
1694	84750	1.2255e-063
1695	84800	9.75481e-064
1696	84850	9.75481e-064
1697	84900	9.75481e-064
1698	84950	8.13682e-064
1699	85000	8.12859e-064
1700	85050	8.12859e-064
1701	85100	7.71621e-064
1702	85150	7.71621e-064
1703	85200	7.71621e-064
1704	85250	7.3487e-064
1705	85300	7.03599e-064
1706	85350	1.28061e-064
1707	85400	1.28061e-064
1708	85450	1.28061e-064
1709	85500	1.28061e-064
1710	85550	9.99052e-065
1711	85600	9.99052e-065
1712	85650	9.99052e-065
1713	85700	9.99052e-065
1714	85750	9.99052e-065
1715	85800	9.83419e-065
1716	85850	9.83419e-065
1717	85900	9.0498e-065
1718	85950	7.57788e-065
1719	86000	7.57788e-065
1720	86050	7.49963e-065
1721	86100	7.49963e-065
1722	86150	7.49963e-065
1723	86200	7.49963e-065
1724	86250	7.31298e-065
1725	86300	1.2407e-065
1726	86350	1.2407e-065
1727	86400	1.2407e-065
1728	86450	1.2407e-065
1729	86500	1.2407e-065
1730	86550	1.2407e-065
1731	86600	1.2407e-065
1732	86650	1.2407e-065
1733	86700	7.11636e-066
1734	86750	7.11636e-066
1735	86800	6.91632e-066
1736	86850	6.32888e-066
1737	86900	6.32888e-066
1738	86950	6.32888e-066
1739	87000	6.32888e-066
1740	87050	5.52263e-066
1741	87100	4.95651e-066
1742	87150	4.95651e-066
1743	87200	4.95651e-066
1744	87250	4.02949e-066
1745	87300	3.99036e-066
1746	87350	3.0862e-066
1747	87400	2.27498e-066
1748	87450	2.27498e-066
1749	87500	2.27498e-066
1750	87550	2.27498e-066
1751	87600	2.27498e-066
1752	87650	2.22566e-066
1753	87700	2.15457e-066
1754	87750	2.11082e-066
1755	87800	1.32789e-066
1756	87850	1.16088e-066
1757	87900	1.10205e-066
1758	87950	1.09543e-066
1759	88000	9.81832e-067
1760	88050	9.81832e-067
1761	88100	9.81832e-067
1762	88150	8.97392e-067
1763	88200	8.97392e-067
1764	88250	8.96952e-067
1765	88300	8.96952e-067
1766	88350	8.96952e-067
1767	88400	8.72514e-067
1768	88450	8.72514e-067
1769	88500	8.06522e-067
1770	88550	8.04298e-067
1771	88600	8.04298e-067
1772	88650	1.71659e-067
1773	88700	1.71659e-067
1774	88750	1.56117e-067
1775	88800	1.52858e-067
1776	88850	1.48627e-067
1777	88900	1.10064e-067
1778	88950	1.09501e-067
1779	89000	1.09501e-067
1780	89050	1.0266e-067
1781	89100	1.0266e-067
1782	89150	9.97252e-068
1783	89200	9.97252e-068
1784	89250	9.97252e-068
1785	89300	7.61342e-068
1786	89350	7.61342e-068
1787	89400	7.61342e-068
1788	89450	6.46478e-068
1789	89500	6.46478e-068
1790	89550	6.46478e-068
1791	89600	4.97977e-068
1792	89650	4.97977e-068
1793	89700	3.57567e-068
1794	89750	3.57567e-068
1795	89800	2.6934e-068
1796	89850	2.6934e-068
1797	89900	2.64553e-068
1798	89950	2.64553e-068
1799	90000	2.49543e-068
1800	90050	2.39217e-068
1801	90100	2.39217e-068
1802	90150	2.39217e-068
1803	90200	6.45876e-069
1804	90250	6.45876e-069
1805	90300	3.94954e-069
1806	90350	2.56424e-069
1807	90400	2.56424e-069
1808	90450	2.37608e-069
1809	90500	2.29581e-069
1810	90550	2.29581e-069
1811	90600	2.29581e-069
1812	90650	2.29581e-069
1813	90700	2.07931e-069
1814	90750	2.07931e-069
1815	90800	2.07931e-069
1816	90850	2.07931e-069
1817	90900	2.07931e-069
1818	90950	2.07931e-069
1819	91000	2.07931e-069
1820	91050	2.07931e-069
1821	91100	2.07931e-069
1822	91150	9.26514e-070
1823	91200	9.26514e-070
1824	91250	9.26514e-070
1825	91300	7.60266e-070
1826	91350	7.60266e-070
1827	91400	7.60266e-070
1828	91450	7.60266e-070
1829	91500	7.2003e-070
1830	91550	3.1713e-070
1831	91600	3.1713e-070
1832	91650	2.85451e-070
1833	91700	2.7413e-070
1834	91750	2.55547e-070
1835	91800	1.72408e-070
1836	91850	1.72408e-070
1837	91900	1.69251e-070
1838	91950	1.49048e-070
1839	92000	1.49048e-070
1840	92050	1.49048e-070
1841	92100	9.65183e-071
1842	92150	9.65183e-071
1843	92200	9.20854e-071
1844	92250	8.74516e-071
1845	92300	8.74516e-071
1846	92350	8.74516e-071
1847	92400	8.74516e-071
1848	92450	8.39885e-071
1849	92500	8.39885e-071
1850	92550	7.50422e-071
1851	92600	7.50422e-071
1852	92650	7.33054e-071
1853	92700	7.27422e-071
1854	92750	7.27422e-071
1855	92800	7.27422e-071
1856	92850	7.24353e-071
1857	92900	7.21682e-071
1858	92950	7.21682e-071
1859	93000	6.75095e-071
1860	93050	6.75095e-071
1861	93100	4.18587e-071
1862	93150	4.04003e-071
1863	93200	3.98682e-071
1864	93250	3.98682e-071
1865	93300	3.87106e-071
1866	93350	3.87106e-071
1867	93400	3.87106e-071
1868	93450	2.15933e-071
1869	93500	2.15933e-071
1870	93550	2.01735e-071
1871	93600	1.88626e-071
1872	93650	1.88626e-071
1873	93700	1.88626e-071
1874	93750	1.77342e-071
1875	93800	9.96233e-072
1876	93850	8.0383e-072
1877	93900	8.0383e-072
1878	93950	8.0383e-072
1879	94000	4.83551e-072
1880	94050	4.13279e-072
1881	94100	4.13279e-072
1882	94150	3.20355e-072
1883	94200	2.71063e-072
1884	94250	1.83816e-072
1885	94300	1.1063e-072
1886	94350	6.73436e-073
1887	94400	6.73436e-073
1888	94450	6.73436e-073
1889	94500	6.73436e-073
1890	94550	6.73436e-073
1891	94600	6.73436e-073
1892	94650	6.73436e-073
1893	94700	6.73436e-073
1894	94750	6.73436e-073
1895	94800	6.73436e-073
1896	94850	4.19092e-073
1897	94900	4.19092e-073
1898	94950	4.19092e-073
1899	95000	4.16922e-073
1900	95050	4.16922e-073
1901	95100	2.45323e-073
1902	95150	2.45323e-073
1903	95200	1.49207e-073
1904	95250	1.49207e-073
1905	95300	1.49207e-073
1906	95350	1.49207e-073
1907	95400	1.49207e-073
1908	95450	1.30605e-073
1909	95500	1.30605e-073
1910	95550	1.30605e-073
1911	95600	5.0247e-074
1912	95650	4.60386e-074
1913	95700	4.60386e-074
1914	95750	4.60386e-074
1915	95800	4.60386e-074
1916	95850	4.60386e-074
1917	95900	4.60386e-074
1918	95950	4.60386e-074
1919	96000	4.60386e-074
1920	96050	4.60386e-074
1921	96100	4.29841e-074
1922	96150	4.29841e-074
1923	96200	4.29841e-074
1924	96250	3.55655e-074
1925	96300	2.53404e-074
1926	96350	1.52982e-074
1927	96400	1.52982e-074
1928	96450	1.52982e-074
1929	96500	1.52982e-074
1930	96550	1.52982e-074
1931	96600	1.52982e-074
1932	96650	1.52982e-074
1933	96700	5.28248e-075
1934	96750	5.28248e-075
1935	96800	4.54437e-075
1936	96850	4.50898e-075
1937	96900	4.50898e-075
1938	96950	4.50898e-075
1939	97000	4.08904e-075
1940	97050	3.84408e-075
1941	97100	3.84408e-075
1942	97150	3.17996e-075
1943	97200	3.17996e-075
1944	97250	2.90274e-075
1945	97300	2.90274e-075
1946	97350	2.78728e-075
1947	97400	2.71021e-075
1948	97450	2.71021e-075
1949	97500	2.71021e-075
1950	97550	2.71021e-075
1951	97600	2.71021e-075
1952	97650	2.68612e-075
1953	97700	2.22567e-075
1954	97750	2.22513e-075
1955	97800	7.7178e-076
1956	97850	7.7178e-076
1957	97900	7.7178e-076
1958	97950	7.09746e-076
1959	98000	7.09746e-076
1960	98050	7.09746e-076
1961	98100	3.49745e-076
1962	98150	3.49745e-076
1963	98200	3.49745e-076
1964	98250	3.41806e-076
1965	98300	3.41806e-076
1966	98350	3.41806e-076
1967	98400	3.41806e-076
1968	98450	3.41806e-076
1969	98500	3.41806e-076
1970	98550	3.37625e-076
1971	98600	2.27034e-076
1972	98650	2.27034e-076
1973	98700	2.27034e-076
1974	98750	2.27034e-076
1975	98800	2.27034e-076
1976	98850	2.11236e-076
1977	98900	2.11236e-076
1978	98950	2.11236e-076
1979	99000	7.66273e-077
1980	99050	7.66273e-077
1981	99100	7.66273e-077
1982	99150	7.30995e-077
1983	99200	7.30995e-077
1984	99250	7.30995e-077
1985	99300	5.75267e-077
1986	99350	4.36173e-077
1987	99400	4.22265e-077
1988	99450	4.13404e-077
1989	99500	3.46375e-077
1990	99550	3.46375e-077
1991	99600	3.46375e-077
1992	99650	3.46375e-077
1993	99700	3.46375e-077
1994	99750	3.46375e-077
1995	99800	3.46375e-077
1996	99850	3.27963e-077
1997	99900	3.27963e-077
1998	99950	3.26312e-077
1999	100000	3.26312e-077
2000	100050	3.26312e-077
