1	100	0
2	150	2500.29
3	200	1942.3
4	250	1874.55
5	300	1503.78
6	350	1281.25
7	400	813.858
8	450	557.958
9	500	216.3
10	550	216.3
11	600	216.3
12	650	216.3
13	700	213.6
14	750	147.179
15	800	147.179
16	850	147.179
17	900	147.179
18	950	147.179
19	1000	147.179
20	1050	147.179
21	1100	147.179
22	1150	147.179
23	1200	147.179
24	1250	114.379
25	1300	114.379
26	1350	114.379
27	1400	100.69
28	1450	100.69
29	1500	100.69
30	1550	100.69
31	1600	100.69
32	1650	99.0386
33	1700	99.0386
34	1750	99.0386
35	1800	99.0386
36	1850	99.0386
37	1900	99.0386
38	1950	99.0386
39	2000	99.0386
40	2050	99.0386
41	2100	89.3849
42	2150	89.3849
43	2200	89.3849
44	2250	89.3849
45	2300	75.7521
46	2350	75.7521
47	2400	66.7774
48	2450	66.1402
49	2500	66.1402
50	2550	56.5664
51	2600	56.5664
52	2650	56.5664
53	2700	56.5664
54	2750	56.2135
55	2800	56.2135
56	2850	39.4084
57	2900	39.4084
58	2950	38.3617
59	3000	38.3617
60	3050	38.3617
61	3100	35.6505
62	3150	35.2859
63	3200	23.7464
64	3250	23.7464
65	3300	23.7464
66	3350	23.7464
67	3400	15.3831
68	3450	15.3831
69	3500	13.5344
70	3550	12.8882
71	3600	12.8882
72	3650	11.5035
73	3700	10.3243
74	3750	10.3243
75	3800	7.64679
76	3850	7.64679
77	3900	7.64679
78	3950	7.64679
79	4000	7.64679
80	4050	7.64679
81	4100	7.64679
82	4150	7.64679
83	4200	7.64679
84	4250	7.64679
85	4300	7.64679
86	4350	5.63433
87	4400	5.63433
88	4450	5.63433
89	4500	4.81571
90	4550	4.37179
91	4600	4.37179
92	4650	4.26259
93	4700	4.26259
94	4750	4.26259
95	4800	4.12989
96	4850	4.12989
97	4900	4.12989
98	4950	1.5067
99	5000	0.777196
100	5050	0.777196
101	5100	0.607456
102	5150	0.607456
103	5200	0.607456
104	5250	0.607456
105	5300	0.412281
106	5350	0.412281
107	5400	0.412281
108	5450	0.311336
109	5500	0.311336
110	5550	0.311336
111	5600	0.311336
112	5650	0.311336
113	5700	0.311336
114	5750	0.311336
115	5800	0.311208
116	5850	0.311208
117	5900	0.309387
118	5950	0.244539
119	6000	0.244539
120	6050	0.244539
121	6100	0.244539
122	6150	0.244539
123	6200	0.122485
124	6250	0.122485
125	6300	0.122236
126	6350	0.0968854
127	6400	0.0968854
128	6450	0.0968854
129	6500	0.0968854
130	6550	0.0968854
131	6600	0.0968854
132	6650	0.0968854
133	6700	0.0683016
134	6750	0.0683016
135	6800	0.0633218
136	6850	0.0633218
137	6900	0.0612783
138	6950	0.0612783
139	7000	0.0612783
140	7050	0.0612783
141	7100	0.0530301
142	7150	0.0530301
143	7200	0.0530301
144	7250	0.0530301
145	7300	0.0524248
146	7350	0.0524248
147	7400	0.0524248
148	7450	0.0521087
149	7500	0.0437742
150	7550	0.0437742
151	7600	0.0437742
152	7650	0.0431068
153	7700	0.0431068
154	7750	0.0431068
155	7800	0.0406315
156	7850	0.0406315
157	7900	0.0395995
158	7950	0.0395995
159	8000	0.0381243
160	8050	0.0184303
161	8100	0.0184303
162	8150	0.0184303
163	8200	0.0184303
164	8250	0.0184303
165	8300	0.0184303
166	8350	0.0184303
167	8400	0.0183519
168	8450	0.0111491
169	8500	0.0111491
170	8550	0.0111491
171	8600	0.00500192
172	8650	0.00462827
173	8700	0.00462827
174	8750	0.00368311
175	8800	0.00368311
176	8850	0.00368311
177	8900	0.00368311
178	8950	0.00368311
179	9000	0.00318891
180	9050	0.00318891
181	9100	0.00318891
182	9150	0.00318891
183	9200	0.00200761
184	9250	0.00200761
185	9300	0.00200677
186	9350	0.00200335
187	9400	0.00200335
188	9450	0.00141237
189	9500	0.00141237
190	9550	0.00141237
191	9600	0.00139815
192	9650	0.00139815
193	9700	0.00139815
194	9750	0.00102291
195	9800	0.00102291
196	9850	0.000312761
197	9900	0.000312761
198	9950	0.000312761
199	10000	0.000244447
200	10050	0.000244447
201	10100	0.000244447
202	10150	0.000244447
203	10200	0.000240271
204	10250	0.000200392
205	10300	0.000188726
206	10350	0.000188726
207	10400	0.000188726
208	10450	0.000182057
209	10500	0.000182057
210	10550	0.000182057
211	10600	0.000182057
212	10650	0.000182057
213	10700	0.000182057
214	10750	0.000180568
215	10800	8.29988e-005
216	10850	8.29988e-005
217	10900	8.29988e-005
218	10950	8.29988e-005
219	11000	8.26688e-005
220	11050	8.26688e-005
221	11100	8.26688e-005
222	11150	8.26688e-005
223	11200	7.79992e-005
224	11250	7.79992e-005
225	11300	7.79992e-005
226	11350	7.70381e-005
227	11400	7.70381e-005
228	11450	7.70381e-005
229	11500	7.70381e-005
230	11550	6.99622e-005
231	11600	6.99622e-005
232	11650	6.99622e-005
233	11700	6.99622e-005
234	11750	6.99622e-005
235	11800	6.99622e-005
236	11850	6.99622e-005
237	11900	6.18438e-005
238	11950	6.18438e-005
239	12000	6.18438e-005
240	12050	6.18438e-005
241	12100	6.18438e-005
242	12150	6.18438e-005
243	12200	6.18438e-005
244	12250	6.18438e-005
245	12300	6.18438e-005
246	12350	6.18438e-005
247	12400	6.18438e-005
248	12450	6.18438e-005
249	12500	5.29887e-005
250	12550	5.29887e-005
251	12600	5.18687e-005
252	12650	4.846e-005
253	12700	4.846e-005
254	12750	4.79741e-005
255	12800	4.58348e-005
256	12850	4.58348e-005
257	12900	8.15704e-006
258	12950	7.69214e-006
259	13000	7.69214e-006
260	13050	7.69214e-006
261	13100	7.69214e-006
262	13150	7.69214e-006
263	13200	7.69214e-006
264	13250	7.46717e-006
265	13300	7.46717e-006
266	13350	7.29791e-006
267	13400	7.16768e-006
268	13450	7.16768e-006
269	13500	6.21956e-006
270	13550	5.05667e-006
271	13600	4.4168e-006
272	13650	3.1923e-006
273	13700	3.1923e-006
274	13750	3.1923e-006
275	13800	3.1923e-006
276	13850	2.37579e-006
277	13900	2.09516e-006
278	13950	1.69084e-006
279	14000	1.69084e-006
280	14050	1.69084e-006
281	14100	1.44964e-006
282	14150	1.44964e-006
283	14200	1.3708e-006
284	14250	1.3708e-006
285	14300	8.43514e-007
286	14350	7.03581e-007
287	14400	7.03581e-007
288	14450	7.03581e-007
289	14500	7.03581e-007
290	14550	7.03581e-007
291	14600	6.88562e-007
292	14650	6.88562e-007
293	14700	6.88562e-007
294	14750	6.84638e-007
295	14800	6.10762e-007
296	14850	6.10762e-007
297	14900	3.53001e-007
298	14950	3.53001e-007
299	15000	3.53001e-007
300	15050	3.53001e-007
301	15100	3.53001e-007
302	15150	2.86904e-007
303	15200	2.86904e-007
304	15250	2.86904e-007
305	15300	2.85536e-007
306	15350	2.85536e-007
307	15400	2.80371e-007
308	15450	1.68874e-007
309	15500	1.68874e-007
310	15550	1.68874e-007
311	15600	1.68874e-007
312	15650	1.68874e-007
313	15700	1.68874e-007
314	15750	1.31794e-007
315	15800	1.31794e-007
316	15850	1.31794e-007
317	15900	1.31794e-007
318	15950	1.22776e-007
319	16000	1.22776e-007
320	16050	7.64664e-008
321	16100	7.64664e-008
322	16150	7.64664e-008
323	16200	7.64664e-008
324	16250	7.64664e-008
325	16300	7.53661e-008
326	16350	7.53661e-008
327	16400	7.53661e-008
328	16450	7.51754e-008
329	16500	7.47011e-008
330	16550	7.47011e-008
331	16600	7.47011e-008
332	16650	7.47011e-008
333	16700	7.47011e-008
334	16750	7.20556e-008
335	16800	5.01142e-008
336	16850	5.01142e-008
337	16900	5.01142e-008
338	16950	5.01142e-008
339	17000	4.93699e-008
340	17050	4.88727e-008
341	17100	4.50439e-008
342	17150	4.50439e-008
343	17200	4.2964e-008
344	17250	3.53513e-008
345	17300	3.53513e-008
346	17350	3.53513e-008
347	17400	3.53513e-008
348	17450	3.53513e-008
349	17500	3.53513e-008
350	17550	3.53513e-008
351	17600	3.53513e-008
352	17650	3.53513e-008
353	17700	1.48541e-008
354	17750	1.48541e-008
355	17800	1.43943e-008
356	17850	1.36207e-008
357	17900	1.36207e-008
358	17950	9.79131e-009
359	18000	9.79131e-009
360	18050	4.78262e-009
361	18100	4.78262e-009
362	18150	4.78262e-009
363	18200	4.78262e-009
364	18250	4.78262e-009
365	18300	4.78262e-009
366	18350	1.15693e-009
367	18400	1.00747e-009
368	18450	1.00747e-009
369	18500	9.13403e-010
370	18550	9.13403e-010
371	18600	9.13403e-010
372	18650	9.10628e-010
373	18700	9.10628e-010
374	18750	9.10628e-010
375	18800	9.10628e-010
376	18850	9.10628e-010
377	18900	9.10628e-010
378	18950	9.10628e-010
379	19000	9.10628e-010
380	19050	9.10628e-010
381	19100	9.10628e-010
382	19150	8.42883e-010
383	19200	8.42883e-010
384	19250	8.42883e-010
385	19300	7.43897e-010
386	19350	6.09024e-010
387	19400	6.09024e-010
388	19450	6.09024e-010
389	19500	6.09024e-010
390	19550	4.80356e-010
391	19600	4.80356e-010
392	19650	4.29967e-010
393	19700	4.29967e-010
394	19750	3.68962e-010
395	19800	2.77266e-010
396	19850	2.77266e-010
397	19900	2.53927e-010
398	19950	2.53927e-010
399	20000	2.48606e-010
400	20050	2.25521e-010
401	20100	2.25521e-010
402	20150	2.25521e-010
403	20200	1.28625e-010
404	20250	1.15903e-010
405	20300	1.11625e-010
406	20350	1.11625e-010
407	20400	1.11625e-010
408	20450	1.11625e-010
409	20500	1.11625e-010
410	20550	1.11625e-010
411	20600	1.11625e-010
412	20650	1.066e-010
413	20700	1.066e-010
414	20750	1.066e-010
415	20800	1.06356e-010
416	20850	1.05084e-010
417	20900	1.05084e-010
418	20950	1.05084e-010
419	21000	1.0385e-010
420	21050	1.0385e-010
421	21100	1.07527e-011
422	21150	1.07527e-011
423	21200	9.73424e-012
424	21250	9.70415e-012
425	21300	9.70415e-012
426	21350	9.70415e-012
427	21400	9.70415e-012
428	21450	9.70415e-012
429	21500	9.70415e-012
430	21550	9.70415e-012
431	21600	9.59531e-012
432	21650	9.59531e-012
433	21700	9.49338e-012
434	21750	6.57509e-012
435	21800	6.57509e-012
436	21850	6.57509e-012
437	21900	6.57509e-012
438	21950	6.57509e-012
439	22000	6.57509e-012
440	22050	6.57509e-012
441	22100	6.57509e-012
442	22150	6.57509e-012
443	22200	6.57509e-012
444	22250	6.57509e-012
445	22300	6.57509e-012
446	22350	6.57509e-012
447	22400	6.09736e-012
448	22450	5.94415e-012
449	22500	5.94415e-012
450	22550	5.94415e-012
451	22600	5.94415e-012
452	22650	4.30031e-012
453	22700	4.30031e-012
454	22750	4.30031e-012
455	22800	4.30031e-012
456	22850	4.11352e-012
457	22900	4.11352e-012
458	22950	4.09025e-012
459	23000	4.09025e-012
460	23050	4.09025e-012
461	23100	4.0115e-012
462	23150	3.91203e-012
463	23200	2.1701e-012
464	23250	2.1701e-012
465	23300	2.1701e-012
466	23350	1.91386e-012
467	23400	1.91386e-012
468	23450	1.90751e-012
469	23500	1.90751e-012
470	23550	1.90751e-012
471	23600	5.33046e-013
472	23650	5.32107e-013
473	23700	4.32959e-013
474	23750	4.32959e-013
475	23800	4.32959e-013
476	23850	2.18998e-013
477	23900	2.18998e-013
478	23950	2.18998e-013
479	24000	2.18998e-013
480	24050	2.18998e-013
481	24100	2.18998e-013
482	24150	2.09916e-013
483	24200	1.68057e-013
484	24250	7.90258e-014
485	24300	7.90258e-014
486	24350	7.90258e-014
487	24400	7.90258e-014
488	24450	7.90258e-014
489	24500	7.90258e-014
490	24550	7.90258e-014
491	24600	7.90258e-014
492	24650	7.90258e-014
493	24700	7.57699e-014
494	24750	7.57699e-014
495	24800	7.57699e-014
496	24850	7.57699e-014
497	24900	7.57699e-014
498	24950	5.23915e-014
499	25000	4.90103e-014
500	25050	4.90103e-014
501	25100	4.90103e-014
502	25150	4.41384e-014
503	25200	4.41384e-014
504	25250	4.41384e-014
505	25300	4.41384e-014
506	25350	4.41384e-014
507	25400	3.14912e-014
508	25450	3.14912e-014
509	25500	2.67986e-014
510	25550	1.94859e-014
511	25600	1.75458e-014
512	25650	1.75458e-014
513	25700	1.75458e-014
514	25750	1.75458e-014
515	25800	1.75458e-014
516	25850	1.75458e-014
517	25900	1.75458e-014
518	25950	7.97934e-015
519	26000	7.97934e-015
520	26050	7.97934e-015
521	26100	7.97934e-015
522	26150	3.32786e-015
523	26200	3.32786e-015
524	26250	3.32786e-015
525	26300	2.89134e-015
526	26350	2.89134e-015
527	26400	2.85889e-015
528	26450	2.85889e-015
529	26500	2.42864e-015
530	26550	2.42864e-015
531	26600	2.42864e-015
532	26650	2.42864e-015
533	26700	2.42864e-015
534	26750	2.42864e-015
535	26800	2.42864e-015
536	26850	2.35631e-015
537	26900	2.2715e-015
538	26950	2.10358e-015
539	27000	1.89077e-015
540	27050	1.6954e-015
541	27100	1.29272e-015
542	27150	1.29272e-015
543	27200	1.29272e-015
544	27250	8.30758e-016
545	27300	8.30758e-016
546	27350	8.30758e-016
547	27400	8.30758e-016
548	27450	7.79273e-016
549	27500	7.79273e-016
550	27550	7.79273e-016
551	27600	7.79273e-016
552	27650	4.25436e-016
553	27700	4.25436e-016
554	27750	4.25436e-016
555	27800	3.19928e-016
556	27850	3.19928e-016
557	27900	3.19928e-016
558	27950	3.07572e-016
559	28000	3.07572e-016
560	28050	2.6214e-016
561	28100	2.6214e-016
562	28150	2.6214e-016
563	28200	2.6214e-016
564	28250	2.6214e-016
565	28300	2.19258e-016
566	28350	2.19258e-016
567	28400	2.19258e-016
568	28450	1.26063e-016
569	28500	1.26063e-016
570	28550	4.10229e-017
571	28600	4.10229e-017
572	28650	4.06867e-017
573	28700	4.06867e-017
574	28750	4.06867e-017
575	28800	4.06867e-017
576	28850	4.06867e-017
577	28900	4.06867e-017
578	28950	4.06867e-017
579	29000	4.06867e-017
580	29050	4.06867e-017
581	29100	4.06867e-017
582	29150	3.09545e-017
583	29200	2.72321e-017
584	29250	2.72321e-017
585	29300	2.72321e-017
586	29350	2.72321e-017
587	29400	2.72321e-017
588	29450	2.72321e-017
589	29500	2.72321e-017
590	29550	2.72321e-017
591	29600	2.72321e-017
592	29650	2.72321e-017
593	29700	2.72321e-017
594	29750	2.72321e-017
595	29800	2.72321e-017
596	29850	2.72321e-017
597	29900	2.72321e-017
598	29950	2.72321e-017
599	30000	2.72321e-017
600	30050	2.72321e-017
601	30100	1.92912e-017
602	30150	1.92912e-017
603	30200	8.525e-018
604	30250	8.525e-018
605	30300	8.525e-018
606	30350	8.39013e-018
607	30400	8.39013e-018
608	30450	5.25507e-018
609	30500	3.11557e-018
610	30550	3.11557e-018
611	30600	3.11557e-018
612	30650	2.38491e-018
613	30700	2.36311e-018
614	30750	2.36311e-018
615	30800	2.36311e-018
616	30850	2.36311e-018
617	30900	2.17566e-018
618	30950	2.17566e-018
619	31000	2.17566e-018
620	31050	2.03656e-018
621	31100	2.03656e-018
622	31150	2.03656e-018
623	31200	2.03656e-018
624	31250	2.03656e-018
625	31300	2.03656e-018
626	31350	2.03656e-018
627	31400	2.00637e-018
628	31450	1.61402e-018
629	31500	1.61402e-018
630	31550	1.61307e-018
631	31600	1.61307e-018
632	31650	1.51084e-018
633	31700	1.51084e-018
634	31750	1.27398e-018
635	31800	1.27398e-018
636	31850	1.27398e-018
637	31900	1.14396e-018
638	31950	1.14396e-018
639	32000	1.01436e-018
640	32050	1.01436e-018
641	32100	5.18278e-019
642	32150	4.81548e-019
643	32200	4.81548e-019
644	32250	4.81548e-019
645	32300	4.81548e-019
646	32350	4.30599e-019
647	32400	3.63362e-019
648	32450	3.63362e-019
649	32500	2.41186e-019
650	32550	2.41186e-019
651	32600	2.41186e-019
652	32650	2.41186e-019
653	32700	2.32167e-019
654	32750	2.29736e-019
655	32800	2.29736e-019
656	32850	2.29736e-019
657	32900	2.28102e-019
658	32950	2.28102e-019
659	33000	2.25075e-019
660	33050	2.21486e-019
661	33100	2.21486e-019
662	33150	1.04859e-019
663	33200	1.04859e-019
664	33250	1.01924e-019
665	33300	1.00397e-019
666	33350	1.00397e-019
667	33400	1.00397e-019
668	33450	1.00397e-019
669	33500	9.19679e-020
670	33550	5.89938e-020
671	33600	5.21924e-020
672	33650	5.21924e-020
673	33700	5.21924e-020
674	33750	5.21924e-020
675	33800	5.21924e-020
676	33850	2.95457e-020
677	33900	2.95457e-020
678	33950	2.95457e-020
679	34000	2.61657e-020
680	34050	2.61657e-020
681	34100	2.61657e-020
682	34150	2.60419e-020
683	34200	2.60419e-020
684	34250	2.60419e-020
685	34300	2.26578e-020
686	34350	1.94326e-020
687	34400	1.94326e-020
688	34450	1.88401e-020
689	34500	1.12214e-020
690	34550	1.12214e-020
691	34600	1.12184e-020
692	34650	1.12184e-020
693	34700	1.07826e-020
694	34750	1.07826e-020
695	34800	8.67429e-021
696	34850	6.12933e-021
697	34900	6.12933e-021
698	34950	6.12933e-021
699	35000	5.14421e-021
700	35050	5.14421e-021
701	35100	5.14421e-021
702	35150	4.92703e-021
703	35200	4.92703e-021
704	35250	4.92703e-021
705	35300	4.92703e-021
706	35350	4.88792e-021
707	35400	4.88792e-021
708	35450	3.69918e-021
709	35500	3.69918e-021
710	35550	3.69918e-021
711	35600	3.69918e-021
712	35650	3.69918e-021
713	35700	3.69918e-021
714	35750	3.10425e-021
715	35800	3.10425e-021
716	35850	2.96883e-021
717	35900	2.96883e-021
718	35950	2.96883e-021
719	36000	2.96883e-021
720	36050	2.96883e-021
721	36100	2.96883e-021
722	36150	1.10739e-021
723	36200	1.00567e-021
724	36250	1.00567e-021
725	36300	7.38903e-022
726	36350	7.38903e-022
727	36400	7.38903e-022
728	36450	7.37933e-022
729	36500	7.37933e-022
730	36550	6.01049e-022
731	36600	5.92721e-022
732	36650	5.92721e-022
733	36700	5.32819e-022
734	36750	5.32819e-022
735	36800	5.27541e-022
736	36850	3.74255e-022
737	36900	3.74255e-022
738	36950	2.82642e-022
739	37000	2.82642e-022
740	37050	2.82642e-022
741	37100	2.82642e-022
742	37150	2.82642e-022
743	37200	2.82642e-022
744	37250	2.82503e-022
745	37300	1.02742e-022
746	37350	1.00178e-022
747	37400	1.00178e-022
748	37450	6.23627e-023
749	37500	6.23627e-023
750	37550	6.23627e-023
751	37600	6.23627e-023
752	37650	4.45403e-023
753	37700	4.45403e-023
754	37750	4.45403e-023
755	37800	2.26697e-023
756	37850	1.80243e-023
757	37900	1.80243e-023
758	37950	1.80243e-023
759	38000	1.80243e-023
760	38050	1.80243e-023
761	38100	1.80243e-023
762	38150	1.80243e-023
763	38200	1.7535e-023
764	38250	1.7535e-023
765	38300	1.7535e-023
766	38350	1.7535e-023
767	38400	1.7535e-023
768	38450	1.52549e-023
769	38500	1.17914e-023
770	38550	1.17914e-023
771	38600	1.17914e-023
772	38650	1.17914e-023
773	38700	1.17914e-023
774	38750	1.17893e-023
775	38800	1.17893e-023
776	38850	1.10181e-023
777	38900	1.10181e-023
778	38950	1.10181e-023
779	39000	1.10181e-023
780	39050	1.08346e-023
781	39100	9.22584e-024
782	39150	9.22584e-024
783	39200	9.01986e-024
784	39250	9.01986e-024
785	39300	8.82352e-024
786	39350	7.48948e-024
787	39400	7.48948e-024
788	39450	6.9809e-024
789	39500	6.9809e-024
790	39550	6.9809e-024
791	39600	6.9744e-024
792	39650	4.45108e-024
793	39700	3.81349e-024
794	39750	2.02244e-024
795	39800	1.77135e-024
796	39850	1.77135e-024
797	39900	1.77135e-024
798	39950	1.77135e-024
799	40000	1.40122e-024
800	40050	1.39805e-024
801	40100	1.33609e-024
802	40150	1.33609e-024
803	40200	1.25256e-024
804	40250	1.25256e-024
805	40300	1.14556e-024
806	40350	1.14556e-024
807	40400	1.14556e-024
808	40450	1.06483e-024
809	40500	1.05832e-024
810	40550	6.46068e-025
811	40600	6.46068e-025
812	40650	5.07149e-025
813	40700	5.07149e-025
814	40750	5.07149e-025
815	40800	5.07149e-025
816	40850	3.34556e-025
817	40900	3.34556e-025
818	40950	3.34556e-025
819	41000	3.34556e-025
820	41050	3.34556e-025
821	41100	3.34556e-025
822	41150	3.01614e-025
823	41200	3.01614e-025
824	41250	3.0002e-025
825	41300	2.98138e-025
826	41350	2.98138e-025
827	41400	2.9184e-025
828	41450	2.9184e-025
829	41500	2.84631e-025
830	41550	1.14878e-025
831	41600	1.14878e-025
832	41650	9.93768e-026
833	41700	7.37132e-026
834	41750	7.37132e-026
835	41800	7.37132e-026
836	41850	7.37132e-026
837	41900	7.37132e-026
838	41950	7.34921e-026
839	42000	5.07931e-026
840	42050	5.07931e-026
841	42100	4.54697e-026
842	42150	4.54697e-026
843	42200	3.30251e-026
844	42250	3.30251e-026
845	42300	3.30251e-026
846	42350	3.30251e-026
847	42400	2.92175e-026
848	42450	2.92175e-026
849	42500	2.92175e-026
850	42550	1.79644e-026
851	42600	1.78492e-026
852	42650	1.78492e-026
853	42700	1.78492e-026
854	42750	1.78492e-026
855	42800	1.78492e-026
856	42850	1.78492e-026
857	42900	1.68378e-026
858	42950	1.68378e-026
859	43000	1.68378e-026
860	43050	1.68378e-026
861	43100	1.68378e-026
862	43150	1.68378e-026
863	43200	1.68344e-026
864	43250	1.52642e-026
865	43300	1.50772e-026
866	43350	1.25002e-026
867	43400	1.25002e-026
868	43450	1.24291e-026
869	43500	1.24288e-026
870	43550	1.89145e-027
871	43600	1.89145e-027
872	43650	1.89145e-027
873	43700	1.89145e-027
874	43750	1.33781e-027
875	43800	1.33781e-027
876	43850	1.33781e-027
877	43900	1.33781e-027
878	43950	8.51377e-028
879	44000	8.51377e-028
880	44050	8.51377e-028
881	44100	8.51377e-028
882	44150	7.73701e-028
883	44200	7.73701e-028
884	44250	7.73701e-028
885	44300	7.73701e-028
886	44350	7.73701e-028
887	44400	7.6623e-028
888	44450	7.6623e-028
889	44500	7.03538e-028
890	44550	6.43548e-028
891	44600	6.43548e-028
892	44650	6.43548e-028
893	44700	6.43548e-028
894	44750	6.43548e-028
895	44800	6.43548e-028
896	44850	6.29989e-028
897	44900	6.29989e-028
898	44950	6.28791e-028
899	45000	6.28791e-028
900	45050	4.61386e-028
901	45100	4.61386e-028
902	45150	4.61386e-028
903	45200	4.57742e-028
904	45250	4.50176e-028
905	45300	4.44672e-028
906	45350	4.44672e-028
907	45400	4.44672e-028
908	45450	4.44672e-028
909	45500	3.97481e-029
910	45550	3.72972e-029
911	45600	3.72972e-029
912	45650	3.72972e-029
913	45700	2.88917e-029
914	45750	2.62646e-029
915	45800	2.62646e-029
916	45850	2.62646e-029
917	45900	2.62646e-029
918	45950	1.72162e-029
919	46000	1.72162e-029
920	46050	1.72162e-029
921	46100	1.72162e-029
922	46150	1.72162e-029
923	46200	1.64094e-029
924	46250	1.64094e-029
925	46300	1.64094e-029
926	46350	1.64094e-029
927	46400	1.64094e-029
928	46450	1.64094e-029
929	46500	1.64094e-029
930	46550	1.64094e-029
931	46600	1.46963e-029
932	46650	1.23886e-029
933	46700	1.23886e-029
934	46750	7.20137e-030
935	46800	7.20137e-030
936	46850	7.20137e-030
937	46900	7.03333e-030
938	46950	5.36274e-030
939	47000	9.64987e-031
940	47050	9.64987e-031
941	47100	8.56426e-031
942	47150	8.56426e-031
943	47200	8.56426e-031
944	47250	5.5001e-031
945	47300	5.5001e-031
946	47350	3.76809e-031
947	47400	3.76809e-031
948	47450	3.29601e-031
949	47500	2.96536e-031
950	47550	2.96536e-031
951	47600	2.96536e-031
952	47650	2.96536e-031
953	47700	2.96536e-031
954	47750	2.96536e-031
955	47800	2.81602e-031
956	47850	2.81602e-031
957	47900	2.81602e-031
958	47950	2.81602e-031
959	48000	2.81602e-031
960	48050	2.81602e-031
961	48100	2.81602e-031
962	48150	1.84412e-031
963	48200	1.75265e-031
964	48250	1.70783e-031
965	48300	1.70783e-031
966	48350	1.70783e-031
967	48400	1.70783e-031
968	48450	1.70783e-031
969	48500	1.70783e-031
970	48550	1.70783e-031
971	48600	1.70783e-031
972	48650	8.24473e-032
973	48700	8.24473e-032
974	48750	6.42293e-032
975	48800	6.42293e-032
976	48850	6.42293e-032
977	48900	6.42293e-032
978	48950	6.42293e-032
979	49000	6.42293e-032
980	49050	6.42293e-032
981	49100	1.99136e-032
982	49150	1.99136e-032
983	49200	1.99136e-032
984	49250	1.99136e-032
985	49300	1.99136e-032
986	49350	1.97559e-032
987	49400	1.37917e-032
988	49450	1.37917e-032
989	49500	1.37917e-032
990	49550	1.13455e-032
991	49600	7.9052e-033
992	49650	7.9052e-033
993	49700	7.9052e-033
994	49750	7.13257e-033
995	49800	7.13257e-033
996	49850	7.13257e-033
997	49900	7.13257e-033
998	49950	7.13257e-033
999	50000	7.13257e-033
1000	50050	6.67871e-033
1001	50100	6.67871e-033
1002	50150	6.67871e-033
1003	50200	6.67871e-033
1004	50250	6.56193e-033
1005	50300	6.56193e-033
1006	50350	6.56193e-033
1007	50400	6.20617e-033
1008	50450	5.9041e-033
1009	50500	5.9041e-033
1010	50550	5.9041e-033
1011	50600	5.9041e-033
1012	50650	3.36614e-033
1013	50700	3.36614e-033
1014	50750	3.36614e-033
1015	50800	2.58948e-033
1016	50850	2.58948e-033
1017	50900	2.58948e-033
1018	50950	2.58948e-033
1019	51000	2.58948e-033
1020	51050	2.58948e-033
1021	51100	2.58948e-033
1022	51150	2.11619e-033
1023	51200	1.9567e-033
1024	51250	1.9567e-033
1025	51300	1.9567e-033
1026	51350	1.63655e-033
1027	51400	1.54917e-033
1028	51450	1.54917e-033
1029	51500	1.54917e-033
1030	51550	1.27155e-033
1031	51600	1.27155e-033
1032	51650	1.21565e-033
1033	51700	1.21565e-033
1034	51750	9.65784e-034
1035	51800	9.65784e-034
1036	51850	9.65784e-034
1037	51900	9.65171e-034
1038	51950	9.65171e-034
1039	52000	9.65171e-034
1040	52050	8.95368e-034
1041	52100	8.95368e-034
1042	52150	8.95368e-034
1043	52200	7.8578e-034
1044	52250	2.70651e-034
1045	52300	2.70651e-034
1046	52350	2.70651e-034
1047	52400	2.70651e-034
1048	52450	2.70651e-034
1049	52500	2.70651e-034
1050	52550	2.33635e-034
1051	52600	2.33635e-034
1052	52650	1.66086e-034
1053	52700	1.42949e-034
1054	52750	1.36814e-034
1055	52800	1.22104e-034
1056	52850	7.24591e-035
1057	52900	7.04185e-035
1058	52950	7.04185e-035
1059	53000	7.04185e-035
1060	53050	7.04185e-035
1061	53100	7.04185e-035
1062	53150	6.24245e-035
1063	53200	6.23232e-035
1064	53250	6.23232e-035
1065	53300	6.23232e-035
1066	53350	6.23232e-035
1067	53400	6.04282e-035
1068	53450	4.03398e-035
1069	53500	4.03398e-035
1070	53550	2.72926e-035
1071	53600	2.72926e-035
1072	53650	2.72926e-035
1073	53700	2.63076e-035
1074	53750	2.63076e-035
1075	53800	2.61886e-035
1076	53850	2.43598e-035
1077	53900	2.43598e-035
1078	53950	2.37476e-035
1079	54000	2.37476e-035
1080	54050	2.31408e-035
1081	54100	2.31085e-035
1082	54150	2.30635e-035
1083	54200	8.86404e-036
1084	54250	8.86404e-036
1085	54300	8.86404e-036
1086	54350	8.86404e-036
1087	54400	8.84079e-036
1088	54450	8.84079e-036
1089	54500	8.73777e-036
1090	54550	7.55353e-036
1091	54600	7.55353e-036
1092	54650	7.55353e-036
1093	54700	7.55353e-036
1094	54750	7.55353e-036
1095	54800	7.55353e-036
1096	54850	7.55353e-036
1097	54900	7.55353e-036
1098	54950	3.3401e-036
1099	55000	3.3401e-036
1100	55050	3.3401e-036
1101	55100	3.3401e-036
1102	55150	3.3401e-036
1103	55200	3.19298e-036
1104	55250	3.19298e-036
1105	55300	3.12026e-036
1106	55350	3.12026e-036
1107	55400	3.05947e-036
1108	55450	3.05947e-036
1109	55500	3.05947e-036
1110	55550	3.04946e-036
1111	55600	3.04946e-036
1112	55650	3.04946e-036
1113	55700	3.0279e-036
1114	55750	3.0279e-036
1115	55800	2.92126e-036
1116	55850	2.92126e-036
1117	55900	2.89859e-036
1118	55950	1.539e-036
1119	56000	1.539e-036
1120	56050	3.45619e-037
1121	56100	3.4068e-037
1122	56150	3.4068e-037
1123	56200	3.4068e-037
1124	56250	3.4068e-037
1125	56300	3.4068e-037
1126	56350	3.4068e-037
1127	56400	2.41886e-037
1128	56450	1.80761e-037
1129	56500	1.80761e-037
1130	56550	1.63969e-037
1131	56600	1.63969e-037
1132	56650	1.5742e-037
1133	56700	1.5742e-037
1134	56750	1.5742e-037
1135	56800	1.5742e-037
1136	56850	1.5742e-037
1137	56900	1.51845e-037
1138	56950	1.51845e-037
1139	57000	5.9948e-038
1140	57050	3.3717e-038
1141	57100	3.3717e-038
1142	57150	3.3717e-038
1143	57200	3.3717e-038
1144	57250	3.3717e-038
1145	57300	3.3717e-038
1146	57350	3.3717e-038
1147	57400	2.65192e-038
1148	57450	2.65192e-038
1149	57500	2.65192e-038
1150	57550	2.65192e-038
1151	57600	2.64866e-038
1152	57650	2.64866e-038
1153	57700	2.64866e-038
1154	57750	2.64866e-038
1155	57800	1.56757e-038
1156	57850	1.56757e-038
1157	57900	1.3259e-038
1158	57950	1.3259e-038
1159	58000	1.20975e-038
1160	58050	1.20975e-038
1161	58100	1.20975e-038
1162	58150	1.20975e-038
1163	58200	9.40844e-039
1164	58250	6.61052e-039
1165	58300	6.61052e-039
1166	58350	6.61052e-039
1167	58400	6.61052e-039
1168	58450	6.49521e-039
1169	58500	6.49521e-039
1170	58550	6.35867e-039
1171	58600	6.35867e-039
1172	58650	4.07382e-039
1173	58700	4.07382e-039
1174	58750	4.07382e-039
1175	58800	4.07382e-039
1176	58850	4.07382e-039
1177	58900	4.07382e-039
1178	58950	4.06999e-039
1179	59000	4.01528e-039
1180	59050	2.41886e-040
1181	59100	2.41886e-040
1182	59150	2.15162e-040
1183	59200	2.15162e-040
1184	59250	2.1497e-040
1185	59300	2.1471e-040
1186	59350	2.1471e-040
1187	59400	2.1471e-040
1188	59450	2.1471e-040
1189	59500	1.5823e-040
1190	59550	1.5823e-040
1191	59600	1.5823e-040
1192	59650	1.5823e-040
1193	59700	1.54105e-040
1194	59750	1.26868e-040
1195	59800	1.26716e-040
1196	59850	1.08502e-040
1197	59900	1.00675e-040
1198	59950	1.00675e-040
1199	60000	1.00675e-040
1200	60050	1.00675e-040
1201	60100	1.00675e-040
1202	60150	1.00675e-040
1203	60200	1.00675e-040
1204	60250	1.00675e-040
1205	60300	1.00675e-040
1206	60350	1.00675e-040
1207	60400	1.00675e-040
1208	60450	1.00675e-040
1209	60500	8.11004e-041
1210	60550	8.11004e-041
1211	60600	8.11004e-041
1212	60650	7.60098e-041
1213	60700	4.6292e-041
1214	60750	2.57979e-041
1215	60800	2.20448e-041
1216	60850	2.20448e-041
1217	60900	2.20448e-041
1218	60950	2.12511e-041
1219	61000	1.58109e-041
1220	61050	1.44711e-041
1221	61100	1.44711e-041
1222	61150	1.44711e-041
1223	61200	1.44087e-041
1224	61250	1.44087e-041
1225	61300	1.34141e-041
1226	61350	1.29201e-041
1227	61400	1.28661e-041
1228	61450	1.22769e-041
1229	61500	1.2019e-041
1230	61550	1.2019e-041
1231	61600	8.0028e-042
1232	61650	2.61375e-042
1233	61700	2.31183e-042
1234	61750	2.31183e-042
1235	61800	2.31183e-042
1236	61850	2.22325e-042
1237	61900	1.99786e-042
1238	61950	1.99786e-042
1239	62000	1.99786e-042
1240	62050	1.93385e-042
1241	62100	1.93385e-042
1242	62150	1.93385e-042
1243	62200	1.28598e-042
1244	62250	1.27061e-042
1245	62300	1.27061e-042
1246	62350	1.26835e-042
1247	62400	6.10747e-043
1248	62450	6.10747e-043
1249	62500	6.09029e-043
1250	62550	5.32467e-043
1251	62600	4.87922e-043
1252	62650	4.47503e-043
1253	62700	4.47503e-043
1254	62750	4.47503e-043
1255	62800	4.47503e-043
1256	62850	3.79435e-043
1257	62900	3.52849e-043
1258	62950	3.02798e-043
1259	63000	2.43372e-043
1260	63050	2.43372e-043
1261	63100	1.61111e-043
1262	63150	1.07691e-043
1263	63200	1.07691e-043
1264	63250	1.02906e-043
1265	63300	9.62409e-044
1266	63350	7.81196e-044
1267	63400	6.24293e-044
1268	63450	5.01214e-044
1269	63500	4.32515e-044
1270	63550	4.32515e-044
1271	63600	3.89053e-044
1272	63650	3.07192e-044
1273	63700	2.9626e-044
1274	63750	2.39309e-044
1275	63800	2.39309e-044
1276	63850	2.39309e-044
1277	63900	1.71624e-044
1278	63950	1.71624e-044
1279	64000	1.71624e-044
1280	64050	1.71624e-044
1281	64100	1.67215e-044
1282	64150	1.67215e-044
1283	64200	1.21322e-044
1284	64250	4.51604e-045
1285	64300	4.51604e-045
1286	64350	3.61175e-045
1287	64400	3.61175e-045
1288	64450	3.61175e-045
1289	64500	3.61175e-045
1290	64550	3.60354e-045
1291	64600	3.2031e-045
1292	64650	2.92559e-045
1293	64700	2.92559e-045
1294	64750	2.75232e-045
1295	64800	2.75232e-045
1296	64850	2.75232e-045
1297	64900	2.75232e-045
1298	64950	2.75232e-045
1299	65000	2.75232e-045
1300	65050	2.39581e-045
1301	65100	2.39581e-045
1302	65150	2.04368e-045
1303	65200	1.57576e-045
1304	65250	1.57576e-045
1305	65300	1.57576e-045
1306	65350	1.51586e-045
1307	65400	1.51586e-045
1308	65450	1.51586e-045
1309	65500	1.51586e-045
1310	65550	1.51586e-045
1311	65600	1.02519e-045
1312	65650	9.25799e-046
1313	65700	4.30983e-046
1314	65750	4.30983e-046
1315	65800	4.30983e-046
1316	65850	4.30983e-046
1317	65900	4.30983e-046
1318	65950	4.30983e-046
1319	66000	4.30983e-046
1320	66050	4.30983e-046
1321	66100	4.30983e-046
1322	66150	4.30983e-046
1323	66200	4.30983e-046
1324	66250	4.30983e-046
1325	66300	3.72351e-046
1326	66350	3.72351e-046
1327	66400	2.18077e-046
1328	66450	2.18077e-046
1329	66500	1.36071e-046
1330	66550	1.36071e-046
1331	66600	1.33643e-046
1332	66650	1.33643e-046
1333	66700	1.33643e-046
1334	66750	1.33643e-046
1335	66800	1.33643e-046
1336	66850	1.33465e-046
1337	66900	1.33465e-046
1338	66950	1.33465e-046
1339	67000	1.33465e-046
1340	67050	1.33465e-046
1341	67100	1.30472e-046
1342	67150	1.14856e-046
1343	67200	1.14856e-046
1344	67250	6.83078e-047
1345	67300	6.83078e-047
1346	67350	6.75198e-047
1347	67400	6.32048e-047
1348	67450	6.32048e-047
1349	67500	6.32048e-047
1350	67550	6.32048e-047
1351	67600	5.08528e-047
1352	67650	5.08528e-047
1353	67700	5.08528e-047
1354	67750	5.08528e-047
1355	67800	5.08528e-047
1356	67850	2.2609e-047
1357	67900	2.23342e-047
1358	67950	2.17671e-047
1359	68000	2.17671e-047
1360	68050	2.17671e-047
1361	68100	2.17671e-047
1362	68150	2.17671e-047
1363	68200	2.17671e-047
1364	68250	2.17476e-047
1365	68300	1.48977e-047
1366	68350	1.45976e-047
1367	68400	1.45976e-047
1368	68450	1.45976e-047
1369	68500	1.35766e-047
1370	68550	1.35766e-047
1371	68600	1.35766e-047
1372	68650	1.35766e-047
1373	68700	1.35766e-047
1374	68750	1.35766e-047
1375	68800	1.3547e-047
1376	68850	1.33021e-047
1377	68900	1.33021e-047
1378	68950	1.32978e-047
1379	69000	1.32978e-047
1380	69050	2.02569e-048
1381	69100	2.02569e-048
1382	69150	1.19718e-048
1383	69200	1.19718e-048
1384	69250	1.08249e-048
1385	69300	9.45153e-049
1386	69350	4.93148e-049
1387	69400	4.93148e-049
1388	69450	3.5404e-049
1389	69500	3.5404e-049
1390	69550	3.1561e-049
1391	69600	3.1561e-049
1392	69650	1.75023e-049
1393	69700	1.03198e-049
1394	69750	1.01339e-049
1395	69800	1.01339e-049
1396	69850	1.01339e-049
1397	69900	8.40327e-050
1398	69950	7.73791e-050
1399	70000	7.73791e-050
1400	70050	5.93429e-050
1401	70100	4.34824e-050
1402	70150	4.34824e-050
1403	70200	4.34824e-050
1404	70250	4.34824e-050
1405	70300	4.34824e-050
1406	70350	4.34824e-050
1407	70400	4.34824e-050
1408	70450	4.04583e-050
1409	70500	3.7368e-050
1410	70550	3.7368e-050
1411	70600	3.7368e-050
1412	70650	3.7368e-050
1413	70700	3.73561e-050
1414	70750	3.73561e-050
1415	70800	3.55349e-050
1416	70850	3.55349e-050
1417	70900	3.02629e-050
1418	70950	3.02629e-050
1419	71000	2.9369e-050
1420	71050	2.52753e-050
1421	71100	2.43648e-050
1422	71150	2.43648e-050
1423	71200	2.38371e-050
1424	71250	2.37383e-050
1425	71300	2.37203e-050
1426	71350	2.37203e-050
1427	71400	2.37203e-050
1428	71450	2.33632e-050
1429	71500	2.33632e-050
1430	71550	2.3164e-050
1431	71600	2.31371e-050
1432	71650	2.31371e-050
1433	71700	2.31371e-050
1434	71750	2.31371e-050
1435	71800	2.31371e-050
1436	71850	2.3135e-050
1437	71900	3.43525e-051
1438	71950	3.43525e-051
1439	72000	3.43525e-051
1440	72050	3.43525e-051
1441	72100	3.43525e-051
1442	72150	3.41686e-051
1443	72200	3.41686e-051
1444	72250	2.58594e-051
1445	72300	2.58594e-051
1446	72350	2.45049e-051
1447	72400	2.34307e-051
1448	72450	2.34307e-051
1449	72500	1.79227e-051
1450	72550	1.79227e-051
1451	72600	1.79227e-051
1452	72650	1.49671e-051
1453	72700	1.49671e-051
1454	72750	1.48889e-051
1455	72800	5.38714e-052
1456	72850	2.62456e-052
1457	72900	1.37485e-052
1458	72950	1.37485e-052
1459	73000	1.37485e-052
1460	73050	1.37485e-052
1461	73100	1.37485e-052
1462	73150	7.04139e-053
1463	73200	6.39367e-053
1464	73250	6.39367e-053
1465	73300	6.39367e-053
1466	73350	6.39367e-053
1467	73400	6.39367e-053
1468	73450	6.39367e-053
1469	73500	6.39367e-053
1470	73550	6.35629e-053
1471	73600	6.35629e-053
1472	73650	4.83008e-053
1473	73700	4.83008e-053
1474	73750	4.59309e-053
1475	73800	4.44403e-053
1476	73850	4.44403e-053
1477	73900	3.89039e-053
1478	73950	3.89039e-053
1479	74000	3.89039e-053
1480	74050	3.89039e-053
1481	74100	3.67926e-053
1482	74150	3.38356e-053
1483	74200	3.38356e-053
1484	74250	3.36563e-053
1485	74300	3.36563e-053
1486	74350	3.36563e-053
1487	74400	3.36563e-053
1488	74450	3.36563e-053
1489	74500	3.36058e-053
1490	74550	3.36058e-053
1491	74600	3.36058e-053
1492	74650	3.08424e-053
1493	74700	3.08424e-053
1494	74750	2.71719e-053
1495	74800	2.70135e-053
1496	74850	2.70135e-053
1497	74900	2.70135e-053
1498	74950	2.70135e-053
1499	75000	2.70135e-053
1500	75050	1.62936e-053
1501	75100	1.59424e-053
1502	75150	1.59424e-053
1503	75200	7.20622e-054
1504	75250	5.34688e-054
1505	75300	5.34688e-054
1506	75350	3.95022e-054
1507	75400	3.33523e-054
1508	75450	3.33523e-054
1509	75500	2.69684e-054
1510	75550	2.69684e-054
1511	75600	2.69684e-054
1512	75650	2.69684e-054
1513	75700	2.69684e-054
1514	75750	2.69684e-054
1515	75800	2.45968e-054
1516	75850	2.45968e-054
1517	75900	2.34476e-054
1518	75950	2.24763e-054
1519	76000	2.12571e-054
1520	76050	2.01286e-054
1521	76100	1.92488e-054
1522	76150	1.70391e-054
1523	76200	1.70391e-054
1524	76250	1.65034e-054
1525	76300	1.65034e-054
1526	76350	1.57644e-054
1527	76400	1.57314e-054
1528	76450	1.57226e-054
1529	76500	1.57226e-054
1530	76550	1.57226e-054
1531	76600	1.57226e-054
1532	76650	1.22772e-054
1533	76700	1.22275e-054
1534	76750	1.19491e-054
1535	76800	1.18362e-054
1536	76850	1.18362e-054
1537	76900	1.18362e-054
1538	76950	1.18362e-054
1539	77000	1.17972e-054
1540	77050	1.14875e-054
1541	77100	1.14859e-054
1542	77150	1.14859e-054
1543	77200	1.13576e-054
1544	77250	1.13502e-054
1545	77300	1.11539e-054
1546	77350	1.11539e-054
1547	77400	1.11429e-054
1548	77450	1.11429e-054
1549	77500	1.11429e-054
1550	77550	1.11429e-054
1551	77600	1.11393e-054
1552	77650	1.11352e-054
1553	77700	1.11217e-054
1554	77750	1.112e-054
1555	77800	1.112e-054
1556	77850	1.112e-054
1557	77900	1.112e-054
1558	77950	1.10992e-054
1559	78000	1.10992e-054
1560	78050	1.10992e-054
1561	78100	1.10983e-054
1562	78150	1.10983e-054
1563	78200	1.10983e-054
1564	78250	1.10983e-054
1565	78300	1.10983e-054
1566	78350	1.10983e-054
1567	78400	1.10954e-054
1568	78450	9.74696e-056
1569	78500	9.74696e-056
1570	78550	9.74696e-056
1571	78600	9.74077e-056
1572	78650	9.74077e-056
1573	78700	9.73425e-056
1574	78750	9.73425e-056
1575	78800	9.73119e-056
1576	78850	9.73014e-056
1577	78900	9.73014e-056
1578	78950	9.73014e-056
1579	79000	9.71843e-056
1580	79050	9.71843e-056
1581	79100	9.71843e-056
1582	79150	9.71843e-056
1583	79200	9.71843e-056
1584	79250	9.70967e-056
1585	79300	9.70964e-056
1586	79350	9.70964e-056
1587	79400	5.33772e-056
1588	79450	5.33772e-056
1589	79500	5.33772e-056
1590	79550	5.33772e-056
1591	79600	5.33772e-056
1592	79650	5.31299e-056
1593	79700	5.31299e-056
1594	79750	5.31299e-056
1595	79800	5.31227e-056
1596	79850	5.15815e-057
1597	79900	1.00994e-057
1598	79950	1.00994e-057
1599	80000	1.00513e-057
1600	80050	9.94289e-058
1601	80100	9.94289e-058
1602	80150	9.894e-058
1603	80200	9.894e-058
1604	80250	9.894e-058
1605	80300	9.73674e-058
1606	80350	9.5361e-058
1607	80400	9.24081e-058
1608	80450	9.24081e-058
1609	80500	9.24081e-058
1610	80550	9.23529e-058
1611	80600	9.23529e-058
1612	80650	9.23529e-058
1613	80700	9.16663e-058
1614	80750	9.16663e-058
1615	80800	9.1509e-058
1616	80850	9.1509e-058
1617	80900	9.14977e-058
1618	80950	9.14977e-058
1619	81000	9.02594e-058
1620	81050	9.02594e-058
1621	81100	9.02594e-058
1622	81150	9.02594e-058
1623	81200	8.80457e-058
1624	81250	8.80457e-058
1625	81300	8.78082e-058
1626	81350	8.78082e-058
1627	81400	8.78082e-058
1628	81450	8.78082e-058
1629	81500	8.78082e-058
1630	81550	8.69087e-058
1631	81600	8.69087e-058
1632	81650	8.69087e-058
1633	81700	8.69087e-058
1634	81750	8.69087e-058
1635	81800	8.65163e-058
1636	81850	8.65163e-058
1637	81900	8.63697e-058
1638	81950	8.63106e-058
1639	82000	8.63106e-058
1640	82050	8.62198e-058
1641	82100	8.62198e-058
1642	82150	8.62198e-058
1643	82200	8.61794e-058
1644	82250	8.61566e-058
1645	82300	4.15336e-060
1646	82350	4.15336e-060
1647	82400	4.13294e-060
1648	82450	4.13294e-060
1649	82500	4.13294e-060
1650	82550	4.13294e-060
1651	82600	4.13294e-060
1652	82650	4.13294e-060
1653	82700	4.13294e-060
1654	82750	4.13294e-060
1655	82800	4.12463e-060
1656	82850	4.12463e-060
1657	82900	4.12463e-060
1658	82950	4.12463e-060
1659	83000	4.12463e-060
1660	83050	4.12463e-060
1661	83100	4.12463e-060
1662	83150	4.11365e-060
1663	83200	4.11365e-060
1664	83250	4.10748e-060
1665	83300	3.9058e-060
1666	83350	3.87351e-060
1667	83400	3.86633e-060
1668	83450	3.86633e-060
1669	83500	3.86633e-060
1670	83550	3.86633e-060
1671	83600	3.86633e-060
1672	83650	3.86633e-060
1673	83700	3.86633e-060
1674	83750	3.86025e-060
1675	83800	3.05165e-061
1676	83850	3.05165e-061
1677	83900	3.05165e-061
1678	83950	3.05165e-061
1679	84000	3.05165e-061
1680	84050	3.05165e-061
1681	84100	2.82193e-061
1682	84150	2.82193e-061
1683	84200	2.82193e-061
1684	84250	2.82193e-061
1685	84300	2.80454e-061
1686	84350	2.80454e-061
1687	84400	2.80454e-061
1688	84450	2.80454e-061
1689	84500	2.77162e-061
1690	84550	2.73652e-061
1691	84600	2.73652e-061
1692	84650	2.73652e-061
1693	84700	2.70938e-061
1694	84750	2.70938e-061
1695	84800	2.70938e-061
1696	84850	2.70374e-061
1697	84900	2.70149e-061
1698	84950	2.70149e-061
1699	85000	2.70149e-061
1700	85050	2.52201e-061
1701	85100	2.21684e-062
1702	85150	2.19501e-062
1703	85200	2.18607e-062
1704	85250	2.18607e-062
1705	85300	2.18607e-062
1706	85350	2.18607e-062
1707	85400	2.18607e-062
1708	85450	2.16554e-062
1709	85500	2.16554e-062
1710	85550	1.88515e-062
1711	85600	1.88515e-062
1712	85650	1.88396e-062
1713	85700	1.86203e-062
1714	85750	1.86203e-062
1715	85800	1.72931e-062
1716	85850	1.72931e-062
1717	85900	1.71927e-062
1718	85950	1.68755e-062
1719	86000	1.68717e-062
1720	86050	1.68717e-062
1721	86100	1.50569e-062
1722	86150	1.48961e-062
1723	86200	1.47654e-062
1724	86250	6.1743e-064
1725	86300	6.1743e-064
1726	86350	6.1743e-064
1727	86400	6.1743e-064
1728	86450	6.1743e-064
1729	86500	6.1743e-064
1730	86550	6.1743e-064
1731	86600	5.72936e-064
1732	86650	5.72936e-064
1733	86700	5.72936e-064
1734	86750	5.56186e-064
1735	86800	5.56186e-064
1736	86850	5.56186e-064
1737	86900	5.44393e-064
1738	86950	4.9246e-064
1739	87000	4.9246e-064
1740	87050	4.9246e-064
1741	87100	4.9246e-064
1742	87150	4.9186e-064
1743	87200	4.68404e-064
1744	87250	4.61886e-064
1745	87300	4.61886e-064
1746	87350	4.61886e-064
1747	87400	1.8157e-064
1748	87450	1.8157e-064
1749	87500	2.06451e-065
1750	87550	2.06451e-065
1751	87600	9.67954e-066
1752	87650	9.67954e-066
1753	87700	6.65175e-066
1754	87750	6.42404e-066
1755	87800	6.42404e-066
1756	87850	6.42404e-066
1757	87900	6.42404e-066
1758	87950	6.36712e-066
1759	88000	6.36712e-066
1760	88050	6.36712e-066
1761	88100	6.36712e-066
1762	88150	6.36712e-066
1763	88200	6.36712e-066
1764	88250	6.36712e-066
1765	88300	6.36712e-066
1766	88350	3.6261e-066
1767	88400	3.6261e-066
1768	88450	3.6261e-066
1769	88500	1.9442e-066
1770	88550	1.9442e-066
1771	88600	1.9442e-066
1772	88650	1.76089e-066
1773	88700	1.76089e-066
1774	88750	1.56629e-066
1775	88800	1.56629e-066
1776	88850	1.56629e-066
1777	88900	1.27646e-066
1778	88950	1.07652e-066
1779	89000	1.07652e-066
1780	89050	1.07652e-066
1781	89100	1.07652e-066
1782	89150	1.07652e-066
1783	89200	1.07652e-066
1784	89250	1.07652e-066
1785	89300	1.07652e-066
1786	89350	1.07251e-066
1787	89400	7.03028e-067
1788	89450	7.01658e-067
1789	89500	5.1017e-067
1790	89550	5.1017e-067
1791	89600	5.1017e-067
1792	89650	4.65595e-067
1793	89700	4.65595e-067
1794	89750	3.01902e-067
1795	89800	3.01902e-067
1796	89850	2.47008e-067
1797	89900	1.81682e-067
1798	89950	1.81682e-067
1799	90000	1.30972e-067
1800	90050	1.30972e-067
1801	90100	1.30972e-067
1802	90150	1.30972e-067
1803	90200	1.30972e-067
1804	90250	1.29247e-067
1805	90300	1.29247e-067
1806	90350	1.29247e-067
1807	90400	1.29247e-067
1808	90450	1.24412e-067
1809	90500	1.24412e-067
1810	90550	1.24412e-067
1811	90600	1.22414e-067
1812	90650	1.21623e-067
1813	90700	1.21623e-067
1814	90750	1.18769e-067
1815	90800	1.18769e-067
1816	90850	1.18769e-067
1817	90900	1.17035e-067
1818	90950	1.17035e-067
1819	91000	1.17035e-067
1820	91050	1.17035e-067
1821	91100	1.17035e-067
1822	91150	7.18737e-069
1823	91200	7.18737e-069
1824	91250	7.18737e-069
1825	91300	7.18737e-069
1826	91350	5.88695e-069
1827	91400	5.55761e-069
1828	91450	5.37838e-069
1829	91500	5.37838e-069
1830	91550	4.99889e-069
1831	91600	4.99889e-069
1832	91650	4.99889e-069
1833	91700	4.99889e-069
1834	91750	4.99889e-069
1835	91800	4.99889e-069
1836	91850	4.98176e-069
1837	91900	4.98176e-069
1838	91950	4.98176e-069
1839	92000	4.73802e-069
1840	92050	4.73659e-069
1841	92100	4.71574e-069
1842	92150	4.71574e-069
1843	92200	4.26566e-069
1844	92250	4.26566e-069
1845	92300	4.26507e-069
1846	92350	4.26507e-069
1847	92400	4.03428e-069
1848	92450	4.03428e-069
1849	92500	4.03428e-069
1850	92550	3.98534e-069
1851	92600	3.98534e-069
1852	92650	3.98467e-069
1853	92700	1.91855e-069
1854	92750	1.91855e-069
1855	92800	1.43677e-069
1856	92850	1.43677e-069
1857	92900	1.43677e-069
1858	92950	1.43677e-069
1859	93000	1.36579e-069
1860	93050	1.36579e-069
1861	93100	1.36579e-069
1862	93150	1.36579e-069
1863	93200	1.3356e-069
1864	93250	1.3356e-069
1865	93300	1.18672e-069
1866	93350	1.18672e-069
1867	93400	1.18672e-069
1868	93450	1.18407e-069
1869	93500	1.18407e-069
1870	93550	3.35532e-070
1871	93600	3.35532e-070
1872	93650	9.58623e-071
1873	93700	6.73211e-071
1874	93750	6.73211e-071
1875	93800	6.73211e-071
1876	93850	6.73211e-071
1877	93900	6.66524e-071
1878	93950	6.66524e-071
1879	94000	6.66524e-071
1880	94050	6.66524e-071
1881	94100	2.87291e-071
1882	94150	2.71216e-071
1883	94200	2.19933e-071
1884	94250	2.19933e-071
1885	94300	2.19933e-071
1886	94350	2.06056e-071
1887	94400	2.06056e-071
1888	94450	2.05572e-071
1889	94500	2.05572e-071
1890	94550	1.49553e-071
1891	94600	1.3894e-071
1892	94650	1.3894e-071
1893	94700	1.3894e-071
1894	94750	1.3894e-071
1895	94800	1.3894e-071
1896	94850	1.09101e-071
1897	94900	9.25626e-072
1898	94950	7.29037e-072
1899	95000	7.09405e-072
1900	95050	6.41811e-072
1901	95100	6.41811e-072
1902	95150	6.41811e-072
1903	95200	6.41811e-072
1904	95250	5.15825e-072
1905	95300	4.47223e-072
1906	95350	4.47223e-072
1907	95400	4.47223e-072
1908	95450	4.47223e-072
1909	95500	4.47223e-072
1910	95550	4.46287e-072
1911	95600	4.46287e-072
1912	95650	4.27196e-072
1913	95700	4.26619e-072
1914	95750	4.26619e-072
1915	95800	4.26619e-072
1916	95850	4.26619e-072
1917	95900	4.11807e-072
1918	95950	4.11807e-072
1919	96000	4.11807e-072
1920	96050	2.75604e-072
1921	96100	2.75604e-072
1922	96150	2.73474e-072
1923	96200	2.73474e-072
1924	96250	2.73474e-072
1925	96300	2.73474e-072
1926	96350	2.73474e-072
1927	96400	2.73474e-072
1928	96450	2.73474e-072
1929	96500	2.72801e-072
1930	96550	2.67835e-072
1931	96600	2.67835e-072
1932	96650	1.2689e-072
1933	96700	1.2689e-072
1934	96750	9.76819e-073
1935	96800	2.62618e-073
1936	96850	2.62618e-073
1937	96900	2.62618e-073
1938	96950	1.97107e-073
1939	97000	1.97107e-073
1940	97050	1.66629e-073
1941	97100	1.61076e-073
1942	97150	1.24015e-073
1943	97200	1.24015e-073
1944	97250	1.24015e-073
1945	97300	9.89885e-074
1946	97350	4.03258e-074
1947	97400	4.03258e-074
1948	97450	4.03258e-074
1949	97500	2.04851e-074
1950	97550	1.48415e-074
1951	97600	1.33374e-074
1952	97650	1.33374e-074
1953	97700	1.01548e-074
1954	97750	8.5291e-075
1955	97800	8.5291e-075
1956	97850	8.13301e-075
1957	97900	5.64507e-075
1958	97950	4.19904e-075
1959	98000	2.48813e-075
1960	98050	1.9786e-075
1961	98100	1.9786e-075
1962	98150	1.9786e-075
1963	98200	1.97646e-075
1964	98250	1.97646e-075
1965	98300	1.97646e-075
1966	98350	1.97646e-075
1967	98400	1.97646e-075
1968	98450	1.97646e-075
1969	98500	1.92875e-075
1970	98550	1.71276e-075
1971	98600	1.71276e-075
1972	98650	1.71276e-075
1973	98700	1.71276e-075
1974	98750	1.55876e-075
1975	98800	1.55876e-075
1976	98850	9.73459e-076
1977	98900	9.21453e-076
1978	98950	5.10843e-076
1979	99000	5.10843e-076
1980	99050	4.43399e-076
1981	99100	4.43399e-076
1982	99150	4.01304e-076
1983	99200	4.01091e-076
1984	99250	2.86627e-076
1985	99300	2.86627e-076
1986	99350	2.86627e-076
1987	99400	2.86627e-076
1988	99450	2.35108e-076
1989	99500	1.77814e-076
1990	99550	1.77814e-076
1991	99600	1.77814e-076
1992	99650	1.76671e-076
1993	99700	1.76671e-076
1994	99750	1.76671e-076
1995	99800	1.76671e-076
1996	99850	1.76671e-076
1997	99900	1.76671e-076
1998	99950	1.65832e-076
1999	100000	1.60524e-076
2000	100050	1.36529e-076
