1	100	0
2	150	1222.61
3	200	1222.61
4	250	1039.15
5	300	999.457
6	350	946.853
7	400	924.075
8	450	814.056
9	500	814.056
10	550	814.056
11	600	814.056
12	650	617.542
13	700	617.542
14	750	530.893
15	800	530.893
16	850	530.893
17	900	445.002
18	950	445.002
19	1000	445.002
20	1050	383.428
21	1100	383.428
22	1150	333.211
23	1200	333.211
24	1250	327.474
25	1300	327.474
26	1350	327.474
27	1400	327.474
28	1450	315.135
29	1500	315.135
30	1550	309.247
31	1600	309.247
32	1650	309.247
33	1700	134.879
34	1750	109.865
35	1800	109.865
36	1850	109.865
37	1900	109.865
38	1950	109.865
39	2000	109.865
40	2050	109.865
41	2100	109.865
42	2150	109.865
43	2200	92.3113
44	2250	92.3113
45	2300	92.3113
46	2350	92.3113
47	2400	87.6757
48	2450	85.1484
49	2500	85.1484
50	2550	85.1484
51	2600	85.1484
52	2650	85.1484
53	2700	85.1484
54	2750	85.1484
55	2800	85.1484
56	2850	85.1484
57	2900	85.1484
58	2950	85.1484
59	3000	59.3949
60	3050	57.3086
61	3100	57.3086
62	3150	38.4886
63	3200	38.4886
64	3250	38.4886
65	3300	31.7476
66	3350	31.7476
67	3400	31.7476
68	3450	31.7476
69	3500	29.2259
70	3550	29.2259
71	3600	29.2259
72	3650	29.111
73	3700	29.111
74	3750	28.6966
75	3800	24.788
76	3850	24.788
77	3900	16.9803
78	3950	16.9803
79	4000	16.9803
80	4050	16.9803
81	4100	8.71256
82	4150	8.71256
83	4200	8.71256
84	4250	8.71256
85	4300	7.20603
86	4350	6.74104
87	4400	6.74104
88	4450	6.66099
89	4500	6.09635
90	4550	6.09635
91	4600	5.72167
92	4650	5.72167
93	4700	5.72167
94	4750	5.72167
95	4800	5.60822
96	4850	5.60822
97	4900	5.39282
98	4950	5.09088
99	5000	5.09088
100	5050	5.09088
101	5100	1.36697
102	5150	1.36697
103	5200	1.36697
104	5250	1.36697
105	5300	1.36697
106	5350	1.02049
107	5400	1.02049
108	5450	0.767897
109	5500	0.767897
110	5550	0.706922
111	5600	0.706922
112	5650	0.706922
113	5700	0.706922
114	5750	0.668986
115	5800	0.420847
116	5850	0.420847
117	5900	0.420847
118	5950	0.317072
119	6000	0.293092
120	6050	0.293092
121	6100	0.293092
122	6150	0.293092
123	6200	0.293092
124	6250	0.288779
125	6300	0.129062
126	6350	0.129062
127	6400	0.129062
128	6450	0.129062
129	6500	0.129062
130	6550	0.129062
131	6600	0.119319
132	6650	0.119319
133	6700	0.119319
134	6750	0.119319
135	6800	0.119319
136	6850	0.119319
137	6900	0.119319
138	6950	0.119319
139	7000	0.119319
140	7050	0.119319
141	7100	0.0792248
142	7150	0.0792248
143	7200	0.0582858
144	7250	0.0582858
145	7300	0.0494182
146	7350	0.0494182
147	7400	0.0363365
148	7450	0.0363365
149	7500	0.0167107
150	7550	0.0167107
151	7600	0.0167107
152	7650	0.0167107
153	7700	0.0167107
154	7750	0.0167107
155	7800	0.0167107
156	7850	0.0167107
157	7900	0.0167107
158	7950	0.0163696
159	8000	0.0163696
160	8050	0.0149138
161	8100	0.0149138
162	8150	0.0149138
163	8200	0.0149138
164	8250	0.0149138
165	8300	0.0146692
166	8350	0.0146692
167	8400	0.0092277
168	8450	0.0092277
169	8500	0.0092277
170	8550	0.00873778
171	8600	0.00873778
172	8650	0.00873778
173	8700	0.00873241
174	8750	0.00873241
175	8800	0.0074423
176	8850	0.00593071
177	8900	0.00593071
178	8950	0.00462369
179	9000	0.00458883
180	9050	0.00458883
181	9100	0.00458883
182	9150	0.00458883
183	9200	0.00458883
184	9250	0.00458883
185	9300	0.00458883
186	9350	0.00458883
187	9400	0.00458883
188	9450	0.00458883
189	9500	0.00422708
190	9550	0.00345777
191	9600	0.00304269
192	9650	0.00304269
193	9700	0.00304269
194	9750	0.00303526
195	9800	0.00303526
196	9850	0.00303526
197	9900	0.000791027
198	9950	0.000791027
199	10000	0.000791027
200	10050	0.000791027
201	10100	0.000791027
202	10150	0.000791027
203	10200	0.000791027
204	10250	0.000791027
205	10300	0.000791027
206	10350	0.000601789
207	10400	0.000601789
208	10450	0.000601789
209	10500	0.000601789
210	10550	0.000601789
211	10600	0.000411572
212	10650	0.000411572
213	10700	0.000365262
214	10750	0.000365262
215	10800	0.000365262
216	10850	0.000365262
217	10900	0.000365262
218	10950	0.000361888
219	11000	0.000361888
220	11050	0.000361888
221	11100	0.000361888
222	11150	0.000361888
223	11200	0.000353193
224	11250	0.000353193
225	11300	0.000308051
226	11350	0.000308051
227	11400	0.000308051
228	11450	0.00026261
229	11500	0.00026261
230	11550	0.000242547
231	11600	0.000211198
232	11650	0.00020185
233	11700	0.00020185
234	11750	0.000199192
235	11800	0.000196297
236	11850	0.000122775
237	11900	0.000122775
238	11950	0.000122775
239	12000	0.000118177
240	12050	9.46171e-005
241	12100	8.10423e-005
242	12150	8.10423e-005
243	12200	8.10423e-005
244	12250	7.001e-005
245	12300	7.001e-005
246	12350	6.81754e-005
247	12400	5.18786e-005
248	12450	3.43798e-005
249	12500	3.43798e-005
250	12550	3.29535e-005
251	12600	3.29535e-005
252	12650	3.29535e-005
253	12700	1.05599e-005
254	12750	1.05599e-005
255	12800	1.05599e-005
256	12850	1.05599e-005
257	12900	1.05599e-005
258	12950	1.05599e-005
259	13000	1.05599e-005
260	13050	1.05599e-005
261	13100	1.05599e-005
262	13150	1.05306e-005
263	13200	8.18365e-006
264	13250	8.18365e-006
265	13300	7.27543e-006
266	13350	7.27543e-006
267	13400	7.27543e-006
268	13450	7.27543e-006
269	13500	5.82989e-006
270	13550	5.82989e-006
271	13600	5.82989e-006
272	13650	5.13491e-006
273	13700	5.13491e-006
274	13750	5.13491e-006
275	13800	5.13491e-006
276	13850	5.13491e-006
277	13900	5.13491e-006
278	13950	3.16126e-006
279	14000	2.82002e-006
280	14050	2.82002e-006
281	14100	2.68976e-006
282	14150	2.68976e-006
283	14200	2.68976e-006
284	14250	2.68976e-006
285	14300	2.34411e-006
286	14350	2.34411e-006
287	14400	2.34411e-006
288	14450	2.34411e-006
289	14500	2.29722e-006
290	14550	2.29722e-006
291	14600	2.27555e-006
292	14650	2.27555e-006
293	14700	1.87741e-006
294	14750	1.7225e-006
295	14800	1.7225e-006
296	14850	1.7225e-006
297	14900	1.7225e-006
298	14950	1.68536e-006
299	15000	9.90209e-007
300	15050	5.45177e-007
301	15100	5.45177e-007
302	15150	5.45177e-007
303	15200	4.88353e-007
304	15250	4.24415e-007
305	15300	4.24415e-007
306	15350	4.24415e-007
307	15400	4.24415e-007
308	15450	3.43939e-007
309	15500	3.43939e-007
310	15550	3.43939e-007
311	15600	3.43939e-007
312	15650	3.21484e-007
313	15700	2.73199e-007
314	15750	2.73199e-007
315	15800	2.73199e-007
316	15850	2.73199e-007
317	15900	1.45657e-007
318	15950	5.64156e-008
319	16000	5.64156e-008
320	16050	3.62056e-008
321	16100	3.62056e-008
322	16150	3.62056e-008
323	16200	3.62056e-008
324	16250	3.62056e-008
325	16300	3.62056e-008
326	16350	2.54339e-008
327	16400	2.54339e-008
328	16450	2.42773e-008
329	16500	2.42773e-008
330	16550	2.42773e-008
331	16600	2.42773e-008
332	16650	2.42773e-008
333	16700	2.42773e-008
334	16750	2.42773e-008
335	16800	2.42773e-008
336	16850	2.42773e-008
337	16900	2.42773e-008
338	16950	2.42773e-008
339	17000	2.42773e-008
340	17050	2.42773e-008
341	17100	2.42773e-008
342	17150	2.38032e-008
343	17200	1.88526e-008
344	17250	1.88526e-008
345	17300	1.88526e-008
346	17350	1.88526e-008
347	17400	1.76862e-008
348	17450	1.76862e-008
349	17500	1.01132e-008
350	17550	1.01132e-008
351	17600	1.01132e-008
352	17650	1.01132e-008
353	17700	1.01132e-008
354	17750	7.89151e-009
355	17800	7.89151e-009
356	17850	6.45475e-009
357	17900	6.39331e-009
358	17950	6.39331e-009
359	18000	5.71076e-009
360	18050	4.06088e-009
361	18100	3.95497e-009
362	18150	2.65165e-009
363	18200	2.65165e-009
364	18250	2.65165e-009
365	18300	2.65165e-009
366	18350	2.65165e-009
367	18400	2.65165e-009
368	18450	2.65165e-009
369	18500	2.65165e-009
370	18550	1.76453e-009
371	18600	7.0428e-010
372	18650	7.0428e-010
373	18700	7.0428e-010
374	18750	7.0428e-010
375	18800	7.0428e-010
376	18850	7.0428e-010
377	18900	6.83069e-010
378	18950	6.83069e-010
379	19000	6.83069e-010
380	19050	6.83069e-010
381	19100	6.83069e-010
382	19150	6.83069e-010
383	19200	6.83069e-010
384	19250	6.75261e-010
385	19300	6.75261e-010
386	19350	5.22681e-010
387	19400	5.22681e-010
388	19450	5.22681e-010
389	19500	5.22681e-010
390	19550	5.22681e-010
391	19600	4.4389e-010
392	19650	4.4389e-010
393	19700	4.4389e-010
394	19750	4.4389e-010
395	19800	4.18103e-010
396	19850	4.18103e-010
397	19900	4.18103e-010
398	19950	4.18103e-010
399	20000	2.08471e-010
400	20050	1.64462e-010
401	20100	1.64462e-010
402	20150	1.64462e-010
403	20200	1.46883e-010
404	20250	1.46883e-010
405	20300	1.46883e-010
406	20350	1.2174e-010
407	20400	1.03469e-010
408	20450	1.03469e-010
409	20500	1.03469e-010
410	20550	9.76558e-011
411	20600	9.76558e-011
412	20650	7.68339e-011
413	20700	7.68339e-011
414	20750	7.68339e-011
415	20800	7.68339e-011
416	20850	7.68339e-011
417	20900	7.68339e-011
418	20950	7.68339e-011
419	21000	3.44417e-011
420	21050	3.44417e-011
421	21100	3.44417e-011
422	21150	3.44417e-011
423	21200	3.44417e-011
424	21250	3.44417e-011
425	21300	3.44417e-011
426	21350	3.44417e-011
427	21400	3.44417e-011
428	21450	3.44417e-011
429	21500	3.44417e-011
430	21550	3.29935e-011
431	21600	3.29935e-011
432	21650	3.11032e-011
433	21700	3.10958e-011
434	21750	3.10769e-011
435	21800	3.07929e-011
436	21850	2.45976e-011
437	21900	2.45976e-011
438	21950	2.27855e-011
439	22000	2.11182e-011
440	22050	2.11182e-011
441	22100	2.11182e-011
442	22150	2.10444e-011
443	22200	2.10444e-011
444	22250	2.10444e-011
445	22300	1.69523e-011
446	22350	1.21286e-011
447	22400	9.78868e-012
448	22450	9.78868e-012
449	22500	9.78868e-012
450	22550	8.3911e-012
451	22600	8.3911e-012
452	22650	8.3911e-012
453	22700	7.83229e-012
454	22750	7.83229e-012
455	22800	7.83229e-012
456	22850	7.82858e-012
457	22900	7.82858e-012
458	22950	7.82858e-012
459	23000	7.82858e-012
460	23050	7.82858e-012
461	23100	7.82858e-012
462	23150	7.82858e-012
463	23200	7.82858e-012
464	23250	7.47531e-012
465	23300	7.47531e-012
466	23350	4.90276e-013
467	23400	4.90276e-013
468	23450	4.90276e-013
469	23500	4.90276e-013
470	23550	4.90276e-013
471	23600	4.90276e-013
472	23650	4.90276e-013
473	23700	4.90276e-013
474	23750	4.90276e-013
475	23800	3.43951e-013
476	23850	2.98189e-013
477	23900	2.98189e-013
478	23950	2.98189e-013
479	24000	2.98189e-013
480	24050	2.98189e-013
481	24100	2.98189e-013
482	24150	2.98189e-013
483	24200	2.98189e-013
484	24250	2.98189e-013
485	24300	2.96041e-013
486	24350	2.96041e-013
487	24400	2.40892e-013
488	24450	2.26201e-013
489	24500	2.26201e-013
490	24550	2.06325e-013
491	24600	1.97829e-013
492	24650	1.71964e-013
493	24700	1.38668e-013
494	24750	1.38668e-013
495	24800	1.22168e-013
496	24850	1.22168e-013
497	24900	1.22168e-013
498	24950	3.48243e-014
499	25000	3.09117e-014
500	25050	3.09117e-014
501	25100	3.09117e-014
502	25150	3.09117e-014
503	25200	3.09117e-014
504	25250	3.09117e-014
505	25300	3.09117e-014
506	25350	1.29601e-014
507	25400	1.29601e-014
508	25450	1.29601e-014
509	25500	1.29601e-014
510	25550	1.29601e-014
511	25600	1.29601e-014
512	25650	1.29601e-014
513	25700	1.28881e-014
514	25750	1.28881e-014
515	25800	1.07825e-014
516	25850	1.07825e-014
517	25900	1.07825e-014
518	25950	1.07825e-014
519	26000	1.07825e-014
520	26050	1.07825e-014
521	26100	1.07825e-014
522	26150	9.0459e-015
523	26200	4.02989e-015
524	26250	3.85066e-015
525	26300	3.85066e-015
526	26350	3.16275e-015
527	26400	2.24148e-015
528	26450	1.3307e-015
529	26500	1.3307e-015
530	26550	1.3307e-015
531	26600	1.03383e-015
532	26650	1.03383e-015
533	26700	1.03383e-015
534	26750	1.02471e-015
535	26800	1.02471e-015
536	26850	1.02471e-015
537	26900	1.02471e-015
538	26950	1.02471e-015
539	27000	1.02471e-015
540	27050	1.02471e-015
541	27100	1.02471e-015
542	27150	1.02471e-015
543	27200	1.02471e-015
544	27250	1.02471e-015
545	27300	1.02471e-015
546	27350	9.93458e-016
547	27400	9.93458e-016
548	27450	9.93458e-016
549	27500	9.41946e-016
550	27550	9.41946e-016
551	27600	9.41946e-016
552	27650	9.41946e-016
553	27700	9.41946e-016
554	27750	9.13335e-016
555	27800	1.44186e-016
556	27850	1.44186e-016
557	27900	1.44186e-016
558	27950	1.44186e-016
559	28000	1.44186e-016
560	28050	1.44186e-016
561	28100	1.44186e-016
562	28150	1.44186e-016
563	28200	1.44186e-016
564	28250	1.44186e-016
565	28300	1.35799e-016
566	28350	1.35799e-016
567	28400	1.35799e-016
568	28450	1.27339e-016
569	28500	1.27339e-016
570	28550	1.27339e-016
571	28600	1.27339e-016
572	28650	1.27339e-016
573	28700	7.01911e-017
574	28750	7.01911e-017
575	28800	7.01911e-017
576	28850	5.0448e-017
577	28900	5.0448e-017
578	28950	4.30175e-017
579	29000	4.30175e-017
580	29050	4.30175e-017
581	29100	2.38314e-017
582	29150	2.38314e-017
583	29200	2.38314e-017
584	29250	1.88413e-017
585	29300	1.88413e-017
586	29350	1.85447e-017
587	29400	1.85447e-017
588	29450	1.85447e-017
589	29500	1.85447e-017
590	29550	1.85447e-017
591	29600	1.85447e-017
592	29650	1.85447e-017
593	29700	1.85447e-017
594	29750	9.54047e-018
595	29800	9.06731e-018
596	29850	9.06731e-018
597	29900	9.06731e-018
598	29950	8.93652e-018
599	30000	8.93652e-018
600	30050	8.82729e-018
601	30100	8.16759e-018
602	30150	8.16759e-018
603	30200	7.94496e-018
604	30250	7.94496e-018
605	30300	6.71013e-018
606	30350	6.71013e-018
607	30400	5.83383e-018
608	30450	5.83383e-018
609	30500	5.83383e-018
610	30550	5.24402e-018
611	30600	5.24402e-018
612	30650	5.21419e-018
613	30700	3.18635e-018
614	30750	3.18635e-018
615	30800	3.18635e-018
616	30850	3.18635e-018
617	30900	3.18635e-018
618	30950	2.04604e-018
619	31000	1.38886e-018
620	31050	1.2892e-018
621	31100	1.2892e-018
622	31150	1.2892e-018
623	31200	1.2892e-018
624	31250	1.2892e-018
625	31300	1.2892e-018
626	31350	1.2892e-018
627	31400	1.2892e-018
628	31450	1.16533e-018
629	31500	1.10346e-018
630	31550	1.0522e-018
631	31600	1.0522e-018
632	31650	6.94646e-019
633	31700	4.61377e-019
634	31750	4.61377e-019
635	31800	4.61377e-019
636	31850	4.61377e-019
637	31900	4.61377e-019
638	31950	3.96018e-019
639	32000	3.96018e-019
640	32050	3.84564e-019
641	32100	3.84564e-019
642	32150	2.82463e-019
643	32200	2.82463e-019
644	32250	2.82463e-019
645	32300	2.43764e-019
646	32350	1.68067e-019
647	32400	1.30501e-019
648	32450	7.82729e-020
649	32500	7.82729e-020
650	32550	7.82729e-020
651	32600	7.82729e-020
652	32650	7.82729e-020
653	32700	7.82729e-020
654	32750	7.82729e-020
655	32800	4.61859e-020
656	32850	4.17786e-020
657	32900	4.17786e-020
658	32950	3.65629e-020
659	33000	3.65629e-020
660	33050	3.65629e-020
661	33100	1.80627e-020
662	33150	1.75461e-020
663	33200	1.75461e-020
664	33250	1.75461e-020
665	33300	1.17184e-020
666	33350	1.17184e-020
667	33400	1.17184e-020
668	33450	1.17184e-020
669	33500	1.17184e-020
670	33550	1.17184e-020
671	33600	1.17184e-020
672	33650	1.17184e-020
673	33700	1.17184e-020
674	33750	1.17184e-020
675	33800	1.17184e-020
676	33850	1.17184e-020
677	33900	1.17184e-020
678	33950	1.06855e-020
679	34000	1.06855e-020
680	34050	1.06855e-020
681	34100	7.95759e-021
682	34150	7.89226e-021
683	34200	7.89226e-021
684	34250	6.86292e-021
685	34300	6.3333e-021
686	34350	3.94308e-021
687	34400	3.94308e-021
688	34450	3.94308e-021
689	34500	3.94308e-021
690	34550	3.94308e-021
691	34600	3.94308e-021
692	34650	3.83688e-021
693	34700	3.83688e-021
694	34750	3.44798e-021
695	34800	3.38687e-021
696	34850	2.13205e-021
697	34900	2.13205e-021
698	34950	7.99268e-022
699	35000	7.99268e-022
700	35050	7.99268e-022
701	35100	7.99268e-022
702	35150	7.99268e-022
703	35200	7.99268e-022
704	35250	7.99268e-022
705	35300	7.67784e-022
706	35350	7.67579e-022
707	35400	7.67579e-022
708	35450	6.61724e-022
709	35500	6.61724e-022
710	35550	6.61724e-022
711	35600	6.47073e-022
712	35650	6.47073e-022
713	35700	6.47073e-022
714	35750	6.47073e-022
715	35800	5.31761e-022
716	35850	5.31761e-022
717	35900	5.24836e-022
718	35950	4.54363e-022
719	36000	4.4439e-022
720	36050	4.4439e-022
721	36100	4.22739e-022
722	36150	4.22739e-022
723	36200	4.22739e-022
724	36250	2.10588e-022
725	36300	1.94052e-022
726	36350	1.94052e-022
727	36400	1.94052e-022
728	36450	1.94052e-022
729	36500	1.54849e-022
730	36550	1.54849e-022
731	36600	1.54849e-022
732	36650	1.54849e-022
733	36700	1.50609e-022
734	36750	1.16548e-022
735	36800	1.16548e-022
736	36850	1.16548e-022
737	36900	1.16548e-022
738	36950	1.14578e-022
739	37000	9.61516e-023
740	37050	9.61516e-023
741	37100	7.06412e-023
742	37150	7.06412e-023
743	37200	2.03951e-023
744	37250	2.03951e-023
745	37300	2.03951e-023
746	37350	2.03951e-023
747	37400	2.03951e-023
748	37450	2.03951e-023
749	37500	2.03951e-023
750	37550	2.0209e-023
751	37600	1.98125e-023
752	37650	1.98125e-023
753	37700	1.98125e-023
754	37750	1.98125e-023
755	37800	1.98125e-023
756	37850	1.98125e-023
757	37900	1.7979e-023
758	37950	1.7979e-023
759	38000	1.7979e-023
760	38050	1.7979e-023
761	38100	1.79586e-023
762	38150	1.62312e-023
763	38200	1.5932e-023
764	38250	1.5932e-023
765	38300	1.5932e-023
766	38350	1.5932e-023
767	38400	1.46006e-023
768	38450	1.46006e-023
769	38500	1.45143e-023
770	38550	1.45143e-023
771	38600	1.45143e-023
772	38650	1.45143e-023
773	38700	1.45143e-023
774	38750	1.45143e-023
775	38800	1.45143e-023
776	38850	1.30218e-023
777	38900	1.2905e-023
778	38950	1.2905e-023
779	39000	4.1121e-024
780	39050	4.1121e-024
781	39100	4.1121e-024
782	39150	3.71245e-024
783	39200	3.71245e-024
784	39250	3.71245e-024
785	39300	3.25222e-024
786	39350	3.25222e-024
787	39400	3.25222e-024
788	39450	1.4664e-024
789	39500	1.45912e-024
790	39550	1.31096e-024
791	39600	1.30887e-024
792	39650	1.30887e-024
793	39700	1.27515e-024
794	39750	1.27515e-024
795	39800	1.27515e-024
796	39850	1.27515e-024
797	39900	1.27515e-024
798	39950	1.26781e-024
799	40000	1.26414e-024
800	40050	1.26414e-024
801	40100	1.26414e-024
802	40150	1.26414e-024
803	40200	1.26414e-024
804	40250	1.26414e-024
805	40300	2.62187e-025
806	40350	2.19317e-025
807	40400	2.15735e-025
808	40450	2.15735e-025
809	40500	2.01335e-025
810	40550	2.01335e-025
811	40600	2.01335e-025
812	40650	1.94272e-025
813	40700	3.69655e-026
814	40750	3.69655e-026
815	40800	3.69655e-026
816	40850	3.69655e-026
817	40900	3.69655e-026
818	40950	3.59686e-026
819	41000	3.59686e-026
820	41050	3.59686e-026
821	41100	3.59686e-026
822	41150	2.34672e-026
823	41200	2.34672e-026
824	41250	1.61134e-026
825	41300	1.61134e-026
826	41350	1.61134e-026
827	41400	1.61134e-026
828	41450	1.61134e-026
829	41500	1.55378e-026
830	41550	1.55378e-026
831	41600	1.48285e-026
832	41650	1.48285e-026
833	41700	1.29439e-026
834	41750	1.29439e-026
835	41800	1.29439e-026
836	41850	6.3219e-027
837	41900	6.14814e-027
838	41950	6.14814e-027
839	42000	6.14161e-027
840	42050	5.8806e-027
841	42100	5.8806e-027
842	42150	5.8806e-027
843	42200	5.8806e-027
844	42250	5.8806e-027
845	42300	5.8806e-027
846	42350	5.18814e-027
847	42400	5.18814e-027
848	42450	4.48721e-027
849	42500	3.11195e-027
850	42550	2.653e-027
851	42600	2.653e-027
852	42650	2.653e-027
853	42700	2.64012e-027
854	42750	2.64012e-027
855	42800	2.64012e-027
856	42850	2.64012e-027
857	42900	1.5806e-027
858	42950	8.31564e-028
859	43000	8.31564e-028
860	43050	8.21877e-028
861	43100	8.16409e-028
862	43150	8.16409e-028
863	43200	8.16409e-028
864	43250	6.48913e-028
865	43300	6.48913e-028
866	43350	6.48913e-028
867	43400	6.37002e-028
868	43450	5.66e-028
869	43500	5.66e-028
870	43550	5.53939e-028
871	43600	5.53939e-028
872	43650	5.53939e-028
873	43700	5.53939e-028
874	43750	5.53939e-028
875	43800	5.53939e-028
876	43850	5.53939e-028
877	43900	5.11309e-028
878	43950	5.11309e-028
879	44000	5.11309e-028
880	44050	1.90912e-028
881	44100	1.69509e-028
882	44150	1.52635e-028
883	44200	1.52635e-028
884	44250	1.52635e-028
885	44300	1.52635e-028
886	44350	9.88187e-029
887	44400	9.88187e-029
888	44450	9.88187e-029
889	44500	9.88187e-029
890	44550	9.06054e-029
891	44600	9.06054e-029
892	44650	6.22568e-029
893	44700	6.22568e-029
894	44750	6.22568e-029
895	44800	5.77126e-029
896	44850	5.77126e-029
897	44900	5.77126e-029
898	44950	5.77126e-029
899	45000	5.5007e-029
900	45050	4.49459e-029
901	45100	1.49635e-029
902	45150	1.49635e-029
903	45200	1.49635e-029
904	45250	1.49635e-029
905	45300	1.49635e-029
906	45350	1.49635e-029
907	45400	1.49635e-029
908	45450	1.49635e-029
909	45500	1.49635e-029
910	45550	1.49635e-029
911	45600	1.27928e-029
912	45650	1.27928e-029
913	45700	1.27928e-029
914	45750	1.27928e-029
915	45800	9.19818e-030
916	45850	8.75349e-030
917	45900	8.75349e-030
918	45950	8.75349e-030
919	46000	8.75349e-030
920	46050	8.75349e-030
921	46100	8.75349e-030
922	46150	8.75349e-030
923	46200	6.59963e-030
924	46250	6.59963e-030
925	46300	6.59963e-030
926	46350	4.1939e-030
927	46400	2.77543e-030
928	46450	2.11146e-030
929	46500	2.11146e-030
930	46550	2.11146e-030
931	46600	2.11146e-030
932	46650	2.1102e-030
933	46700	2.1102e-030
934	46750	2.06395e-030
935	46800	2.00948e-030
936	46850	2.00948e-030
937	46900	2.00948e-030
938	46950	2.00948e-030
939	47000	1.9999e-030
940	47050	1.99747e-030
941	47100	1.99747e-030
942	47150	1.74974e-030
943	47200	1.74974e-030
944	47250	1.71584e-030
945	47300	1.71584e-030
946	47350	1.69397e-030
947	47400	1.55938e-030
948	47450	1.55938e-030
949	47500	1.35283e-030
950	47550	1.22026e-030
951	47600	1.22026e-030
952	47650	1.22026e-030
953	47700	1.22026e-030
954	47750	1.17695e-030
955	47800	7.53342e-031
956	47850	7.53342e-031
957	47900	6.65732e-031
958	47950	6.65732e-031
959	48000	6.65732e-031
960	48050	6.65732e-031
961	48100	6.65732e-031
962	48150	6.3787e-031
963	48200	4.81642e-031
964	48250	4.77976e-031
965	48300	4.77976e-031
966	48350	4.77976e-031
967	48400	4.77976e-031
968	48450	4.77976e-031
969	48500	4.77976e-031
970	48550	4.77976e-031
971	48600	3.92089e-031
972	48650	3.92089e-031
973	48700	3.82274e-031
974	48750	1.24337e-031
975	48800	1.24337e-031
976	48850	1.24337e-031
977	48900	1.24337e-031
978	48950	1.22384e-031
979	49000	1.22384e-031
980	49050	1.22384e-031
981	49100	6.074e-032
982	49150	6.074e-032
983	49200	6.074e-032
984	49250	5.87666e-032
985	49300	5.87666e-032
986	49350	5.87666e-032
987	49400	5.863e-032
988	49450	5.80673e-032
989	49500	5.80673e-032
990	49550	5.80673e-032
991	49600	5.80673e-032
992	49650	5.80673e-032
993	49700	2.69114e-032
994	49750	2.69114e-032
995	49800	2.41594e-032
996	49850	2.07929e-032
997	49900	1.35823e-032
998	49950	1.29692e-032
999	50000	8.44186e-033
1000	50050	6.14549e-033
1001	50100	3.92926e-033
1002	50150	3.48658e-033
1003	50200	2.96691e-033
1004	50250	2.96691e-033
1005	50300	2.96004e-033
1006	50350	2.75897e-033
1007	50400	2.75897e-033
1008	50450	2.01128e-033
1009	50500	1.72731e-033
1010	50550	1.51638e-033
1011	50600	1.51638e-033
1012	50650	1.51638e-033
1013	50700	1.51638e-033
1014	50750	1.09555e-033
1015	50800	1.09555e-033
1016	50850	1.0459e-033
1017	50900	7.50887e-034
1018	50950	7.50887e-034
1019	51000	7.50887e-034
1020	51050	7.49771e-034
1021	51100	7.49771e-034
1022	51150	7.49771e-034
1023	51200	7.49771e-034
1024	51250	7.49771e-034
1025	51300	7.49771e-034
1026	51350	7.48778e-034
1027	51400	7.48778e-034
1028	51450	7.48778e-034
1029	51500	7.48778e-034
1030	51550	5.51919e-034
1031	51600	4.21301e-034
1032	51650	4.06056e-034
1033	51700	2.91375e-034
1034	51750	2.91375e-034
1035	51800	2.91375e-034
1036	51850	2.89767e-034
1037	51900	2.89767e-034
1038	51950	2.84962e-034
1039	52000	2.84962e-034
1040	52050	2.84962e-034
1041	52100	2.84904e-034
1042	52150	2.34602e-034
1043	52200	2.34602e-034
1044	52250	2.33578e-034
1045	52300	2.33578e-034
1046	52350	2.08893e-034
1047	52400	1.68798e-034
1048	52450	1.68798e-034
1049	52500	1.68798e-034
1050	52550	1.62507e-034
1051	52600	5.61666e-035
1052	52650	5.61666e-035
1053	52700	5.61666e-035
1054	52750	5.61666e-035
1055	52800	2.86731e-035
1056	52850	2.28848e-035
1057	52900	2.28848e-035
1058	52950	1.35813e-035
1059	53000	1.24902e-035
1060	53050	1.24902e-035
1061	53100	1.24902e-035
1062	53150	1.24902e-035
1063	53200	9.11294e-036
1064	53250	9.11294e-036
1065	53300	9.09323e-036
1066	53350	9.09323e-036
1067	53400	9.09323e-036
1068	53450	9.09323e-036
1069	53500	9.09323e-036
1070	53550	8.50246e-036
1071	53600	7.58977e-036
1072	53650	7.58977e-036
1073	53700	7.58977e-036
1074	53750	7.58977e-036
1075	53800	7.58977e-036
1076	53850	6.79371e-036
1077	53900	6.22392e-036
1078	53950	6.22392e-036
1079	54000	6.04939e-036
1080	54050	6.04939e-036
1081	54100	6.04939e-036
1082	54150	5.81771e-036
1083	54200	5.81771e-036
1084	54250	5.65287e-036
1085	54300	4.9327e-036
1086	54350	4.9327e-036
1087	54400	4.9327e-036
1088	54450	4.9327e-036
1089	54500	1.5603e-036
1090	54550	1.5603e-036
1091	54600	1.54191e-036
1092	54650	1.54191e-036
1093	54700	1.52296e-036
1094	54750	1.52296e-036
1095	54800	1.13853e-036
1096	54850	1.13853e-036
1097	54900	1.13853e-036
1098	54950	1.11677e-036
1099	55000	1.11677e-036
1100	55050	1.0678e-036
1101	55100	9.96467e-037
1102	55150	9.96467e-037
1103	55200	9.96467e-037
1104	55250	9.96467e-037
1105	55300	4.71524e-037
1106	55350	4.71524e-037
1107	55400	4.51671e-037
1108	55450	4.51671e-037
1109	55500	4.51671e-037
1110	55550	4.37657e-037
1111	55600	4.37657e-037
1112	55650	3.08333e-037
1113	55700	3.08333e-037
1114	55750	3.08333e-037
1115	55800	3.0628e-037
1116	55850	3.01433e-037
1117	55900	2.99343e-037
1118	55950	2.99343e-037
1119	56000	2.99343e-037
1120	56050	2.64458e-037
1121	56100	2.42895e-037
1122	56150	2.42895e-037
1123	56200	2.42895e-037
1124	56250	2.42895e-037
1125	56300	2.38914e-037
1126	56350	2.38424e-037
1127	56400	2.33717e-037
1128	56450	2.33717e-037
1129	56500	2.33717e-037
1130	56550	2.33717e-037
1131	56600	2.32362e-037
1132	56650	7.52313e-038
1133	56700	6.7056e-038
1134	56750	1.34923e-038
1135	56800	1.34923e-038
1136	56850	1.34923e-038
1137	56900	1.33054e-038
1138	56950	1.27608e-038
1139	57000	1.27608e-038
1140	57050	1.23633e-038
1141	57100	1.23633e-038
1142	57150	1.22765e-038
1143	57200	1.16877e-038
1144	57250	1.16877e-038
1145	57300	9.58922e-039
1146	57350	4.18035e-039
1147	57400	3.62401e-039
1148	57450	3.06786e-039
1149	57500	2.9092e-039
1150	57550	2.9092e-039
1151	57600	2.9092e-039
1152	57650	2.9092e-039
1153	57700	2.9092e-039
1154	57750	2.84995e-039
1155	57800	2.82694e-039
1156	57850	2.82694e-039
1157	57900	2.82694e-039
1158	57950	2.82694e-039
1159	58000	2.24515e-039
1160	58050	2.24515e-039
1161	58100	2.24515e-039
1162	58150	8.09715e-040
1163	58200	8.09715e-040
1164	58250	8.09715e-040
1165	58300	6.77746e-040
1166	58350	6.77746e-040
1167	58400	2.28088e-040
1168	58450	2.07271e-040
1169	58500	1.81877e-040
1170	58550	1.81877e-040
1171	58600	1.73604e-040
1172	58650	1.73604e-040
1173	58700	1.427e-040
1174	58750	1.427e-040
1175	58800	1.427e-040
1176	58850	1.427e-040
1177	58900	1.427e-040
1178	58950	1.427e-040
1179	59000	1.03571e-040
1180	59050	1.03571e-040
1181	59100	7.67065e-041
1182	59150	7.67065e-041
1183	59200	7.67065e-041
1184	59250	7.67065e-041
1185	59300	5.12057e-041
1186	59350	5.12057e-041
1187	59400	5.07144e-041
1188	59450	5.07144e-041
1189	59500	4.39445e-041
1190	59550	4.33724e-041
1191	59600	4.33724e-041
1192	59650	4.33724e-041
1193	59700	3.01654e-041
1194	59750	3.01654e-041
1195	59800	2.8767e-041
1196	59850	1.77877e-041
1197	59900	1.77877e-041
1198	59950	1.61433e-041
1199	60000	1.61433e-041
1200	60050	1.49198e-041
1201	60100	1.49198e-041
1202	60150	1.49198e-041
1203	60200	1.49198e-041
1204	60250	1.17791e-041
1205	60300	1.0924e-041
1206	60350	8.4333e-042
1207	60400	8.3797e-042
1208	60450	8.3797e-042
1209	60500	7.50152e-042
1210	60550	7.50152e-042
1211	60600	7.50152e-042
1212	60650	7.50152e-042
1213	60700	7.50152e-042
1214	60750	7.50152e-042
1215	60800	7.50152e-042
1216	60850	7.50152e-042
1217	60900	5.05935e-042
1218	60950	4.16548e-042
1219	61000	4.16548e-042
1220	61050	4.0889e-042
1221	61100	4.0889e-042
1222	61150	4.0889e-042
1223	61200	4.08726e-042
1224	61250	4.08726e-042
1225	61300	4.08726e-042
1226	61350	2.31972e-042
1227	61400	1.89508e-042
1228	61450	1.89508e-042
1229	61500	1.89508e-042
1230	61550	1.89508e-042
1231	61600	1.89508e-042
1232	61650	1.89508e-042
1233	61700	1.89508e-042
1234	61750	1.88178e-042
1235	61800	4.81187e-043
1236	61850	4.81187e-043
1237	61900	2.31267e-043
1238	61950	2.31267e-043
1239	62000	2.31267e-043
1240	62050	2.31267e-043
1241	62100	2.29985e-043
1242	62150	2.29985e-043
1243	62200	1.66752e-043
1244	62250	1.66752e-043
1245	62300	1.66752e-043
1246	62350	1.66752e-043
1247	62400	1.66752e-043
1248	62450	1.66752e-043
1249	62500	1.66752e-043
1250	62550	1.66752e-043
1251	62600	1.1053e-043
1252	62650	1.1053e-043
1253	62700	1.1053e-043
1254	62750	1.1053e-043
1255	62800	9.19589e-044
1256	62850	9.19589e-044
1257	62900	7.08717e-044
1258	62950	7.08717e-044
1259	63000	4.38153e-044
1260	63050	4.35713e-044
1261	63100	4.25316e-044
1262	63150	3.68743e-044
1263	63200	3.68743e-044
1264	63250	3.68743e-044
1265	63300	3.48798e-044
1266	63350	2.96143e-044
1267	63400	2.96143e-044
1268	63450	2.75342e-044
1269	63500	2.75342e-044
1270	63550	1.71655e-044
1271	63600	1.71448e-044
1272	63650	1.71448e-044
1273	63700	1.71448e-044
1274	63750	1.71448e-044
1275	63800	1.71448e-044
1276	63850	1.71448e-044
1277	63900	1.64036e-044
1278	63950	1.64036e-044
1279	64000	1.56813e-044
1280	64050	8.86472e-045
1281	64100	8.62881e-045
1282	64150	8.57721e-045
1283	64200	8.57721e-045
1284	64250	8.29849e-045
1285	64300	7.97238e-045
1286	64350	5.53902e-045
1287	64400	5.53902e-045
1288	64450	5.49887e-045
1289	64500	5.49887e-045
1290	64550	5.49887e-045
1291	64600	4.51866e-045
1292	64650	1.27223e-045
1293	64700	1.27223e-045
1294	64750	1.23438e-045
1295	64800	1.17854e-045
1296	64850	1.13418e-045
1297	64900	1.13418e-045
1298	64950	1.08532e-045
1299	65000	9.20059e-046
1300	65050	9.20059e-046
1301	65100	9.20059e-046
1302	65150	9.20059e-046
1303	65200	9.20059e-046
1304	65250	8.89726e-046
1305	65300	1.27084e-046
1306	65350	1.27084e-046
1307	65400	1.15588e-046
1308	65450	1.14897e-046
1309	65500	1.05644e-046
1310	65550	9.81973e-047
1311	65600	9.81973e-047
1312	65650	9.81973e-047
1313	65700	9.81973e-047
1314	65750	6.43523e-047
1315	65800	6.43523e-047
1316	65850	6.02656e-047
1317	65900	6.02656e-047
1318	65950	6.02656e-047
1319	66000	5.93303e-047
1320	66050	5.93303e-047
1321	66100	4.72332e-047
1322	66150	4.72332e-047
1323	66200	4.72332e-047
1324	66250	4.72332e-047
1325	66300	4.72332e-047
1326	66350	4.18775e-047
1327	66400	1.89811e-047
1328	66450	1.89404e-047
1329	66500	1.89404e-047
1330	66550	1.85195e-047
1331	66600	1.85195e-047
1332	66650	1.85195e-047
1333	66700	1.85195e-047
1334	66750	1.85195e-047
1335	66800	1.78846e-047
1336	66850	1.10036e-047
1337	66900	8.08058e-048
1338	66950	8.08058e-048
1339	67000	8.08058e-048
1340	67050	8.08058e-048
1341	67100	8.08058e-048
1342	67150	8.08058e-048
1343	67200	8.08058e-048
1344	67250	5.5453e-048
1345	67300	5.22799e-048
1346	67350	5.22799e-048
1347	67400	5.13826e-048
1348	67450	4.66357e-048
1349	67500	4.19997e-048
1350	67550	4.03785e-048
1351	67600	4.03785e-048
1352	67650	3.89042e-048
1353	67700	3.89042e-048
1354	67750	3.89042e-048
1355	67800	3.89042e-048
1356	67850	3.60525e-048
1357	67900	3.60525e-048
1358	67950	3.45679e-048
1359	68000	3.45679e-048
1360	68050	1.85312e-048
1361	68100	1.68512e-048
1362	68150	1.68512e-048
1363	68200	1.58497e-048
1364	68250	1.39515e-048
1365	68300	1.39515e-048
1366	68350	1.39515e-048
1367	68400	8.66049e-049
1368	68450	8.66049e-049
1369	68500	8.66049e-049
1370	68550	8.3537e-049
1371	68600	7.57515e-049
1372	68650	7.57515e-049
1373	68700	7.54452e-049
1374	68750	7.54452e-049
1375	68800	8.79852e-050
1376	68850	8.79852e-050
1377	68900	8.79852e-050
1378	68950	8.79852e-050
1379	69000	8.79852e-050
1380	69050	8.79852e-050
1381	69100	8.79852e-050
1382	69150	8.79852e-050
1383	69200	4.6382e-050
1384	69250	4.6382e-050
1385	69300	4.6382e-050
1386	69350	4.6382e-050
1387	69400	4.6382e-050
1388	69450	3.58391e-050
1389	69500	3.28349e-050
1390	69550	3.28349e-050
1391	69600	3.28349e-050
1392	69650	3.28349e-050
1393	69700	3.28349e-050
1394	69750	3.28349e-050
1395	69800	3.28349e-050
1396	69850	2.47606e-050
1397	69900	2.47606e-050
1398	69950	2.47606e-050
1399	70000	2.25659e-050
1400	70050	2.25659e-050
1401	70100	2.11892e-050
1402	70150	2.11892e-050
1403	70200	2.11892e-050
1404	70250	1.61307e-050
1405	70300	1.24739e-050
1406	70350	1.22991e-050
1407	70400	1.07411e-050
1408	70450	2.45188e-051
1409	70500	2.45188e-051
1410	70550	2.45188e-051
1411	70600	1.86395e-051
1412	70650	1.86395e-051
1413	70700	1.86395e-051
1414	70750	1.86395e-051
1415	70800	1.86395e-051
1416	70850	1.86395e-051
1417	70900	1.79909e-051
1418	70950	1.25784e-051
1419	71000	1.14e-051
1420	71050	1.14e-051
1421	71100	1.14e-051
1422	71150	1.14e-051
1423	71200	1.09189e-051
1424	71250	1.05195e-051
1425	71300	1.05195e-051
1426	71350	1.05195e-051
1427	71400	1.05195e-051
1428	71450	1.05195e-051
1429	71500	1.05195e-051
1430	71550	1.05195e-051
1431	71600	6.83795e-052
1432	71650	6.80131e-052
1433	71700	6.80131e-052
1434	71750	6.80131e-052
1435	71800	6.80131e-052
1436	71850	6.80131e-052
1437	71900	6.80131e-052
1438	71950	6.80131e-052
1439	72000	5.40317e-052
1440	72050	4.98004e-052
1441	72100	4.62681e-052
1442	72150	1.82411e-052
1443	72200	1.82411e-052
1444	72250	1.82411e-052
1445	72300	1.72706e-052
1446	72350	1.39153e-052
1447	72400	1.37204e-052
1448	72450	1.3617e-052
1449	72500	7.18318e-053
1450	72550	7.18318e-053
1451	72600	7.18318e-053
1452	72650	7.18318e-053
1453	72700	7.18318e-053
1454	72750	6.75145e-053
1455	72800	5.25022e-053
1456	72850	5.25022e-053
1457	72900	5.25022e-053
1458	72950	3.14708e-053
1459	73000	3.14708e-053
1460	73050	3.14708e-053
1461	73100	3.08996e-053
1462	73150	3.08996e-053
1463	73200	3.01212e-053
1464	73250	3.01212e-053
1465	73300	3.01212e-053
1466	73350	3.01212e-053
1467	73400	2.8353e-053
1468	73450	2.8353e-053
1469	73500	2.51929e-053
1470	73550	2.51929e-053
1471	73600	1.98336e-053
1472	73650	1.98336e-053
1473	73700	1.98336e-053
1474	73750	1.98336e-053
1475	73800	5.21698e-054
1476	73850	5.21698e-054
1477	73900	4.78685e-054
1478	73950	2.90048e-054
1479	74000	2.90048e-054
1480	74050	2.90048e-054
1481	74100	1.70137e-054
1482	74150	1.70137e-054
1483	74200	1.70137e-054
1484	74250	1.70137e-054
1485	74300	1.70137e-054
1486	74350	1.70137e-054
1487	74400	1.70137e-054
1488	74450	1.70137e-054
1489	74500	1.70137e-054
1490	74550	1.70137e-054
1491	74600	1.70137e-054
1492	74650	1.70137e-054
1493	74700	1.70137e-054
1494	74750	1.70137e-054
1495	74800	1.29001e-054
1496	74850	1.29001e-054
1497	74900	5.4094e-055
1498	74950	5.4094e-055
1499	75000	4.54863e-055
1500	75050	1.03972e-055
1501	75100	1.03972e-055
1502	75150	1.03972e-055
1503	75200	1.03418e-055
1504	75250	1.03418e-055
1505	75300	1.03418e-055
1506	75350	8.81117e-056
1507	75400	8.81117e-056
1508	75450	8.81117e-056
1509	75500	8.81117e-056
1510	75550	8.81117e-056
1511	75600	8.81117e-056
1512	75650	8.81117e-056
1513	75700	8.81117e-056
1514	75750	8.81117e-056
1515	75800	8.43791e-056
1516	75850	8.36677e-056
1517	75900	8.36677e-056
1518	75950	4.39134e-056
1519	76000	3.92544e-056
1520	76050	3.92544e-056
1521	76100	3.92544e-056
1522	76150	3.73943e-056
1523	76200	3.73943e-056
1524	76250	3.73943e-056
1525	76300	3.52396e-056
1526	76350	3.52396e-056
1527	76400	3.52396e-056
1528	76450	3.52396e-056
1529	76500	3.45443e-056
1530	76550	3.45443e-056
1531	76600	3.45443e-056
1532	76650	3.45443e-056
1533	76700	3.4425e-056
1534	76750	3.34161e-056
1535	76800	2.17456e-056
1536	76850	1.66035e-056
1537	76900	1.62613e-056
1538	76950	1.62613e-056
1539	77000	1.62613e-056
1540	77050	1.62613e-056
1541	77100	1.62613e-056
1542	77150	1.15086e-056
1543	77200	1.15086e-056
1544	77250	1.15086e-056
1545	77300	1.15086e-056
1546	77350	1.15086e-056
1547	77400	1.15086e-056
1548	77450	9.10993e-057
1549	77500	9.10993e-057
1550	77550	9.10993e-057
1551	77600	8.92516e-057
1552	77650	8.92516e-057
1553	77700	8.92516e-057
1554	77750	8.33766e-057
1555	77800	8.21793e-057
1556	77850	2.90418e-057
1557	77900	2.90418e-057
1558	77950	2.14426e-057
1559	78000	2.14426e-057
1560	78050	2.14426e-057
1561	78100	1.17298e-057
1562	78150	1.17298e-057
1563	78200	1.14894e-057
1564	78250	1.14894e-057
1565	78300	1.14894e-057
1566	78350	1.14894e-057
1567	78400	1.14894e-057
1568	78450	1.05912e-057
1569	78500	1.04944e-057
1570	78550	1.04944e-057
1571	78600	1.03171e-057
1572	78650	1.03171e-057
1573	78700	1.03171e-057
1574	78750	1.02433e-057
1575	78800	4.86187e-058
1576	78850	1.8518e-058
1577	78900	1.8518e-058
1578	78950	1.83594e-058
1579	79000	1.83594e-058
1580	79050	1.77705e-058
1581	79100	1.77705e-058
1582	79150	1.57755e-058
1583	79200	1.44684e-058
1584	79250	1.44684e-058
1585	79300	1.44684e-058
1586	79350	1.44684e-058
1587	79400	1.44684e-058
1588	79450	1.29239e-058
1589	79500	1.28817e-058
1590	79550	1.20331e-058
1591	79600	1.18541e-058
1592	79650	1.18541e-058
1593	79700	5.5432e-059
1594	79750	4.78392e-059
1595	79800	4.67605e-059
1596	79850	4.67605e-059
1597	79900	4.67605e-059
1598	79950	4.67605e-059
1599	80000	2.76524e-059
1600	80050	2.76524e-059
1601	80100	2.76524e-059
1602	80150	2.76524e-059
1603	80200	2.76524e-059
1604	80250	2.66162e-059
1605	80300	2.58406e-059
1606	80350	2.57604e-059
1607	80400	2.1911e-059
1608	80450	1.58532e-059
1609	80500	1.58532e-059
1610	80550	1.42859e-059
1611	80600	1.42859e-059
1612	80650	1.22882e-059
1613	80700	1.05533e-059
1614	80750	4.70262e-060
1615	80800	4.35026e-060
1616	80850	4.35026e-060
1617	80900	4.35026e-060
1618	80950	3.11246e-060
1619	81000	3.10237e-060
1620	81050	3.10237e-060
1621	81100	2.9309e-060
1622	81150	2.4159e-060
1623	81200	2.40134e-060
1624	81250	2.40134e-060
1625	81300	2.40134e-060
1626	81350	1.50196e-060
1627	81400	1.4352e-060
1628	81450	1.42422e-060
1629	81500	1.42422e-060
1630	81550	1.42422e-060
1631	81600	1.42422e-060
1632	81650	1.30778e-060
1633	81700	1.30778e-060
1634	81750	1.29765e-060
1635	81800	1.24615e-060
1636	81850	1.24615e-060
1637	81900	1.24615e-060
1638	81950	1.24615e-060
1639	82000	1.10588e-060
1640	82050	1.03084e-060
1641	82100	1.03084e-060
1642	82150	9.80299e-061
1643	82200	9.80299e-061
1644	82250	9.80299e-061
1645	82300	9.79644e-061
1646	82350	9.76494e-061
1647	82400	9.74043e-061
1648	82450	9.25257e-061
1649	82500	9.24158e-061
1650	82550	9.24158e-061
1651	82600	6.20176e-061
1652	82650	1.26096e-061
1653	82700	1.24534e-061
1654	82750	1.24534e-061
1655	82800	1.23166e-061
1656	82850	1.23166e-061
1657	82900	1.23166e-061
1658	82950	1.14855e-061
1659	83000	1.14827e-061
1660	83050	1.07423e-061
1661	83100	5.29409e-062
1662	83150	5.01543e-062
1663	83200	3.36031e-062
1664	83250	3.30094e-062
1665	83300	1.36185e-062
1666	83350	1.36185e-062
1667	83400	1.09247e-062
1668	83450	1.09247e-062
1669	83500	1.09247e-062
1670	83550	1.09247e-062
1671	83600	1.09247e-062
1672	83650	1.09234e-062
1673	83700	1.09234e-062
1674	83750	1.0835e-062
1675	83800	1.0835e-062
1676	83850	7.06642e-063
1677	83900	7.06642e-063
1678	83950	6.69589e-063
1679	84000	6.42427e-063
1680	84050	6.42427e-063
1681	84100	5.8473e-063
1682	84150	5.8473e-063
1683	84200	5.8473e-063
1684	84250	4.39179e-063
1685	84300	3.49915e-063
1686	84350	3.49915e-063
1687	84400	3.49915e-063
1688	84450	2.12627e-063
1689	84500	2.12627e-063
1690	84550	9.42738e-064
1691	84600	7.62767e-064
1692	84650	7.62767e-064
1693	84700	4.45802e-064
1694	84750	4.45802e-064
1695	84800	4.45802e-064
1696	84850	1.75867e-064
1697	84900	1.75867e-064
1698	84950	1.75867e-064
1699	85000	1.75867e-064
1700	85050	1.75867e-064
1701	85100	1.75867e-064
1702	85150	1.75867e-064
1703	85200	1.75867e-064
1704	85250	1.21729e-064
1705	85300	1.21729e-064
1706	85350	1.21729e-064
1707	85400	1.12992e-064
1708	85450	1.09519e-064
1709	85500	1.02836e-064
1710	85550	1.01232e-064
1711	85600	6.48763e-065
1712	85650	6.48763e-065
1713	85700	6.48763e-065
1714	85750	6.35533e-065
1715	85800	6.35533e-065
1716	85850	6.35533e-065
1717	85900	5.75377e-065
1718	85950	1.86085e-065
1719	86000	1.83546e-065
1720	86050	9.62199e-066
1721	86100	9.59908e-066
1722	86150	9.59908e-066
1723	86200	9.59908e-066
1724	86250	9.59908e-066
1725	86300	9.59908e-066
1726	86350	9.59908e-066
1727	86400	9.59908e-066
1728	86450	9.59908e-066
1729	86500	8.99867e-066
1730	86550	8.57822e-066
1731	86600	6.70548e-066
1732	86650	6.70548e-066
1733	86700	6.70548e-066
1734	86750	6.31032e-066
1735	86800	6.31032e-066
1736	86850	6.31032e-066
1737	86900	6.31032e-066
1738	86950	6.31032e-066
1739	87000	4.75663e-066
1740	87050	4.4534e-066
1741	87100	4.4534e-066
1742	87150	4.09153e-066
1743	87200	4.08339e-066
1744	87250	4.08339e-066
1745	87300	4.08339e-066
1746	87350	4.0772e-066
1747	87400	2.20223e-066
1748	87450	2.20223e-066
1749	87500	2.20223e-066
1750	87550	2.20223e-066
1751	87600	2.20223e-066
1752	87650	2.20223e-066
1753	87700	2.20223e-066
1754	87750	2.20223e-066
1755	87800	2.20223e-066
1756	87850	1.98718e-066
1757	87900	1.73613e-066
1758	87950	1.561e-066
1759	88000	1.561e-066
1760	88050	1.4487e-066
1761	88100	1.4487e-066
1762	88150	1.4487e-066
1763	88200	1.21898e-066
1764	88250	1.21898e-066
1765	88300	1.21898e-066
1766	88350	1.21898e-066
1767	88400	1.21272e-066
1768	88450	1.21272e-066
1769	88500	1.21272e-066
1770	88550	5.88972e-067
1771	88600	5.499e-067
1772	88650	5.39691e-067
1773	88700	5.36447e-067
1774	88750	5.36447e-067
1775	88800	1.41799e-067
1776	88850	1.41799e-067
1777	88900	1.41799e-067
1778	88950	1.41799e-067
1779	89000	1.41799e-067
1780	89050	1.41799e-067
1781	89100	1.32743e-067
1782	89150	1.32743e-067
1783	89200	1.32743e-067
1784	89250	1.28312e-067
1785	89300	8.33122e-068
1786	89350	8.33122e-068
1787	89400	4.61818e-068
1788	89450	4.61818e-068
1789	89500	4.22415e-068
1790	89550	3.08424e-068
1791	89600	3.08424e-068
1792	89650	3.08424e-068
1793	89700	1.5537e-068
1794	89750	1.5537e-068
1795	89800	1.5537e-068
1796	89850	1.5537e-068
1797	89900	1.30014e-068
1798	89950	1.24495e-068
1799	90000	1.23667e-068
1800	90050	1.23667e-068
1801	90100	9.17766e-069
1802	90150	8.13198e-069
1803	90200	8.13198e-069
1804	90250	8.07981e-069
1805	90300	7.98031e-069
1806	90350	7.98031e-069
1807	90400	7.98031e-069
1808	90450	7.98031e-069
1809	90500	7.98031e-069
1810	90550	4.20206e-069
1811	90600	4.20206e-069
1812	90650	4.16725e-069
1813	90700	4.15383e-069
1814	90750	4.15383e-069
1815	90800	4.15383e-069
1816	90850	4.15383e-069
1817	90900	4.15383e-069
1818	90950	4.15383e-069
1819	91000	5.17488e-070
1820	91050	5.17488e-070
1821	91100	5.17488e-070
1822	91150	5.17488e-070
1823	91200	5.17488e-070
1824	91250	5.14288e-070
1825	91300	5.14288e-070
1826	91350	4.67527e-070
1827	91400	4.67527e-070
1828	91450	4.67527e-070
1829	91500	4.67527e-070
1830	91550	4.67527e-070
1831	91600	4.67527e-070
1832	91650	3.82597e-070
1833	91700	3.82597e-070
1834	91750	3.82597e-070
1835	91800	2.63091e-070
1836	91850	1.88333e-070
1837	91900	1.07922e-070
1838	91950	1.07922e-070
1839	92000	1.07922e-070
1840	92050	1.07922e-070
1841	92100	1.06835e-070
1842	92150	7.16369e-071
1843	92200	3.88438e-071
1844	92250	3.64382e-071
1845	92300	2.90379e-071
1846	92350	2.3508e-071
1847	92400	2.3508e-071
1848	92450	2.3508e-071
1849	92500	2.3508e-071
1850	92550	1.60042e-071
1851	92600	1.60042e-071
1852	92650	1.60042e-071
1853	92700	1.60042e-071
1854	92750	1.60042e-071
1855	92800	1.60042e-071
1856	92850	1.60042e-071
1857	92900	1.58353e-071
1858	92950	1.58353e-071
1859	93000	1.58353e-071
1860	93050	1.58353e-071
1861	93100	1.51446e-071
1862	93150	1.51446e-071
1863	93200	1.30743e-071
1864	93250	1.1453e-071
1865	93300	1.1453e-071
1866	93350	8.79729e-072
1867	93400	6.15213e-072
1868	93450	4.976e-072
1869	93500	4.23101e-072
1870	93550	4.23101e-072
1871	93600	4.23101e-072
1872	93650	3.07934e-072
1873	93700	3.07934e-072
1874	93750	2.58692e-072
1875	93800	2.3384e-072
1876	93850	2.3384e-072
1877	93900	2.25312e-072
1878	93950	1.93591e-072
1879	94000	1.85461e-072
1880	94050	1.85461e-072
1881	94100	1.7359e-072
1882	94150	1.7359e-072
1883	94200	1.7359e-072
1884	94250	1.7359e-072
1885	94300	1.7359e-072
1886	94350	1.7359e-072
1887	94400	1.7359e-072
1888	94450	1.72254e-072
1889	94500	1.72254e-072
1890	94550	1.65682e-072
1891	94600	1.65682e-072
1892	94650	1.65682e-072
1893	94700	1.61936e-072
1894	94750	1.54509e-072
1895	94800	7.50483e-073
1896	94850	4.93122e-073
1897	94900	4.93122e-073
1898	94950	4.93122e-073
1899	95000	4.93122e-073
1900	95050	2.52438e-073
1901	95100	2.52438e-073
1902	95150	2.29613e-073
1903	95200	1.732e-073
1904	95250	1.37593e-073
1905	95300	1.37593e-073
1906	95350	1.27485e-073
1907	95400	9.95786e-074
1908	95450	8.70526e-074
1909	95500	8.16567e-074
1910	95550	8.16567e-074
1911	95600	7.31645e-074
1912	95650	7.31645e-074
1913	95700	7.31645e-074
1914	95750	6.32662e-074
1915	95800	6.32662e-074
1916	95850	6.32662e-074
1917	95900	4.40369e-074
1918	95950	4.40369e-074
1919	96000	4.40369e-074
1920	96050	4.40369e-074
1921	96100	8.5143e-075
1922	96150	8.49952e-075
1923	96200	8.49952e-075
1924	96250	8.23261e-075
1925	96300	8.23261e-075
1926	96350	8.23261e-075
1927	96400	8.23261e-075
1928	96450	8.23261e-075
1929	96500	8.23261e-075
1930	96550	8.23261e-075
1931	96600	8.23261e-075
1932	96650	7.98213e-075
1933	96700	7.98213e-075
1934	96750	7.98213e-075
1935	96800	7.98213e-075
1936	96850	7.36254e-075
1937	96900	7.36254e-075
1938	96950	7.36254e-075
1939	97000	7.36254e-075
1940	97050	7.36254e-075
1941	97100	4.94791e-075
1942	97150	4.9193e-075
1943	97200	4.9193e-075
1944	97250	2.19279e-075
1945	97300	1.88977e-075
1946	97350	1.88977e-075
1947	97400	1.26737e-075
1948	97450	1.11336e-075
1949	97500	8.44354e-076
1950	97550	6.01854e-076
1951	97600	6.01854e-076
1952	97650	6.01854e-076
1953	97700	4.63347e-076
1954	97750	4.63347e-076
1955	97800	4.63347e-076
1956	97850	3.92534e-076
1957	97900	3.92534e-076
1958	97950	3.01303e-076
1959	98000	1.93522e-076
1960	98050	1.93522e-076
1961	98100	1.52922e-076
1962	98150	1.29614e-076
1963	98200	1.29614e-076
1964	98250	1.29614e-076
1965	98300	1.29614e-076
1966	98350	1.29614e-076
1967	98400	1.29614e-076
1968	98450	1.29614e-076
1969	98500	1.29614e-076
1970	98550	1.29614e-076
1971	98600	1.29614e-076
1972	98650	1.29614e-076
1973	98700	1.1115e-076
1974	98750	1.1115e-076
1975	98800	1.1115e-076
1976	98850	7.75028e-077
1977	98900	7.75028e-077
1978	98950	6.91652e-077
1979	99000	6.84111e-077
1980	99050	6.5332e-077
1981	99100	6.07488e-077
1982	99150	6.07488e-077
1983	99200	6.07488e-077
1984	99250	6.07488e-077
1985	99300	3.1128e-077
1986	99350	3.1128e-077
1987	99400	2.68571e-077
1988	99450	2.68571e-077
1989	99500	2.31525e-077
1990	99550	2.30498e-077
1991	99600	2.30498e-077
1992	99650	2.24055e-077
1993	99700	2.24055e-077
1994	99750	2.24055e-077
1995	99800	2.24055e-077
1996	99850	1.86215e-077
1997	99900	1.86215e-077
1998	99950	1.82613e-077
1999	100000	1.82613e-077
2000	100050	1.82613e-077
