1	100	0
2	150	936.348
3	200	936.348
4	250	871.923
5	300	871.923
6	350	761.092
7	400	761.092
8	450	637.715
9	500	637.715
10	550	579.454
11	600	579.454
12	650	579.454
13	700	579.454
14	750	515.358
15	800	515.358
16	850	399.881
17	900	399.881
18	950	370.522
19	1000	370.522
20	1050	370.522
21	1100	370.522
22	1150	370.522
23	1200	366.113
24	1250	108.993
25	1300	108.993
26	1350	69.0092
27	1400	66.0886
28	1450	66.0886
29	1500	60.397
30	1550	60.397
31	1600	60.397
32	1650	54.1014
33	1700	54.1014
34	1750	54.1014
35	1800	50.0617
36	1850	50.0617
37	1900	50.0617
38	1950	43.6425
39	2000	43.6425
40	2050	42.7399
41	2100	15.8468
42	2150	15.8468
43	2200	15.8468
44	2250	15.8468
45	2300	15.8468
46	2350	15.8468
47	2400	15.8468
48	2450	15.8468
49	2500	14.3624
50	2550	14.3624
51	2600	14.3624
52	2650	14.3624
53	2700	14.3624
54	2750	14.3624
55	2800	14.3624
56	2850	14.3624
57	2900	10.2012
58	2950	10.1108
59	3000	10.1108
60	3050	10.1108
61	3100	4.63542
62	3150	4.63542
63	3200	4.63542
64	3250	4.63542
65	3300	4.63542
66	3350	4.63542
67	3400	4.63542
68	3450	4.63542
69	3500	4.57174
70	3550	4.57174
71	3600	4.57174
72	3650	4.57174
73	3700	4.57174
74	3750	4.57174
75	3800	4.57174
76	3850	4.57174
77	3900	3.77704
78	3950	3.77704
79	4000	3.13999
80	4050	3.13999
81	4100	3.13999
82	4150	3.03111
83	4200	3.03111
84	4250	3.03111
85	4300	3.03111
86	4350	3.03111
87	4400	2.63451
88	4450	2.63451
89	4500	1.51556
90	4550	1.51556
91	4600	1.51556
92	4650	1.51556
93	4700	1.51556
94	4750	1.51556
95	4800	1.49775
96	4850	1.16347
97	4900	1.14714
98	4950	1.14714
99	5000	1.14714
100	5050	1.14714
101	5100	1.14714
102	5150	0.942279
103	5200	0.906926
104	5250	0.906926
105	5300	0.906926
106	5350	0.759752
107	5400	0.402345
108	5450	0.402345
109	5500	0.382611
110	5550	0.382611
111	5600	0.382611
112	5650	0.344199
113	5700	0.344199
114	5750	0.291151
115	5800	0.291151
116	5850	0.291151
117	5900	0.291151
118	5950	0.285477
119	6000	0.274293
120	6050	0.235009
121	6100	0.235009
122	6150	0.232534
123	6200	0.232534
124	6250	0.232534
125	6300	0.126233
126	6350	0.126233
127	6400	0.126233
128	6450	0.126233
129	6500	0.121905
130	6550	0.121905
131	6600	0.121905
132	6650	0.121905
133	6700	0.121905
134	6750	0.119634
135	6800	0.109267
136	6850	0.109267
137	6900	0.109267
138	6950	0.109267
139	7000	0.109267
140	7050	0.109267
141	7100	0.108146
142	7150	0.108146
143	7200	0.108146
144	7250	0.088924
145	7300	0.08634
146	7350	0.0617487
147	7400	0.0617487
148	7450	0.0617487
149	7500	0.0617487
150	7550	0.0606012
151	7600	0.052031
152	7650	0.052031
153	7700	0.052031
154	7750	0.052031
155	7800	0.0247987
156	7850	0.0246395
157	7900	0.0246395
158	7950	0.0246395
159	8000	0.0241084
160	8050	0.0241084
161	8100	0.0171015
162	8150	0.0171015
163	8200	0.0171015
164	8250	0.0135507
165	8300	0.0129037
166	8350	0.00262416
167	8400	0.00262416
168	8450	0.00262416
169	8500	0.00262416
170	8550	0.00262416
171	8600	0.00262416
172	8650	0.00262416
173	8700	0.00262416
174	8750	0.00262416
175	8800	0.00207196
176	8850	0.00207196
177	8900	0.00174644
178	8950	0.0016214
179	9000	0.00142907
180	9050	0.00142907
181	9100	0.00142907
182	9150	0.00142907
183	9200	0.00126949
184	9250	0.00126949
185	9300	0.00095431
186	9350	0.000932192
187	9400	0.000732898
188	9450	0.000732898
189	9500	0.000710693
190	9550	0.000710693
191	9600	0.000710693
192	9650	0.000643245
193	9700	0.000643245
194	9750	0.000643245
195	9800	0.000643245
196	9850	0.000498341
197	9900	0.000498341
198	9950	0.000479813
199	10000	0.000479813
200	10050	0.000479813
201	10100	0.000455472
202	10150	0.000455472
203	10200	0.000455472
204	10250	0.000455472
205	10300	0.000455472
206	10350	0.000455472
207	10400	0.000419639
208	10450	0.000419639
209	10500	0.000419639
210	10550	0.000419639
211	10600	0.000380707
212	10650	0.000380707
213	10700	0.000380707
214	10750	0.000259125
215	10800	0.000259125
216	10850	0.000259125
217	10900	0.000254992
218	10950	0.000254992
219	11000	0.000254992
220	11050	0.000253812
221	11100	0.000231606
222	11150	0.000231606
223	11200	0.000231606
224	11250	0.0002144
225	11300	0.000204847
226	11350	0.000201536
227	11400	0.000201536
228	11450	0.000201536
229	11500	0.000198221
230	11550	0.000198221
231	11600	0.000198221
232	11650	0.000198221
233	11700	0.000198221
234	11750	0.000198221
235	11800	0.000198221
236	11850	0.00013219
237	11900	0.000132163
238	11950	0.000132163
239	12000	0.000132163
240	12050	2.43052e-005
241	12100	2.43052e-005
242	12150	2.43052e-005
243	12200	2.43052e-005
244	12250	2.22064e-005
245	12300	2.22064e-005
246	12350	1.86252e-005
247	12400	1.83924e-005
248	12450	1.83924e-005
249	12500	1.44564e-005
250	12550	1.32725e-005
251	12600	1.32725e-005
252	12650	1.32725e-005
253	12700	1.32725e-005
254	12750	1.32725e-005
255	12800	1.19967e-005
256	12850	1.19967e-005
257	12900	1.09159e-005
258	12950	7.35044e-006
259	13000	7.35044e-006
260	13050	7.35044e-006
261	13100	7.35044e-006
262	13150	6.89591e-006
263	13200	4.45895e-006
264	13250	4.45895e-006
265	13300	4.45895e-006
266	13350	4.45895e-006
267	13400	4.2654e-006
268	13450	4.11286e-006
269	13500	4.11286e-006
270	13550	4.10402e-006
271	13600	4.10402e-006
272	13650	2.28432e-006
273	13700	2.28432e-006
274	13750	2.28432e-006
275	13800	2.13634e-006
276	13850	2.13634e-006
277	13900	2.13634e-006
278	13950	1.26552e-006
279	14000	1.07255e-006
280	14050	1.07255e-006
281	14100	6.62001e-007
282	14150	6.58823e-007
283	14200	4.7624e-007
284	14250	4.7624e-007
285	14300	4.7624e-007
286	14350	4.7624e-007
287	14400	3.87321e-007
288	14450	3.87321e-007
289	14500	3.87321e-007
290	14550	3.87321e-007
291	14600	3.87321e-007
292	14650	3.87321e-007
293	14700	3.87321e-007
294	14750	3.87211e-007
295	14800	3.87211e-007
296	14850	3.87211e-007
297	14900	3.87211e-007
298	14950	3.87211e-007
299	15000	3.7184e-007
300	15050	3.7184e-007
301	15100	3.7184e-007
302	15150	3.7184e-007
303	15200	3.7184e-007
304	15250	3.7184e-007
305	15300	1.75454e-007
306	15350	1.04383e-007
307	15400	1.01779e-007
308	15450	1.01779e-007
309	15500	9.96272e-008
310	15550	9.96272e-008
311	15600	9.96272e-008
312	15650	9.72638e-008
313	15700	9.45124e-008
314	15750	9.12282e-008
315	15800	9.12282e-008
316	15850	7.53066e-008
317	15900	7.53066e-008
318	15950	7.53066e-008
319	16000	7.53066e-008
320	16050	5.46831e-008
321	16100	3.76661e-008
322	16150	3.74951e-008
323	16200	3.74951e-008
324	16250	3.71891e-008
325	16300	3.27471e-008
326	16350	2.84297e-008
327	16400	2.84297e-008
328	16450	2.7814e-008
329	16500	2.73136e-008
330	16550	1.61712e-008
331	16600	1.01399e-008
332	16650	1.01399e-008
333	16700	6.31631e-009
334	16750	5.53203e-009
335	16800	5.53203e-009
336	16850	5.53203e-009
337	16900	5.53203e-009
338	16950	5.53203e-009
339	17000	5.53203e-009
340	17050	5.53203e-009
341	17100	5.53203e-009
342	17150	5.53203e-009
343	17200	5.53203e-009
344	17250	4.69873e-009
345	17300	4.69873e-009
346	17350	4.69873e-009
347	17400	4.69873e-009
348	17450	2.84023e-009
349	17500	2.84023e-009
350	17550	2.84023e-009
351	17600	2.84023e-009
352	17650	2.42456e-009
353	17700	2.42456e-009
354	17750	2.42456e-009
355	17800	2.42456e-009
356	17850	2.42456e-009
357	17900	2.00853e-009
358	17950	2.00853e-009
359	18000	2.00853e-009
360	18050	1.38234e-009
361	18100	1.38234e-009
362	18150	1.38234e-009
363	18200	1.38234e-009
364	18250	1.38234e-009
365	18300	1.38234e-009
366	18350	1.38234e-009
367	18400	1.38234e-009
368	18450	1.38234e-009
369	18500	1.1033e-009
370	18550	1.1033e-009
371	18600	1.1033e-009
372	18650	6.0682e-010
373	18700	6.0682e-010
374	18750	6.0682e-010
375	18800	2.57687e-010
376	18850	2.57687e-010
377	18900	1.59269e-010
378	18950	1.59269e-010
379	19000	1.59269e-010
380	19050	1.59269e-010
381	19100	1.59269e-010
382	19150	1.59269e-010
383	19200	1.59269e-010
384	19250	1.59269e-010
385	19300	1.59269e-010
386	19350	1.59269e-010
387	19400	1.59269e-010
388	19450	1.59269e-010
389	19500	1.59269e-010
390	19550	1.59269e-010
391	19600	1.59269e-010
392	19650	1.59269e-010
393	19700	1.59269e-010
394	19750	1.59269e-010
395	19800	1.59269e-010
396	19850	1.59269e-010
397	19900	1.59269e-010
398	19950	1.59269e-010
399	20000	1.59269e-010
400	20050	1.59269e-010
401	20100	1.53924e-010
402	20150	1.53924e-010
403	20200	1.53924e-010
404	20250	1.53924e-010
405	20300	1.16553e-010
406	20350	1.16553e-010
407	20400	1.16553e-010
408	20450	1.16553e-010
409	20500	7.74654e-011
410	20550	7.74654e-011
411	20600	7.74654e-011
412	20650	7.74654e-011
413	20700	2.44465e-011
414	20750	2.44465e-011
415	20800	2.07048e-011
416	20850	2.07048e-011
417	20900	2.07048e-011
418	20950	2.01285e-011
419	21000	2.01285e-011
420	21050	2.01285e-011
421	21100	1.75104e-011
422	21150	1.75104e-011
423	21200	1.43539e-011
424	21250	1.29627e-011
425	21300	1.29627e-011
426	21350	1.14514e-011
427	21400	1.07666e-011
428	21450	1.03207e-011
429	21500	9.62599e-012
430	21550	9.62599e-012
431	21600	9.62599e-012
432	21650	8.88294e-012
433	21700	8.88294e-012
434	21750	8.88294e-012
435	21800	8.88294e-012
436	21850	8.88294e-012
437	21900	8.88294e-012
438	21950	8.88294e-012
439	22000	8.88294e-012
440	22050	8.88294e-012
441	22100	8.88294e-012
442	22150	3.06367e-012
443	22200	3.06367e-012
444	22250	3.06367e-012
445	22300	2.09752e-012
446	22350	2.09752e-012
447	22400	2.09752e-012
448	22450	2.09752e-012
449	22500	2.09752e-012
450	22550	2.09752e-012
451	22600	2.09752e-012
452	22650	2.09752e-012
453	22700	2.09752e-012
454	22750	1.96412e-012
455	22800	1.96412e-012
456	22850	1.96412e-012
457	22900	1.96412e-012
458	22950	1.96412e-012
459	23000	1.82585e-012
460	23050	1.76665e-012
461	23100	1.43623e-012
462	23150	1.31294e-012
463	23200	7.61239e-013
464	23250	6.61988e-013
465	23300	6.61988e-013
466	23350	6.61988e-013
467	23400	6.61988e-013
468	23450	6.61988e-013
469	23500	6.61988e-013
470	23550	5.88321e-013
471	23600	4.86889e-013
472	23650	4.86889e-013
473	23700	4.63241e-013
474	23750	4.63241e-013
475	23800	4.63241e-013
476	23850	4.63241e-013
477	23900	4.56135e-013
478	23950	4.38023e-013
479	24000	3.07707e-013
480	24050	3.07707e-013
481	24100	3.07707e-013
482	24150	2.15e-013
483	24200	2.15e-013
484	24250	2.15e-013
485	24300	9.45269e-014
486	24350	9.45269e-014
487	24400	9.45269e-014
488	24450	6.73877e-014
489	24500	6.73877e-014
490	24550	6.73877e-014
491	24600	6.73877e-014
492	24650	6.73877e-014
493	24700	6.73877e-014
494	24750	6.73877e-014
495	24800	6.63021e-014
496	24850	6.63021e-014
497	24900	6.63021e-014
498	24950	3.97871e-014
499	25000	3.97871e-014
500	25050	3.97871e-014
501	25100	3.97871e-014
502	25150	3.97871e-014
503	25200	1.69124e-014
504	25250	1.69124e-014
505	25300	1.69124e-014
506	25350	1.69124e-014
507	25400	1.69124e-014
508	25450	1.69124e-014
509	25500	1.69124e-014
510	25550	1.69124e-014
511	25600	1.69124e-014
512	25650	9.08761e-015
513	25700	7.81372e-015
514	25750	7.76634e-015
515	25800	7.76634e-015
516	25850	7.76634e-015
517	25900	5.54755e-015
518	25950	5.49921e-015
519	26000	5.15795e-015
520	26050	5.15795e-015
521	26100	5.15795e-015
522	26150	5.15795e-015
523	26200	5.15795e-015
524	26250	5.14947e-015
525	26300	5.14947e-015
526	26350	5.14947e-015
527	26400	5.12658e-015
528	26450	4.41811e-015
529	26500	4.41811e-015
530	26550	4.26434e-015
531	26600	3.8641e-015
532	26650	3.8641e-015
533	26700	3.8641e-015
534	26750	3.6737e-015
535	26800	3.6737e-015
536	26850	3.6737e-015
537	26900	3.6737e-015
538	26950	3.6737e-015
539	27000	3.6737e-015
540	27050	9.35952e-016
541	27100	9.35952e-016
542	27150	9.35952e-016
543	27200	9.35952e-016
544	27250	9.35952e-016
545	27300	9.02822e-016
546	27350	6.91721e-016
547	27400	6.06561e-016
548	27450	6.06561e-016
549	27500	6.06561e-016
550	27550	6.06561e-016
551	27600	6.06561e-016
552	27650	6.06561e-016
553	27700	6.04213e-016
554	27750	6.04213e-016
555	27800	6.04213e-016
556	27850	6.04213e-016
557	27900	5.80552e-016
558	27950	3.24163e-016
559	28000	3.11013e-016
560	28050	3.11013e-016
561	28100	3.08942e-016
562	28150	3.06725e-016
563	28200	3.06725e-016
564	28250	1.81656e-016
565	28300	1.81656e-016
566	28350	1.81656e-016
567	28400	1.74687e-016
568	28450	1.74687e-016
569	28500	1.74687e-016
570	28550	1.74687e-016
571	28600	1.74687e-016
572	28650	1.40974e-016
573	28700	1.40974e-016
574	28750	1.40974e-016
575	28800	1.40974e-016
576	28850	1.40974e-016
577	28900	8.47332e-017
578	28950	8.47332e-017
579	29000	8.47332e-017
580	29050	8.47332e-017
581	29100	8.47332e-017
582	29150	8.08914e-017
583	29200	4.87434e-017
584	29250	4.87045e-017
585	29300	4.87045e-017
586	29350	4.87045e-017
587	29400	4.67479e-017
588	29450	4.67479e-017
589	29500	2.44977e-017
590	29550	2.44977e-017
591	29600	2.44977e-017
592	29650	2.43732e-017
593	29700	2.402e-017
594	29750	1.1869e-017
595	29800	1.1869e-017
596	29850	1.1869e-017
597	29900	1.1869e-017
598	29950	9.1519e-018
599	30000	9.09829e-018
600	30050	9.06342e-018
601	30100	9.06342e-018
602	30150	9.06342e-018
603	30200	9.06342e-018
604	30250	7.55896e-018
605	30300	7.55896e-018
606	30350	1.45839e-018
607	30400	1.29189e-018
608	30450	1.29168e-018
609	30500	1.29168e-018
610	30550	1.29168e-018
611	30600	1.29168e-018
612	30650	1.29168e-018
613	30700	1.29168e-018
614	30750	1.16417e-018
615	30800	1.16417e-018
616	30850	1.16417e-018
617	30900	1.16417e-018
618	30950	1.16417e-018
619	31000	1.16417e-018
620	31050	1.16417e-018
621	31100	4.19496e-019
622	31150	4.19496e-019
623	31200	3.33098e-019
624	31250	3.33098e-019
625	31300	3.09066e-019
626	31350	3.09066e-019
627	31400	3.09066e-019
628	31450	3.09066e-019
629	31500	3.09066e-019
630	31550	3.09066e-019
631	31600	2.22853e-019
632	31650	2.22853e-019
633	31700	2.22853e-019
634	31750	2.22853e-019
635	31800	2.21794e-019
636	31850	2.21794e-019
637	31900	2.10751e-019
638	31950	2.10751e-019
639	32000	2.10751e-019
640	32050	1.80687e-019
641	32100	1.80687e-019
642	32150	1.80687e-019
643	32200	1.80687e-019
644	32250	1.00939e-019
645	32300	1.00939e-019
646	32350	8.66147e-020
647	32400	8.66147e-020
648	32450	8.66147e-020
649	32500	8.66147e-020
650	32550	6.4785e-020
651	32600	6.4785e-020
652	32650	6.4785e-020
653	32700	3.75098e-020
654	32750	3.75098e-020
655	32800	3.75098e-020
656	32850	3.75098e-020
657	32900	3.75098e-020
658	32950	2.43442e-020
659	33000	2.43442e-020
660	33050	2.43442e-020
661	33100	2.43442e-020
662	33150	2.43442e-020
663	33200	2.00087e-020
664	33250	2.00087e-020
665	33300	1.99346e-020
666	33350	9.3781e-021
667	33400	9.3781e-021
668	33450	8.6859e-021
669	33500	8.6859e-021
670	33550	7.17522e-021
671	33600	7.17522e-021
672	33650	4.03965e-021
673	33700	4.03965e-021
674	33750	4.03965e-021
675	33800	4.03965e-021
676	33850	4.03965e-021
677	33900	4.03965e-021
678	33950	4.03965e-021
679	34000	4.03965e-021
680	34050	4.03965e-021
681	34100	3.87564e-021
682	34150	3.77588e-021
683	34200	3.77588e-021
684	34250	3.43463e-021
685	34300	3.43463e-021
686	34350	2.89116e-021
687	34400	2.89116e-021
688	34450	1.61209e-021
689	34500	1.61209e-021
690	34550	1.5267e-021
691	34600	1.5267e-021
692	34650	1.52078e-021
693	34700	1.52078e-021
694	34750	1.52078e-021
695	34800	5.69698e-022
696	34850	5.69698e-022
697	34900	5.57816e-022
698	34950	5.08879e-022
699	35000	5.08879e-022
700	35050	5.08879e-022
701	35100	5.08879e-022
702	35150	5.08879e-022
703	35200	5.08879e-022
704	35250	5.08879e-022
705	35300	4.75048e-022
706	35350	4.75048e-022
707	35400	4.75048e-022
708	35450	4.05425e-022
709	35500	4.05425e-022
710	35550	3.74675e-022
711	35600	3.74675e-022
712	35650	3.74675e-022
713	35700	3.74675e-022
714	35750	3.74675e-022
715	35800	8.37535e-023
716	35850	8.37535e-023
717	35900	8.37535e-023
718	35950	8.37535e-023
719	36000	8.37535e-023
720	36050	8.37535e-023
721	36100	8.37535e-023
722	36150	8.37535e-023
723	36200	8.37535e-023
724	36250	6.76908e-023
725	36300	6.76908e-023
726	36350	4.89024e-023
727	36400	4.89024e-023
728	36450	4.89024e-023
729	36500	4.89024e-023
730	36550	4.89024e-023
731	36600	4.89024e-023
732	36650	4.89024e-023
733	36700	4.89024e-023
734	36750	4.89024e-023
735	36800	2.39822e-023
736	36850	8.89145e-024
737	36900	8.89145e-024
738	36950	8.89145e-024
739	37000	8.01015e-024
740	37050	8.01015e-024
741	37100	8.01015e-024
742	37150	8.01015e-024
743	37200	8.01015e-024
744	37250	8.01015e-024
745	37300	8.01015e-024
746	37350	8.01015e-024
747	37400	8.01015e-024
748	37450	3.5374e-024
749	37500	3.5374e-024
750	37550	3.5374e-024
751	37600	3.5374e-024
752	37650	3.5374e-024
753	37700	3.5374e-024
754	37750	3.5374e-024
755	37800	3.5158e-024
756	37850	3.5158e-024
757	37900	3.5158e-024
758	37950	3.5158e-024
759	38000	3.5158e-024
760	38050	3.5158e-024
761	38100	2.99645e-024
762	38150	2.99645e-024
763	38200	2.46029e-024
764	38250	2.46029e-024
765	38300	2.46029e-024
766	38350	2.44249e-024
767	38400	2.44249e-024
768	38450	2.44249e-024
769	38500	1.85633e-024
770	38550	1.85633e-024
771	38600	1.76615e-024
772	38650	1.76615e-024
773	38700	1.71835e-024
774	38750	1.71835e-024
775	38800	1.71835e-024
776	38850	1.56719e-024
777	38900	1.40775e-024
778	38950	1.40775e-024
779	39000	1.05328e-024
780	39050	9.3001e-025
781	39100	9.16435e-025
782	39150	9.16435e-025
783	39200	9.16435e-025
784	39250	9.16435e-025
785	39300	9.16435e-025
786	39350	5.14067e-025
787	39400	5.14067e-025
788	39450	5.14067e-025
789	39500	5.14067e-025
790	39550	5.14067e-025
791	39600	5.14067e-025
792	39650	5.14067e-025
793	39700	5.14067e-025
794	39750	3.4815e-025
795	39800	3.4815e-025
796	39850	3.4815e-025
797	39900	2.59798e-025
798	39950	2.59798e-025
799	40000	2.59798e-025
800	40050	2.59798e-025
801	40100	2.53125e-025
802	40150	2.53125e-025
803	40200	2.53125e-025
804	40250	2.53125e-025
805	40300	2.47663e-025
806	40350	2.26582e-025
807	40400	2.19886e-025
808	40450	1.39886e-025
809	40500	1.36479e-025
810	40550	1.36479e-025
811	40600	1.36479e-025
812	40650	1.36479e-025
813	40700	1.36479e-025
814	40750	1.36479e-025
815	40800	6.85256e-026
816	40850	5.7512e-026
817	40900	5.41059e-026
818	40950	5.41059e-026
819	41000	5.41059e-026
820	41050	5.41059e-026
821	41100	5.41059e-026
822	41150	3.9242e-026
823	41200	3.9242e-026
824	41250	3.9242e-026
825	41300	3.9242e-026
826	41350	3.74847e-026
827	41400	3.73798e-026
828	41450	3.38352e-026
829	41500	3.38352e-026
830	41550	2.66231e-026
831	41600	2.66231e-026
832	41650	1.10079e-026
833	41700	1.10079e-026
834	41750	1.0331e-026
835	41800	1.0331e-026
836	41850	8.68951e-027
837	41900	5.78714e-027
838	41950	5.78714e-027
839	42000	5.78714e-027
840	42050	5.78714e-027
841	42100	5.78714e-027
842	42150	5.78714e-027
843	42200	5.53244e-027
844	42250	5.53244e-027
845	42300	5.53244e-027
846	42350	5.53244e-027
847	42400	5.53244e-027
848	42450	5.38287e-027
849	42500	4.79936e-027
850	42550	4.79936e-027
851	42600	4.79863e-027
852	42650	2.358e-027
853	42700	1.39085e-027
854	42750	1.39085e-027
855	42800	7.90032e-028
856	42850	7.90032e-028
857	42900	6.52438e-028
858	42950	6.10117e-028
859	43000	6.10117e-028
860	43050	6.10117e-028
861	43100	2.31374e-028
862	43150	2.06272e-028
863	43200	2.06272e-028
864	43250	2.06272e-028
865	43300	2.02481e-028
866	43350	2.02481e-028
867	43400	2.02481e-028
868	43450	2.02481e-028
869	43500	2.02481e-028
870	43550	2.02481e-028
871	43600	2.02481e-028
872	43650	2.02481e-028
873	43700	1.74824e-028
874	43750	1.74824e-028
875	43800	1.74824e-028
876	43850	1.55784e-028
877	43900	1.55784e-028
878	43950	1.55784e-028
879	44000	1.46507e-028
880	44050	1.21401e-028
881	44100	1.21401e-028
882	44150	1.00138e-028
883	44200	1.00138e-028
884	44250	1.00138e-028
885	44300	1.00138e-028
886	44350	1.00138e-028
887	44400	9.99755e-029
888	44450	9.68684e-029
889	44500	9.68684e-029
890	44550	9.16426e-029
891	44600	9.16426e-029
892	44650	9.16426e-029
893	44700	9.16426e-029
894	44750	9.16426e-029
895	44800	6.98928e-029
896	44850	6.95899e-029
897	44900	6.95899e-029
898	44950	6.92613e-029
899	45000	6.92613e-029
900	45050	6.92613e-029
901	45100	6.92613e-029
902	45150	6.92613e-029
903	45200	6.92613e-029
904	45250	6.92613e-029
905	45300	6.92613e-029
906	45350	6.92613e-029
907	45400	5.91681e-029
908	45450	5.91681e-029
909	45500	1.08272e-029
910	45550	1.08272e-029
911	45600	8.86511e-030
912	45650	8.86511e-030
913	45700	8.50405e-030
914	45750	6.43767e-030
915	45800	6.43767e-030
916	45850	5.80281e-030
917	45900	5.80281e-030
918	45950	4.18364e-030
919	46000	4.05497e-030
920	46050	4.05497e-030
921	46100	3.92828e-030
922	46150	3.92828e-030
923	46200	3.92437e-030
924	46250	3.61008e-030
925	46300	3.61008e-030
926	46350	3.61008e-030
927	46400	3.61008e-030
928	46450	3.13321e-030
929	46500	3.12836e-030
930	46550	3.12836e-030
931	46600	2.40112e-030
932	46650	2.40112e-030
933	46700	1.74336e-030
934	46750	1.72073e-030
935	46800	1.08883e-030
936	46850	9.86482e-031
937	46900	8.9277e-031
938	46950	8.9277e-031
939	47000	8.31669e-031
940	47050	8.31669e-031
941	47100	7.2686e-031
942	47150	7.2686e-031
943	47200	7.2686e-031
944	47250	7.26346e-031
945	47300	7.26346e-031
946	47350	7.21401e-031
947	47400	7.21401e-031
948	47450	7.21401e-031
949	47500	3.33051e-031
950	47550	3.33051e-031
951	47600	3.32123e-031
952	47650	1.17263e-031
953	47700	1.17263e-031
954	47750	7.74988e-032
955	47800	7.74988e-032
956	47850	7.74988e-032
957	47900	7.74988e-032
958	47950	7.74988e-032
959	48000	7.74988e-032
960	48050	3.4423e-032
961	48100	3.04868e-032
962	48150	3.04868e-032
963	48200	3.04868e-032
964	48250	3.04868e-032
965	48300	3.03057e-032
966	48350	3.03057e-032
967	48400	2.96095e-032
968	48450	2.96095e-032
969	48500	2.96095e-032
970	48550	6.76163e-033
971	48600	6.76163e-033
972	48650	6.76163e-033
973	48700	6.76163e-033
974	48750	6.76163e-033
975	48800	6.76163e-033
976	48850	5.98676e-033
977	48900	5.98676e-033
978	48950	5.98676e-033
979	49000	5.98676e-033
980	49050	5.31254e-033
981	49100	5.31254e-033
982	49150	5.02887e-033
983	49200	5.02887e-033
984	49250	3.18002e-033
985	49300	3.18002e-033
986	49350	3.18002e-033
987	49400	3.15849e-033
988	49450	3.15849e-033
989	49500	2.2406e-033
990	49550	2.2406e-033
991	49600	1.90512e-033
992	49650	1.90512e-033
993	49700	1.77387e-033
994	49750	1.55347e-033
995	49800	1.55347e-033
996	49850	1.55347e-033
997	49900	1.54868e-033
998	49950	1.45871e-033
999	50000	9.24834e-034
1000	50050	9.24834e-034
1001	50100	9.24834e-034
1002	50150	9.24834e-034
1003	50200	7.03172e-034
1004	50250	7.03172e-034
1005	50300	4.58475e-034
1006	50350	4.58475e-034
1007	50400	4.58475e-034
1008	50450	4.58475e-034
1009	50500	4.58475e-034
1010	50550	4.58475e-034
1011	50600	4.58475e-034
1012	50650	4.58475e-034
1013	50700	4.49269e-034
1014	50750	4.49269e-034
1015	50800	4.4926e-034
1016	50850	4.4926e-034
1017	50900	4.4926e-034
1018	50950	4.4926e-034
1019	51000	4.4926e-034
1020	51050	4.35741e-034
1021	51100	4.35741e-034
1022	51150	4.35741e-034
1023	51200	4.35741e-034
1024	51250	3.37478e-034
1025	51300	2.07544e-034
1026	51350	2.06974e-034
1027	51400	2.06974e-034
1028	51450	1.81214e-034
1029	51500	1.72111e-034
1030	51550	1.72111e-034
1031	51600	1.72111e-034
1032	51650	1.37174e-034
1033	51700	1.37174e-034
1034	51750	1.37174e-034
1035	51800	1.37174e-034
1036	51850	1.37174e-034
1037	51900	1.37174e-034
1038	51950	3.90124e-035
1039	52000	3.90124e-035
1040	52050	3.90124e-035
1041	52100	3.90124e-035
1042	52150	3.55172e-035
1043	52200	3.55172e-035
1044	52250	3.55172e-035
1045	52300	3.12716e-035
1046	52350	3.12716e-035
1047	52400	3.12716e-035
1048	52450	3.12716e-035
1049	52500	3.12716e-035
1050	52550	2.50462e-035
1051	52600	1.95684e-035
1052	52650	1.95684e-035
1053	52700	1.95684e-035
1054	52750	1.74717e-035
1055	52800	1.20924e-035
1056	52850	7.78587e-036
1057	52900	7.78587e-036
1058	52950	4.16614e-036
1059	53000	4.16614e-036
1060	53050	4.16614e-036
1061	53100	4.16614e-036
1062	53150	4.16614e-036
1063	53200	3.34637e-036
1064	53250	3.34637e-036
1065	53300	3.2888e-036
1066	53350	3.2888e-036
1067	53400	3.21764e-036
1068	53450	3.02763e-036
1069	53500	3.02763e-036
1070	53550	3.02763e-036
1071	53600	2.80937e-036
1072	53650	2.80937e-036
1073	53700	1.04127e-036
1074	53750	1.04127e-036
1075	53800	7.71177e-037
1076	53850	7.71177e-037
1077	53900	7.71177e-037
1078	53950	7.63904e-037
1079	54000	7.45551e-037
1080	54050	7.45551e-037
1081	54100	7.45551e-037
1082	54150	7.45551e-037
1083	54200	6.76798e-037
1084	54250	6.76798e-037
1085	54300	6.76798e-037
1086	54350	6.20501e-037
1087	54400	6.20501e-037
1088	54450	6.20501e-037
1089	54500	6.01945e-037
1090	54550	5.53521e-037
1091	54600	5.53521e-037
1092	54650	5.53521e-037
1093	54700	5.2454e-037
1094	54750	5.2454e-037
1095	54800	1.35615e-037
1096	54850	1.35615e-037
1097	54900	1.35615e-037
1098	54950	1.35615e-037
1099	55000	1.35615e-037
1100	55050	1.35615e-037
1101	55100	1.35611e-037
1102	55150	1.08331e-037
1103	55200	8.49103e-038
1104	55250	6.63379e-038
1105	55300	5.79221e-038
1106	55350	5.79221e-038
1107	55400	5.32943e-038
1108	55450	5.32943e-038
1109	55500	2.83601e-038
1110	55550	2.83601e-038
1111	55600	2.83601e-038
1112	55650	2.83601e-038
1113	55700	1.57395e-038
1114	55750	1.57395e-038
1115	55800	1.57395e-038
1116	55850	1.57395e-038
1117	55900	1.30832e-038
1118	55950	1.29636e-038
1119	56000	1.29636e-038
1120	56050	1.29636e-038
1121	56100	1.29636e-038
1122	56150	1.24365e-038
1123	56200	1.18835e-038
1124	56250	1.08835e-038
1125	56300	1.08835e-038
1126	56350	1.01715e-038
1127	56400	1.01715e-038
1128	56450	8.17484e-039
1129	56500	7.20417e-039
1130	56550	7.20417e-039
1131	56600	3.73619e-039
1132	56650	3.73619e-039
1133	56700	3.73619e-039
1134	56750	3.32932e-039
1135	56800	3.31428e-039
1136	56850	3.27233e-039
1137	56900	3.11658e-039
1138	56950	1.69692e-039
1139	57000	1.68763e-039
1140	57050	1.48396e-039
1141	57100	1.48396e-039
1142	57150	1.39037e-039
1143	57200	1.06054e-039
1144	57250	1.06054e-039
1145	57300	5.93343e-040
1146	57350	5.52516e-040
1147	57400	5.02042e-040
1148	57450	5.02042e-040
1149	57500	5.02042e-040
1150	57550	5.02042e-040
1151	57600	4.60454e-040
1152	57650	4.60454e-040
1153	57700	4.60454e-040
1154	57750	4.01058e-040
1155	57800	4.01058e-040
1156	57850	4.01058e-040
1157	57900	3.88897e-040
1158	57950	3.88897e-040
1159	58000	3.88897e-040
1160	58050	3.88897e-040
1161	58100	3.88897e-040
1162	58150	3.87036e-040
1163	58200	3.87036e-040
1164	58250	3.70012e-040
1165	58300	2.89069e-040
1166	58350	2.89069e-040
1167	58400	2.89069e-040
1168	58450	2.61172e-040
1169	58500	2.61172e-040
1170	58550	2.41936e-040
1171	58600	2.36551e-040
1172	58650	2.23931e-040
1173	58700	2.07012e-040
1174	58750	1.48748e-040
1175	58800	8.13139e-041
1176	58850	7.13747e-041
1177	58900	5.51833e-041
1178	58950	4.5731e-041
1179	59000	3.5054e-041
1180	59050	3.5054e-041
1181	59100	2.79589e-041
1182	59150	2.75247e-041
1183	59200	2.75247e-041
1184	59250	2.75247e-041
1185	59300	1.98671e-041
1186	59350	1.42231e-041
1187	59400	1.42231e-041
1188	59450	1.38197e-041
1189	59500	1.38197e-041
1190	59550	1.38197e-041
1191	59600	1.38197e-041
1192	59650	1.38009e-041
1193	59700	1.36534e-041
1194	59750	1.29e-041
1195	59800	8.14977e-042
1196	59850	8.14977e-042
1197	59900	4.72224e-042
1198	59950	2.84743e-042
1199	60000	2.42863e-042
1200	60050	2.3819e-042
1201	60100	2.07349e-042
1202	60150	8.36093e-043
1203	60200	8.36093e-043
1204	60250	8.36093e-043
1205	60300	8.36093e-043
1206	60350	8.36093e-043
1207	60400	8.36093e-043
1208	60450	7.4526e-043
1209	60500	7.4526e-043
1210	60550	7.4526e-043
1211	60600	4.41008e-043
1212	60650	4.41008e-043
1213	60700	4.41008e-043
1214	60750	3.75768e-043
1215	60800	3.45657e-043
1216	60850	3.45657e-043
1217	60900	3.2346e-043
1218	60950	2.34093e-043
1219	61000	2.34093e-043
1220	61050	2.34093e-043
1221	61100	2.34093e-043
1222	61150	2.34093e-043
1223	61200	2.34093e-043
1224	61250	2.34093e-043
1225	61300	2.34093e-043
1226	61350	2.34093e-043
1227	61400	1.97553e-043
1228	61450	1.57625e-043
1229	61500	1.56779e-043
1230	61550	1.51747e-043
1231	61600	1.50825e-043
1232	61650	4.72687e-044
1233	61700	4.72687e-044
1234	61750	4.72687e-044
1235	61800	4.72687e-044
1236	61850	4.4574e-044
1237	61900	4.2583e-044
1238	61950	4.2583e-044
1239	62000	4.2583e-044
1240	62050	3.50454e-044
1241	62100	2.97459e-044
1242	62150	2.96728e-044
1243	62200	2.96728e-044
1244	62250	2.96728e-044
1245	62300	2.76845e-044
1246	62350	2.76845e-044
1247	62400	2.76845e-044
1248	62450	2.40199e-044
1249	62500	2.40199e-044
1250	62550	2.40199e-044
1251	62600	2.40199e-044
1252	62650	2.40199e-044
1253	62700	2.19697e-044
1254	62750	2.19697e-044
1255	62800	2.19697e-044
1256	62850	2.19697e-044
1257	62900	2.19697e-044
1258	62950	2.19697e-044
1259	63000	2.12286e-044
1260	63050	2.10282e-044
1261	63100	2.09011e-044
1262	63150	2.09011e-044
1263	63200	2.09011e-044
1264	63250	2.08897e-044
1265	63300	2.08897e-044
1266	63350	2.06758e-044
1267	63400	2.06758e-044
1268	63450	2.04054e-044
1269	63500	2.04054e-044
1270	63550	2.04054e-044
1271	63600	2.03819e-044
1272	63650	2.03819e-044
1273	63700	2.03819e-044
1274	63750	2.03819e-044
1275	63800	2.03819e-044
1276	63850	1.58527e-044
1277	63900	1.58527e-044
1278	63950	1.58508e-044
1279	64000	1.58508e-044
1280	64050	1.57896e-044
1281	64100	1.57896e-044
1282	64150	2.50505e-046
1283	64200	2.50505e-046
1284	64250	2.50505e-046
1285	64300	2.50505e-046
1286	64350	2.50505e-046
1287	64400	2.50505e-046
1288	64450	2.33944e-046
1289	64500	2.33944e-046
1290	64550	2.17501e-046
1291	64600	2.08757e-046
1292	64650	2.08757e-046
1293	64700	2.08757e-046
1294	64750	2.08757e-046
1295	64800	2.08757e-046
1296	64850	2.08757e-046
1297	64900	2.08757e-046
1298	64950	1.93633e-046
1299	65000	1.93633e-046
1300	65050	1.93633e-046
1301	65100	1.18393e-046
1302	65150	9.93117e-047
1303	65200	9.93117e-047
1304	65250	6.90717e-047
1305	65300	6.6243e-047
1306	65350	5.67591e-047
1307	65400	5.67591e-047
1308	65450	5.67591e-047
1309	65500	5.67591e-047
1310	65550	5.12337e-047
1311	65600	4.97596e-047
1312	65650	4.97596e-047
1313	65700	4.97596e-047
1314	65750	4.46095e-047
1315	65800	4.07307e-047
1316	65850	4.07307e-047
1317	65900	4.07307e-047
1318	65950	3.68111e-047
1319	66000	3.68111e-047
1320	66050	3.68111e-047
1321	66100	3.60776e-047
1322	66150	3.54291e-047
1323	66200	3.54291e-047
1324	66250	3.54291e-047
1325	66300	3.54291e-047
1326	66350	3.54291e-047
1327	66400	3.1548e-047
1328	66450	3.04978e-047
1329	66500	3.04978e-047
1330	66550	3.04978e-047
1331	66600	3.04978e-047
1332	66650	3.04978e-047
1333	66700	3.04978e-047
1334	66750	3.04978e-047
1335	66800	3.04978e-047
1336	66850	2.93083e-047
1337	66900	2.92359e-047
1338	66950	2.92359e-047
1339	67000	2.87384e-047
1340	67050	2.86289e-047
1341	67100	2.86289e-047
1342	67150	2.86289e-047
1343	67200	2.86289e-047
1344	67250	2.86289e-047
1345	67300	2.86159e-047
1346	67350	2.86142e-047
1347	67400	2.86142e-047
1348	67450	8.86478e-049
1349	67500	8.72369e-049
1350	67550	8.72369e-049
1351	67600	8.38159e-049
1352	67650	5.69417e-049
1353	67700	5.52711e-049
1354	67750	5.52711e-049
1355	67800	5.51423e-049
1356	67850	5.51423e-049
1357	67900	4.83838e-049
1358	67950	4.83838e-049
1359	68000	4.83838e-049
1360	68050	4.67363e-049
1361	68100	3.87272e-049
1362	68150	3.87272e-049
1363	68200	3.87272e-049
1364	68250	3.72684e-049
1365	68300	2.94076e-049
1366	68350	2.94076e-049
1367	68400	2.8105e-049
1368	68450	2.58208e-049
1369	68500	2.58208e-049
1370	68550	2.58208e-049
1371	68600	2.58208e-049
1372	68650	2.58208e-049
1373	68700	2.58208e-049
1374	68750	2.32296e-049
1375	68800	2.30872e-049
1376	68850	2.30872e-049
1377	68900	2.23537e-049
1378	68950	2.23333e-049
1379	69000	5.23408e-050
1380	69050	5.23408e-050
1381	69100	5.23408e-050
1382	69150	5.23408e-050
1383	69200	5.08678e-050
1384	69250	2.51622e-050
1385	69300	2.19277e-050
1386	69350	1.95583e-050
1387	69400	1.95583e-050
1388	69450	1.95583e-050
1389	69500	1.95583e-050
1390	69550	1.95583e-050
1391	69600	1.95583e-050
1392	69650	1.95583e-050
1393	69700	4.66569e-051
1394	69750	4.66569e-051
1395	69800	4.66569e-051
1396	69850	4.66569e-051
1397	69900	4.66569e-051
1398	69950	4.66569e-051
1399	70000	4.66569e-051
1400	70050	4.4271e-051
1401	70100	4.4271e-051
1402	70150	4.05737e-051
1403	70200	3.98505e-051
1404	70250	3.98505e-051
1405	70300	3.98505e-051
1406	70350	3.49256e-051
1407	70400	3.33145e-051
1408	70450	3.33145e-051
1409	70500	2.63678e-051
1410	70550	2.63678e-051
1411	70600	2.63678e-051
1412	70650	2.43449e-051
1413	70700	2.43449e-051
1414	70750	2.43449e-051
1415	70800	1.76152e-051
1416	70850	1.76152e-051
1417	70900	1.76152e-051
1418	70950	1.76152e-051
1419	71000	7.32585e-052
1420	71050	7.32585e-052
1421	71100	7.23544e-052
1422	71150	6.18202e-052
1423	71200	5.79304e-052
1424	71250	2.50462e-052
1425	71300	2.50462e-052
1426	71350	1.21004e-052
1427	71400	1.21004e-052
1428	71450	1.21004e-052
1429	71500	1.21004e-052
1430	71550	1.06933e-052
1431	71600	1.06933e-052
1432	71650	1.04652e-052
1433	71700	1.04652e-052
1434	71750	1.04652e-052
1435	71800	1.04652e-052
1436	71850	1.04652e-052
1437	71900	1.04652e-052
1438	71950	1.04652e-052
1439	72000	1.04652e-052
1440	72050	1.04652e-052
1441	72100	9.33553e-053
1442	72150	9.33553e-053
1443	72200	9.33553e-053
1444	72250	9.33529e-053
1445	72300	6.96617e-053
1446	72350	6.96617e-053
1447	72400	6.8383e-053
1448	72450	5.84259e-053
1449	72500	5.78059e-053
1450	72550	5.78059e-053
1451	72600	5.35314e-053
1452	72650	5.35314e-053
1453	72700	4.25369e-053
1454	72750	3.83559e-053
1455	72800	3.83559e-053
1456	72850	1.37454e-053
1457	72900	1.37454e-053
1458	72950	1.35857e-053
1459	73000	1.25585e-053
1460	73050	1.25585e-053
1461	73100	1.2551e-053
1462	73150	1.2551e-053
1463	73200	1.2551e-053
1464	73250	1.2551e-053
1465	73300	1.04172e-053
1466	73350	1.04172e-053
1467	73400	1.04172e-053
1468	73450	1.04172e-053
1469	73500	1.04172e-053
1470	73550	1.04172e-053
1471	73600	1.04172e-053
1472	73650	1.04172e-053
1473	73700	1.04172e-053
1474	73750	3.72056e-054
1475	73800	3.72056e-054
1476	73850	3.72056e-054
1477	73900	3.47953e-054
1478	73950	3.455e-054
1479	74000	1.41259e-054
1480	74050	1.41259e-054
1481	74100	1.09417e-054
1482	74150	1.09417e-054
1483	74200	1.08662e-054
1484	74250	1.08662e-054
1485	74300	1.08662e-054
1486	74350	1.08662e-054
1487	74400	1.08662e-054
1488	74450	1.08662e-054
1489	74500	1.08662e-054
1490	74550	1.08662e-054
1491	74600	1.07673e-054
1492	74650	1.07673e-054
1493	74700	1.17793e-055
1494	74750	1.17793e-055
1495	74800	1.17793e-055
1496	74850	1.17793e-055
1497	74900	1.17793e-055
1498	74950	1.17793e-055
1499	75000	1.17793e-055
1500	75050	1.17793e-055
1501	75100	1.17793e-055
1502	75150	4.59515e-056
1503	75200	4.59515e-056
1504	75250	4.42497e-056
1505	75300	4.42497e-056
1506	75350	4.42497e-056
1507	75400	4.42497e-056
1508	75450	4.42497e-056
1509	75500	3.96642e-056
1510	75550	2.23238e-056
1511	75600	2.23238e-056
1512	75650	2.23238e-056
1513	75700	2.23238e-056
1514	75750	1.93594e-056
1515	75800	1.90821e-056
1516	75850	1.90821e-056
1517	75900	1.0649e-056
1518	75950	1.0649e-056
1519	76000	1.0649e-056
1520	76050	1.0649e-056
1521	76100	1.0536e-056
1522	76150	1.0536e-056
1523	76200	4.88137e-057
1524	76250	4.88137e-057
1525	76300	4.88137e-057
1526	76350	4.47993e-057
1527	76400	3.53872e-057
1528	76450	1.13366e-057
1529	76500	1.13366e-057
1530	76550	7.55881e-058
1531	76600	7.55881e-058
1532	76650	7.55881e-058
1533	76700	7.189e-058
1534	76750	6.6542e-058
1535	76800	6.6542e-058
1536	76850	6.6542e-058
1537	76900	5.90908e-058
1538	76950	5.90908e-058
1539	77000	5.90908e-058
1540	77050	5.90908e-058
1541	77100	5.53368e-058
1542	77150	5.53368e-058
1543	77200	5.53368e-058
1544	77250	5.20089e-058
1545	77300	5.20089e-058
1546	77350	5.20089e-058
1547	77400	5.20089e-058
1548	77450	5.20089e-058
1549	77500	3.73475e-058
1550	77550	2.12927e-058
1551	77600	2.12927e-058
1552	77650	2.12927e-058
1553	77700	2.10978e-058
1554	77750	2.10978e-058
1555	77800	2.10978e-058
1556	77850	2.10978e-058
1557	77900	1.11664e-058
1558	77950	1.11664e-058
1559	78000	1.11664e-058
1560	78050	1.11664e-058
1561	78100	1.11664e-058
1562	78150	1.11664e-058
1563	78200	1.11664e-058
1564	78250	1.11664e-058
1565	78300	1.0748e-058
1566	78350	1.0748e-058
1567	78400	8.47062e-059
1568	78450	8.47062e-059
1569	78500	8.2957e-059
1570	78550	8.2957e-059
1571	78600	8.2957e-059
1572	78650	8.2957e-059
1573	78700	8.2957e-059
1574	78750	8.2957e-059
1575	78800	8.2957e-059
1576	78850	8.2957e-059
1577	78900	8.10512e-059
1578	78950	8.09104e-059
1579	79000	7.58044e-059
1580	79050	7.58044e-059
1581	79100	6.7001e-059
1582	79150	6.56132e-059
1583	79200	6.56132e-059
1584	79250	6.31308e-059
1585	79300	4.15877e-059
1586	79350	4.0043e-059
1587	79400	4.0043e-059
1588	79450	1.55082e-059
1589	79500	9.72152e-060
1590	79550	9.72152e-060
1591	79600	8.14966e-060
1592	79650	8.14966e-060
1593	79700	6.10054e-060
1594	79750	6.10054e-060
1595	79800	6.10054e-060
1596	79850	5.05961e-060
1597	79900	4.54928e-060
1598	79950	4.15767e-060
1599	80000	4.15767e-060
1600	80050	4.15767e-060
1601	80100	4.15767e-060
1602	80150	2.01318e-060
1603	80200	2.01318e-060
1604	80250	2.01318e-060
1605	80300	2.01318e-060
1606	80350	2.01318e-060
1607	80400	2.01318e-060
1608	80450	1.79144e-060
1609	80500	1.79144e-060
1610	80550	1.76361e-060
1611	80600	1.76361e-060
1612	80650	1.76361e-060
1613	80700	1.05277e-060
1614	80750	3.18872e-061
1615	80800	3.18872e-061
1616	80850	3.18872e-061
1617	80900	3.18872e-061
1618	80950	3.18872e-061
1619	81000	3.18872e-061
1620	81050	3.18872e-061
1621	81100	1.83793e-061
1622	81150	1.74913e-061
1623	81200	1.42296e-061
1624	81250	1.19014e-061
1625	81300	1.19014e-061
1626	81350	9.94358e-062
1627	81400	9.94358e-062
1628	81450	9.81968e-062
1629	81500	9.81968e-062
1630	81550	9.81968e-062
1631	81600	9.81968e-062
1632	81650	9.81968e-062
1633	81700	4.82033e-062
1634	81750	4.82033e-062
1635	81800	3.8594e-062
1636	81850	3.8594e-062
1637	81900	3.8594e-062
1638	81950	3.8594e-062
1639	82000	3.8594e-062
1640	82050	3.8594e-062
1641	82100	3.8594e-062
1642	82150	3.13764e-062
1643	82200	1.95371e-062
1644	82250	1.95371e-062
1645	82300	1.95371e-062
1646	82350	1.95371e-062
1647	82400	1.95371e-062
1648	82450	1.72486e-062
1649	82500	1.72486e-062
1650	82550	1.72486e-062
1651	82600	1.66594e-062
1652	82650	1.66594e-062
1653	82700	1.59029e-062
1654	82750	1.5902e-062
1655	82800	1.5902e-062
1656	82850	1.5902e-062
1657	82900	1.16694e-062
1658	82950	1.07923e-062
1659	83000	1.07923e-062
1660	83050	8.49818e-063
1661	83100	8.49818e-063
1662	83150	7.82903e-063
1663	83200	7.53207e-063
1664	83250	7.53207e-063
1665	83300	7.53207e-063
1666	83350	7.53207e-063
1667	83400	7.44697e-063
1668	83450	7.06703e-063
1669	83500	6.44112e-063
1670	83550	6.44112e-063
1671	83600	4.45242e-063
1672	83650	2.9111e-063
1673	83700	2.9111e-063
1674	83750	2.9111e-063
1675	83800	2.02803e-063
1676	83850	2.02635e-063
1677	83900	1.79715e-063
1678	83950	1.79715e-063
1679	84000	8.4895e-064
1680	84050	8.4895e-064
1681	84100	7.94183e-064
1682	84150	7.94183e-064
1683	84200	7.94183e-064
1684	84250	7.94183e-064
1685	84300	7.94183e-064
1686	84350	6.60083e-064
1687	84400	6.30546e-064
1688	84450	6.30546e-064
1689	84500	4.49465e-064
1690	84550	4.49465e-064
1691	84600	2.51305e-064
1692	84650	2.45417e-064
1693	84700	2.45417e-064
1694	84750	2.45417e-064
1695	84800	2.00767e-064
1696	84850	1.57872e-064
1697	84900	1.55026e-064
1698	84950	1.55026e-064
1699	85000	1.54309e-064
1700	85050	1.45945e-064
1701	85100	1.45945e-064
1702	85150	1.45945e-064
1703	85200	1.43695e-064
1704	85250	1.43695e-064
1705	85300	4.62537e-065
1706	85350	4.62537e-065
1707	85400	4.62537e-065
1708	85450	4.62537e-065
1709	85500	2.41488e-065
1710	85550	2.41488e-065
1711	85600	2.41488e-065
1712	85650	2.41488e-065
1713	85700	2.18998e-065
1714	85750	2.18998e-065
1715	85800	1.38936e-065
1716	85850	9.6643e-066
1717	85900	9.6643e-066
1718	85950	8.42952e-066
1719	86000	8.42952e-066
1720	86050	8.42952e-066
1721	86100	8.42952e-066
1722	86150	8.42952e-066
1723	86200	7.12583e-066
1724	86250	6.72005e-066
1725	86300	6.7049e-066
1726	86350	5.43393e-066
1727	86400	5.43393e-066
1728	86450	5.43393e-066
1729	86500	5.43393e-066
1730	86550	5.43393e-066
1731	86600	3.94389e-066
1732	86650	3.94389e-066
1733	86700	3.88324e-066
1734	86750	3.79135e-066
1735	86800	3.79135e-066
1736	86850	3.63709e-066
1737	86900	3.63709e-066
1738	86950	3.20048e-066
1739	87000	3.20048e-066
1740	87050	2.24223e-066
1741	87100	2.24223e-066
1742	87150	1.63114e-066
1743	87200	1.62144e-066
1744	87250	9.26035e-067
1745	87300	8.18264e-067
1746	87350	7.30341e-067
1747	87400	7.30341e-067
1748	87450	7.30341e-067
1749	87500	7.30341e-067
1750	87550	7.30341e-067
1751	87600	5.9234e-067
1752	87650	5.9234e-067
1753	87700	5.14694e-067
1754	87750	5.14694e-067
1755	87800	4.17384e-067
1756	87850	3.33978e-067
1757	87900	3.33978e-067
1758	87950	3.33978e-067
1759	88000	1.46217e-067
1760	88050	1.46217e-067
1761	88100	1.46217e-067
1762	88150	1.46217e-067
1763	88200	1.46217e-067
1764	88250	1.19659e-067
1765	88300	1.19659e-067
1766	88350	1.19659e-067
1767	88400	1.09314e-067
1768	88450	8.03186e-068
1769	88500	6.98256e-068
1770	88550	6.98256e-068
1771	88600	6.98256e-068
1772	88650	6.6592e-068
1773	88700	3.74688e-068
1774	88750	3.14772e-068
1775	88800	3.03986e-068
1776	88850	2.56056e-068
1777	88900	2.56056e-068
1778	88950	2.56056e-068
1779	89000	2.56056e-068
1780	89050	2.56056e-068
1781	89100	2.56056e-068
1782	89150	2.49462e-068
1783	89200	2.49462e-068
1784	89250	2.49462e-068
1785	89300	2.2738e-068
1786	89350	2.24682e-068
1787	89400	1.54419e-068
1788	89450	8.65007e-069
1789	89500	8.65007e-069
1790	89550	8.65007e-069
1791	89600	5.6656e-069
1792	89650	4.36611e-069
1793	89700	4.27825e-069
1794	89750	4.27825e-069
1795	89800	4.27825e-069
1796	89850	4.23316e-069
1797	89900	3.29874e-069
1798	89950	3.29874e-069
1799	90000	3.29874e-069
1800	90050	2.54994e-069
1801	90100	2.54994e-069
1802	90150	2.54994e-069
1803	90200	2.3036e-069
1804	90250	1.948e-069
1805	90300	1.90242e-069
1806	90350	1.90242e-069
1807	90400	1.90242e-069
1808	90450	1.90242e-069
1809	90500	1.62737e-069
1810	90550	1.62737e-069
1811	90600	1.62737e-069
1812	90650	1.62737e-069
1813	90700	1.62737e-069
1814	90750	1.62737e-069
1815	90800	1.29182e-069
1816	90850	9.51893e-070
1817	90900	7.23827e-070
1818	90950	7.23827e-070
1819	91000	4.86334e-070
1820	91050	4.86334e-070
1821	91100	4.8435e-070
1822	91150	4.78684e-070
1823	91200	3.39558e-070
1824	91250	3.39558e-070
1825	91300	3.39558e-070
1826	91350	3.39558e-070
1827	91400	3.37933e-070
1828	91450	3.37933e-070
1829	91500	3.3014e-070
1830	91550	9.51577e-071
1831	91600	9.51577e-071
1832	91650	8.18154e-071
1833	91700	8.18154e-071
1834	91750	7.97521e-071
1835	91800	7.68277e-071
1836	91850	7.68277e-071
1837	91900	5.33925e-071
1838	91950	5.33925e-071
1839	92000	5.33925e-071
1840	92050	5.33925e-071
1841	92100	4.87146e-071
1842	92150	4.87146e-071
1843	92200	4.87146e-071
1844	92250	2.89932e-071
1845	92300	2.70334e-071
1846	92350	2.70334e-071
1847	92400	2.5816e-071
1848	92450	1.37758e-071
1849	92500	8.92454e-072
1850	92550	8.92454e-072
1851	92600	8.92454e-072
1852	92650	8.27044e-072
1853	92700	8.27044e-072
1854	92750	8.27044e-072
1855	92800	7.50056e-072
1856	92850	6.79975e-072
1857	92900	6.79975e-072
1858	92950	6.79975e-072
1859	93000	6.79975e-072
1860	93050	5.25372e-072
1861	93100	4.31142e-072
1862	93150	4.31142e-072
1863	93200	4.31142e-072
1864	93250	4.31142e-072
1865	93300	3.89884e-072
1866	93350	3.43398e-072
1867	93400	3.37313e-072
1868	93450	3.17406e-072
1869	93500	3.17406e-072
1870	93550	3.17406e-072
1871	93600	3.17406e-072
1872	93650	3.10516e-072
1873	93700	3.10516e-072
1874	93750	3.10516e-072
1875	93800	3.10516e-072
1876	93850	3.10516e-072
1877	93900	3.06839e-072
1878	93950	3.06839e-072
1879	94000	6.77599e-073
1880	94050	6.77599e-073
1881	94100	6.77599e-073
1882	94150	6.77599e-073
1883	94200	6.77599e-073
1884	94250	1.95351e-073
1885	94300	1.95351e-073
1886	94350	1.95351e-073
1887	94400	1.95351e-073
1888	94450	1.8113e-073
1889	94500	1.71348e-073
1890	94550	1.37686e-073
1891	94600	1.32995e-073
1892	94650	1.32995e-073
1893	94700	1.32995e-073
1894	94750	1.26898e-073
1895	94800	1.26898e-073
1896	94850	9.90585e-074
1897	94900	8.54282e-074
1898	94950	8.54282e-074
1899	95000	5.52146e-074
1900	95050	3.92341e-074
1901	95100	3.92341e-074
1902	95150	3.76527e-074
1903	95200	3.67716e-074
1904	95250	3.67716e-074
1905	95300	3.67716e-074
1906	95350	2.55478e-074
1907	95400	2.55478e-074
1908	95450	2.55478e-074
1909	95500	2.55478e-074
1910	95550	1.57306e-074
1911	95600	1.47089e-074
1912	95650	1.47089e-074
1913	95700	1.47089e-074
1914	95750	1.46299e-074
1915	95800	9.80522e-075
1916	95850	4.24408e-075
1917	95900	2.84881e-075
1918	95950	2.84881e-075
1919	96000	2.84881e-075
1920	96050	2.84881e-075
1921	96100	2.84881e-075
1922	96150	2.84881e-075
1923	96200	2.84881e-075
1924	96250	2.84881e-075
1925	96300	2.84881e-075
1926	96350	2.84881e-075
1927	96400	2.61525e-075
1928	96450	2.61525e-075
1929	96500	2.61525e-075
1930	96550	2.61525e-075
1931	96600	1.34456e-075
1932	96650	1.26933e-075
1933	96700	1.26933e-075
1934	96750	1.26933e-075
1935	96800	1.09284e-075
1936	96850	1.09284e-075
1937	96900	9.68658e-076
1938	96950	8.19668e-076
1939	97000	7.75522e-076
1940	97050	7.75522e-076
1941	97100	7.75522e-076
1942	97150	7.75522e-076
1943	97200	7.75522e-076
1944	97250	5.79042e-076
1945	97300	5.79042e-076
1946	97350	5.79042e-076
1947	97400	5.79042e-076
1948	97450	5.42944e-076
1949	97500	5.42944e-076
1950	97550	4.34454e-076
1951	97600	4.34454e-076
1952	97650	3.99606e-076
1953	97700	3.99606e-076
1954	97750	3.81926e-076
1955	97800	3.81926e-076
1956	97850	3.81926e-076
1957	97900	3.81926e-076
1958	97950	3.81926e-076
1959	98000	3.71868e-076
1960	98050	3.71868e-076
1961	98100	3.71868e-076
1962	98150	3.17149e-076
1963	98200	3.17149e-076
1964	98250	2.80849e-076
1965	98300	2.41077e-076
1966	98350	2.37333e-076
1967	98400	2.31821e-076
1968	98450	1.86139e-077
1969	98500	1.86139e-077
1970	98550	1.86139e-077
1971	98600	1.86139e-077
1972	98650	1.83151e-077
1973	98700	1.83151e-077
1974	98750	1.63611e-077
1975	98800	4.35449e-078
1976	98850	4.35449e-078
1977	98900	4.35449e-078
1978	98950	4.35449e-078
1979	99000	4.35449e-078
1980	99050	4.35449e-078
1981	99100	4.35449e-078
1982	99150	4.35449e-078
1983	99200	4.35449e-078
1984	99250	4.35449e-078
1985	99300	4.2956e-078
1986	99350	4.2956e-078
1987	99400	1.63674e-078
1988	99450	1.63674e-078
1989	99500	1.58235e-078
1990	99550	1.53963e-078
1991	99600	1.53963e-078
1992	99650	1.53963e-078
1993	99700	1.53963e-078
1994	99750	1.53963e-078
1995	99800	1.53963e-078
1996	99850	1.47718e-078
1997	99900	9.55375e-079
1998	99950	9.55375e-079
1999	100000	9.55375e-079
2000	100050	6.4095e-079
