1	100	0
2	150	1402.56
3	200	1369.7
4	250	1235.43
5	300	1055.86
6	350	1055.86
7	400	911.899
8	450	911.899
9	500	806.082
10	550	675.34
11	600	675.34
12	650	565.055
13	700	564.878
14	750	564.878
15	800	564.878
16	850	564.878
17	900	366.272
18	950	366.272
19	1000	366.272
20	1050	281.423
21	1100	219.149
22	1150	218.874
23	1200	152.223
24	1250	139.323
25	1300	137.881
26	1350	137.881
27	1400	133.5
28	1450	133.5
29	1500	133.5
30	1550	107.134
31	1600	107.134
32	1650	107.134
33	1700	107.134
34	1750	107.134
35	1800	107.134
36	1850	107.134
37	1900	105.087
38	1950	105.087
39	2000	105.087
40	2050	64.7276
41	2100	64.7276
42	2150	64.7276
43	2200	64.7276
44	2250	64.7276
45	2300	64.7276
46	2350	64.7276
47	2400	64.7276
48	2450	64.7276
49	2500	64.7276
50	2550	64.7276
51	2600	64.7276
52	2650	62.8407
53	2700	62.8407
54	2750	62.8407
55	2800	60.791
56	2850	22.3191
57	2900	22.3191
58	2950	18.2957
59	3000	18.2957
60	3050	18.2957
61	3100	18.2957
62	3150	18.2957
63	3200	18.2957
64	3250	18.2957
65	3300	18.2957
66	3350	18.2957
67	3400	18.2957
68	3450	14.6626
69	3500	14.6626
70	3550	14.6626
71	3600	12.5952
72	3650	12.5952
73	3700	12.5952
74	3750	10.6174
75	3800	10.6066
76	3850	10.2079
77	3900	10.2079
78	3950	8.0071
79	4000	6.25254
80	4050	6.25254
81	4100	4.61023
82	4150	4.61023
83	4200	4.61023
84	4250	4.61023
85	4300	4.61023
86	4350	4.61023
87	4400	3.74305
88	4450	3.74305
89	4500	3.74305
90	4550	3.74305
91	4600	2.99258
92	4650	2.99258
93	4700	1.97782
94	4750	1.97782
95	4800	1.94561
96	4850	1.01307
97	4900	1.01307
98	4950	1.01307
99	5000	1.01307
100	5050	1.01307
101	5100	1.01307
102	5150	1.01307
103	5200	0.992155
104	5250	0.992155
105	5300	0.74328
106	5350	0.42567
107	5400	0.42567
108	5450	0.42567
109	5500	0.42567
110	5550	0.42567
111	5600	0.42567
112	5650	0.370395
113	5700	0.363153
114	5750	0.363153
115	5800	0.363153
116	5850	0.363153
117	5900	0.363153
118	5950	0.351956
119	6000	0.351956
120	6050	0.351956
121	6100	0.351956
122	6150	0.351956
123	6200	0.351956
124	6250	0.321925
125	6300	0.276976
126	6350	0.276976
127	6400	0.249468
128	6450	0.249468
129	6500	0.249468
130	6550	0.249468
131	6600	0.249468
132	6650	0.200757
133	6700	0.200757
134	6750	0.200757
135	6800	0.189114
136	6850	0.189114
137	6900	0.184337
138	6950	0.184337
139	7000	0.184337
140	7050	0.159892
141	7100	0.159892
142	7150	0.159105
143	7200	0.159105
144	7250	0.159105
145	7300	0.159105
146	7350	0.108531
147	7400	0.108531
148	7450	0.0965919
149	7500	0.0965919
150	7550	0.0965919
151	7600	0.0965919
152	7650	0.0963668
153	7700	0.0963668
154	7750	0.0329688
155	7800	0.0329688
156	7850	0.0329688
157	7900	0.0329688
158	7950	0.0329688
159	8000	0.0329688
160	8050	0.0329688
161	8100	0.0117227
162	8150	0.0117227
163	8200	0.0116745
164	8250	0.00977121
165	8300	0.00977121
166	8350	0.00977121
167	8400	0.00977121
168	8450	0.00977121
169	8500	0.00977121
170	8550	0.00977121
171	8600	0.00977121
172	8650	0.0070444
173	8700	0.00634933
174	8750	0.00419437
175	8800	0.00419437
176	8850	0.00330859
177	8900	0.00330859
178	8950	0.00328122
179	9000	0.00328122
180	9050	0.00295131
181	9100	0.00295131
182	9150	0.00295131
183	9200	0.00256237
184	9250	0.00256237
185	9300	0.00225454
186	9350	0.00225454
187	9400	0.00225454
188	9450	0.00221391
189	9500	0.00221391
190	9550	0.00215787
191	9600	0.00194992
192	9650	0.0016856
193	9700	0.0016856
194	9750	0.00130383
195	9800	0.00130383
196	9850	0.00129246
197	9900	0.00129246
198	9950	0.00129246
199	10000	0.00129246
200	10050	0.00129246
201	10100	0.00129246
202	10150	0.00129246
203	10200	0.00120815
204	10250	0.00120815
205	10300	0.00120815
206	10350	0.000960175
207	10400	0.000960175
208	10450	0.000855433
209	10500	0.000855433
210	10550	0.000855433
211	10600	0.000855433
212	10650	0.000841996
213	10700	0.000841996
214	10750	0.00077505
215	10800	0.00077505
216	10850	0.00077505
217	10900	0.000774366
218	10950	0.000774366
219	11000	0.000715872
220	11050	0.000715872
221	11100	0.000715872
222	11150	0.000715872
223	11200	0.000715872
224	11250	0.000715872
225	11300	0.000715872
226	11350	0.000712613
227	11400	0.000669807
228	11450	0.000665747
229	11500	0.000665747
230	11550	0.000406523
231	11600	0.000343705
232	11650	0.000343705
233	11700	0.000338348
234	11750	0.000338348
235	11800	0.000338348
236	11850	0.000338348
237	11900	0.000335116
238	11950	0.000335116
239	12000	0.000335116
240	12050	0.000331482
241	12100	0.000325198
242	12150	0.000320495
243	12200	0.000300709
244	12250	0.000300709
245	12300	6.59312e-005
246	12350	6.33578e-005
247	12400	6.33578e-005
248	12450	6.07419e-005
249	12500	2.92723e-005
250	12550	2.73908e-005
251	12600	2.47882e-005
252	12650	2.47882e-005
253	12700	2.47882e-005
254	12750	2.47882e-005
255	12800	2.47882e-005
256	12850	1.68544e-005
257	12900	1.68544e-005
258	12950	1.42618e-005
259	13000	1.42618e-005
260	13050	1.42618e-005
261	13100	1.38013e-005
262	13150	1.38013e-005
263	13200	1.38013e-005
264	13250	5.49986e-006
265	13300	5.49986e-006
266	13350	5.49986e-006
267	13400	5.49986e-006
268	13450	5.49986e-006
269	13500	5.49986e-006
270	13550	4.75456e-006
271	13600	4.73327e-006
272	13650	4.6068e-006
273	13700	4.54266e-006
274	13750	4.54266e-006
275	13800	4.52553e-006
276	13850	4.52553e-006
277	13900	4.52553e-006
278	13950	4.52553e-006
279	14000	4.52553e-006
280	14050	4.52553e-006
281	14100	4.39525e-006
282	14150	4.39525e-006
283	14200	4.32528e-006
284	14250	4.32528e-006
285	14300	4.32528e-006
286	14350	4.32528e-006
287	14400	2.86508e-006
288	14450	2.52201e-006
289	14500	2.52201e-006
290	14550	2.52201e-006
291	14600	2.34041e-006
292	14650	2.25234e-006
293	14700	2.24718e-006
294	14750	2.24718e-006
295	14800	2.24718e-006
296	14850	2.15775e-006
297	14900	1.66087e-006
298	14950	1.53182e-006
299	15000	1.17533e-006
300	15050	1.17533e-006
301	15100	1.0828e-006
302	15150	1.0828e-006
303	15200	1.07503e-006
304	15250	1.07503e-006
305	15300	1.07503e-006
306	15350	5.82273e-007
307	15400	5.18388e-007
308	15450	4.81396e-007
309	15500	4.81396e-007
310	15550	4.81396e-007
311	15600	4.81396e-007
312	15650	3.58014e-007
313	15700	3.58014e-007
314	15750	2.55835e-007
315	15800	2.55835e-007
316	15850	2.55835e-007
317	15900	2.48687e-007
318	15950	2.48687e-007
319	16000	2.09294e-007
320	16050	1.68489e-007
321	16100	1.68489e-007
322	16150	1.68489e-007
323	16200	1.68489e-007
324	16250	1.68489e-007
325	16300	1.68489e-007
326	16350	1.56836e-007
327	16400	1.55766e-007
328	16450	1.55766e-007
329	16500	1.06839e-007
330	16550	1.06839e-007
331	16600	1.06781e-007
332	16650	1.06781e-007
333	16700	1.06781e-007
334	16750	8.48696e-008
335	16800	8.48696e-008
336	16850	8.31284e-008
337	16900	4.2208e-008
338	16950	4.2208e-008
339	17000	4.2208e-008
340	17050	4.2208e-008
341	17100	4.2208e-008
342	17150	4.2208e-008
343	17200	4.2208e-008
344	17250	3.76635e-008
345	17300	3.75843e-008
346	17350	3.75843e-008
347	17400	1.97467e-008
348	17450	1.97467e-008
349	17500	1.97467e-008
350	17550	1.58973e-008
351	17600	1.58973e-008
352	17650	1.58973e-008
353	17700	1.33939e-008
354	17750	1.33939e-008
355	17800	1.15628e-008
356	17850	1.15628e-008
357	17900	1.15628e-008
358	17950	1.15628e-008
359	18000	5.91442e-009
360	18050	5.91442e-009
361	18100	5.91442e-009
362	18150	4.93616e-009
363	18200	3.85668e-009
364	18250	3.85668e-009
365	18300	3.71144e-009
366	18350	3.71144e-009
367	18400	3.71144e-009
368	18450	3.46922e-009
369	18500	1.84421e-009
370	18550	1.383e-009
371	18600	1.383e-009
372	18650	1.35563e-009
373	18700	1.35563e-009
374	18750	1.35563e-009
375	18800	1.31213e-009
376	18850	9.86754e-010
377	18900	9.45006e-010
378	18950	9.45006e-010
379	19000	7.36072e-010
380	19050	7.36072e-010
381	19100	7.36072e-010
382	19150	7.36072e-010
383	19200	6.03277e-010
384	19250	6.03277e-010
385	19300	6.03277e-010
386	19350	4.21901e-010
387	19400	3.15259e-010
388	19450	3.15259e-010
389	19500	3.12648e-010
390	19550	3.11547e-010
391	19600	2.51171e-010
392	19650	2.51171e-010
393	19700	2.51171e-010
394	19750	2.51171e-010
395	19800	2.51171e-010
396	19850	2.51171e-010
397	19900	2.51171e-010
398	19950	2.51171e-010
399	20000	2.51171e-010
400	20050	2.51171e-010
401	20100	2.38272e-010
402	20150	2.38272e-010
403	20200	9.57916e-011
404	20250	9.57916e-011
405	20300	9.57916e-011
406	20350	9.57916e-011
407	20400	7.93028e-011
408	20450	7.93028e-011
409	20500	7.85214e-011
410	20550	7.85214e-011
411	20600	7.85214e-011
412	20650	7.85214e-011
413	20700	7.85214e-011
414	20750	7.85214e-011
415	20800	7.85214e-011
416	20850	2.97318e-011
417	20900	2.97318e-011
418	20950	2.97318e-011
419	21000	2.97318e-011
420	21050	2.97318e-011
421	21100	2.1676e-011
422	21150	2.04881e-011
423	21200	2.04881e-011
424	21250	2.04881e-011
425	21300	2.02249e-011
426	21350	2.02249e-011
427	21400	2.02249e-011
428	21450	2.02249e-011
429	21500	2.02249e-011
430	21550	2.02249e-011
431	21600	2.02249e-011
432	21650	2.02249e-011
433	21700	2.02249e-011
434	21750	2.02249e-011
435	21800	1.73431e-011
436	21850	1.73431e-011
437	21900	1.73431e-011
438	21950	1.73431e-011
439	22000	1.56061e-011
440	22050	1.56061e-011
441	22100	1.56061e-011
442	22150	1.32284e-011
443	22200	1.16556e-011
444	22250	8.93974e-012
445	22300	8.93974e-012
446	22350	6.3893e-012
447	22400	6.3893e-012
448	22450	4.32084e-012
449	22500	4.32084e-012
450	22550	4.32084e-012
451	22600	1.65306e-012
452	22650	1.65306e-012
453	22700	1.65306e-012
454	22750	1.65306e-012
455	22800	1.65306e-012
456	22850	1.65306e-012
457	22900	1.65306e-012
458	22950	1.65306e-012
459	23000	1.65306e-012
460	23050	1.65306e-012
461	23100	1.65306e-012
462	23150	1.65306e-012
463	23200	1.37688e-012
464	23250	6.30558e-013
465	23300	6.30558e-013
466	23350	6.30558e-013
467	23400	6.19704e-013
468	23450	6.19704e-013
469	23500	6.19704e-013
470	23550	6.19704e-013
471	23600	6.19704e-013
472	23650	6.19704e-013
473	23700	6.14522e-013
474	23750	5.55216e-013
475	23800	5.04462e-013
476	23850	4.76786e-013
477	23900	4.76786e-013
478	23950	4.76786e-013
479	24000	4.76786e-013
480	24050	4.29515e-013
481	24100	3.98129e-013
482	24150	4.61771e-014
483	24200	4.61771e-014
484	24250	4.61771e-014
485	24300	4.61771e-014
486	24350	4.61771e-014
487	24400	4.22485e-014
488	24450	4.22485e-014
489	24500	4.22485e-014
490	24550	3.5652e-014
491	24600	3.5652e-014
492	24650	3.35411e-014
493	24700	2.78215e-014
494	24750	2.78215e-014
495	24800	2.78215e-014
496	24850	2.78215e-014
497	24900	2.78215e-014
498	24950	2.78215e-014
499	25000	2.78215e-014
500	25050	2.78215e-014
501	25100	2.78215e-014
502	25150	2.78215e-014
503	25200	2.34879e-014
504	25250	2.34879e-014
505	25300	2.34879e-014
506	25350	2.34879e-014
507	25400	2.34879e-014
508	25450	2.34879e-014
509	25500	2.34879e-014
510	25550	2.34879e-014
511	25600	2.34879e-014
512	25650	2.34879e-014
513	25700	2.34879e-014
514	25750	2.34879e-014
515	25800	2.34879e-014
516	25850	2.34879e-014
517	25900	2.34879e-014
518	25950	2.33055e-014
519	26000	2.33055e-014
520	26050	2.33055e-014
521	26100	2.33055e-014
522	26150	2.33055e-014
523	26200	2.33055e-014
524	26250	2.33055e-014
525	26300	2.33055e-014
526	26350	1.4091e-014
527	26400	1.4091e-014
528	26450	1.4091e-014
529	26500	1.3824e-014
530	26550	1.33842e-014
531	26600	1.31698e-014
532	26650	7.60239e-015
533	26700	6.78532e-015
534	26750	6.78532e-015
535	26800	6.78532e-015
536	26850	6.78532e-015
537	26900	6.72164e-015
538	26950	6.72164e-015
539	27000	6.72164e-015
540	27050	6.72164e-015
541	27100	6.64312e-015
542	27150	6.40819e-015
543	27200	2.30081e-015
544	27250	1.13125e-015
545	27300	1.13125e-015
546	27350	1.13125e-015
547	27400	9.55963e-016
548	27450	7.8669e-016
549	27500	7.8516e-016
550	27550	7.61104e-016
551	27600	7.61104e-016
552	27650	7.61104e-016
553	27700	3.16876e-016
554	27750	3.16876e-016
555	27800	3.16876e-016
556	27850	3.16876e-016
557	27900	3.16876e-016
558	27950	3.16876e-016
559	28000	3.16876e-016
560	28050	3.16876e-016
561	28100	3.16876e-016
562	28150	3.16876e-016
563	28200	3.16876e-016
564	28250	3.16876e-016
565	28300	3.16876e-016
566	28350	2.74998e-016
567	28400	2.57569e-016
568	28450	2.02942e-016
569	28500	9.09338e-017
570	28550	9.09338e-017
571	28600	9.06327e-017
572	28650	9.06327e-017
573	28700	9.06327e-017
574	28750	9.06327e-017
575	28800	8.64951e-017
576	28850	7.616e-017
577	28900	7.616e-017
578	28950	7.616e-017
579	29000	7.616e-017
580	29050	7.108e-017
581	29100	7.108e-017
582	29150	7.108e-017
583	29200	7.108e-017
584	29250	7.108e-017
585	29300	7.108e-017
586	29350	7.108e-017
587	29400	6.62783e-017
588	29450	6.62783e-017
589	29500	6.62783e-017
590	29550	6.62783e-017
591	29600	3.14712e-017
592	29650	3.14712e-017
593	29700	3.14712e-017
594	29750	2.90791e-017
595	29800	1.67556e-017
596	29850	1.67556e-017
597	29900	1.67556e-017
598	29950	1.67556e-017
599	30000	1.03021e-017
600	30050	1.03021e-017
601	30100	1.03021e-017
602	30150	1.02735e-017
603	30200	1.02735e-017
604	30250	1.02735e-017
605	30300	1.02735e-017
606	30350	9.90603e-018
607	30400	9.90603e-018
608	30450	9.90603e-018
609	30500	7.7448e-018
610	30550	6.50973e-018
611	30600	6.20642e-018
612	30650	6.20642e-018
613	30700	6.20642e-018
614	30750	6.20642e-018
615	30800	5.85019e-018
616	30850	5.74906e-018
617	30900	5.74906e-018
618	30950	5.40021e-018
619	31000	3.75125e-018
620	31050	3.18545e-018
621	31100	3.18545e-018
622	31150	3.18545e-018
623	31200	2.28359e-018
624	31250	2.15968e-018
625	31300	1.60444e-018
626	31350	1.60444e-018
627	31400	1.60444e-018
628	31450	1.10449e-018
629	31500	9.07048e-019
630	31550	9.07048e-019
631	31600	9.07048e-019
632	31650	9.07048e-019
633	31700	9.07048e-019
634	31750	9.07048e-019
635	31800	9.07048e-019
636	31850	8.77601e-019
637	31900	8.77601e-019
638	31950	8.67005e-019
639	32000	8.67005e-019
640	32050	8.63778e-019
641	32100	8.30386e-019
642	32150	8.30386e-019
643	32200	8.30386e-019
644	32250	7.86548e-019
645	32300	5.13537e-019
646	32350	4.35527e-019
647	32400	4.33854e-019
648	32450	4.33854e-019
649	32500	4.33854e-019
650	32550	4.33854e-019
651	32600	2.81362e-019
652	32650	2.81362e-019
653	32700	2.81362e-019
654	32750	2.81362e-019
655	32800	2.81362e-019
656	32850	2.81362e-019
657	32900	2.6964e-019
658	32950	2.01258e-019
659	33000	1.99865e-019
660	33050	1.99865e-019
661	33100	1.80274e-019
662	33150	1.80274e-019
663	33200	9.13842e-020
664	33250	9.13842e-020
665	33300	5.90068e-020
666	33350	5.18527e-020
667	33400	5.18527e-020
668	33450	5.18527e-020
669	33500	5.18527e-020
670	33550	5.12713e-020
671	33600	5.12713e-020
672	33650	5.12713e-020
673	33700	5.12713e-020
674	33750	5.12713e-020
675	33800	5.07354e-020
676	33850	4.21581e-020
677	33900	4.21581e-020
678	33950	4.21581e-020
679	34000	3.27409e-020
680	34050	3.27409e-020
681	34100	2.8116e-020
682	34150	2.71151e-020
683	34200	2.46573e-020
684	34250	2.46573e-020
685	34300	1.52771e-020
686	34350	1.52771e-020
687	34400	1.45395e-020
688	34450	1.42836e-020
689	34500	1.15801e-020
690	34550	1.15801e-020
691	34600	8.98757e-021
692	34650	8.98757e-021
693	34700	6.8249e-021
694	34750	4.38228e-021
695	34800	4.28582e-021
696	34850	4.28582e-021
697	34900	3.36021e-021
698	34950	2.14354e-021
699	35000	2.14354e-021
700	35050	2.14354e-021
701	35100	2.14354e-021
702	35150	2.14354e-021
703	35200	2.14354e-021
704	35250	1.74259e-021
705	35300	1.74259e-021
706	35350	1.74259e-021
707	35400	1.74259e-021
708	35450	1.74259e-021
709	35500	1.74259e-021
710	35550	1.74259e-021
711	35600	1.38088e-021
712	35650	1.38088e-021
713	35700	1.38088e-021
714	35750	1.369e-021
715	35800	1.2931e-021
716	35850	1.25567e-021
717	35900	1.25567e-021
718	35950	1.11582e-021
719	36000	1.11582e-021
720	36050	1.11582e-021
721	36100	1.11582e-021
722	36150	1.03678e-021
723	36200	1.03678e-021
724	36250	1.01739e-021
725	36300	9.81063e-022
726	36350	9.60418e-022
727	36400	9.60418e-022
728	36450	9.60418e-022
729	36500	9.48984e-022
730	36550	9.48984e-022
731	36600	3.07237e-022
732	36650	3.05227e-022
733	36700	3.05227e-022
734	36750	2.67149e-022
735	36800	2.37313e-022
736	36850	2.37313e-022
737	36900	2.30355e-022
738	36950	9.53966e-023
739	37000	9.53966e-023
740	37050	9.53966e-023
741	37100	9.53966e-023
742	37150	8.99335e-023
743	37200	3.56453e-023
744	37250	3.56453e-023
745	37300	3.56453e-023
746	37350	3.56453e-023
747	37400	3.56453e-023
748	37450	3.56453e-023
749	37500	3.56453e-023
750	37550	2.5486e-023
751	37600	2.5486e-023
752	37650	2.5486e-023
753	37700	2.5486e-023
754	37750	2.5486e-023
755	37800	2.37544e-023
756	37850	2.37544e-023
757	37900	2.37544e-023
758	37950	2.37544e-023
759	38000	2.37544e-023
760	38050	2.37355e-023
761	38100	2.37355e-023
762	38150	2.24293e-023
763	38200	2.24293e-023
764	38250	1.77669e-023
765	38300	1.77669e-023
766	38350	1.77669e-023
767	38400	5.65348e-024
768	38450	5.62675e-024
769	38500	5.62675e-024
770	38550	5.20453e-024
771	38600	5.20453e-024
772	38650	4.85857e-024
773	38700	4.85857e-024
774	38750	4.85857e-024
775	38800	4.85857e-024
776	38850	4.85857e-024
777	38900	4.85857e-024
778	38950	4.85857e-024
779	39000	3.95489e-024
780	39050	3.95489e-024
781	39100	3.89897e-024
782	39150	3.16247e-024
783	39200	3.16247e-024
784	39250	2.90639e-024
785	39300	2.90639e-024
786	39350	2.90639e-024
787	39400	2.90536e-024
788	39450	2.90536e-024
789	39500	2.77711e-024
790	39550	2.77711e-024
791	39600	2.77711e-024
792	39650	2.70085e-024
793	39700	2.6942e-024
794	39750	2.6942e-024
795	39800	2.67104e-024
796	39850	2.61622e-024
797	39900	2.61622e-024
798	39950	2.61622e-024
799	40000	2.61622e-024
800	40050	2.61622e-024
801	40100	2.61622e-024
802	40150	2.52757e-024
803	40200	2.52425e-024
804	40250	2.52363e-024
805	40300	2.52363e-024
806	40350	2.52363e-024
807	40400	2.48163e-024
808	40450	2.48163e-024
809	40500	2.48163e-024
810	40550	1.17757e-024
811	40600	6.74548e-025
812	40650	6.74548e-025
813	40700	6.5277e-025
814	40750	6.5277e-025
815	40800	6.5277e-025
816	40850	6.5277e-025
817	40900	6.2106e-025
818	40950	6.2106e-025
819	41000	9.12162e-026
820	41050	9.12162e-026
821	41100	9.12162e-026
822	41150	9.12162e-026
823	41200	9.12162e-026
824	41250	9.12162e-026
825	41300	9.12162e-026
826	41350	9.12162e-026
827	41400	9.12162e-026
828	41450	9.12162e-026
829	41500	7.88623e-026
830	41550	7.88623e-026
831	41600	7.88623e-026
832	41650	7.88623e-026
833	41700	7.88623e-026
834	41750	5.69292e-026
835	41800	5.48474e-026
836	41850	5.48474e-026
837	41900	3.8799e-026
838	41950	2.78193e-026
839	42000	2.78193e-026
840	42050	2.78193e-026
841	42100	2.78193e-026
842	42150	2.7703e-026
843	42200	2.7703e-026
844	42250	2.27662e-026
845	42300	2.27662e-026
846	42350	1.58208e-026
847	42400	1.58208e-026
848	42450	1.58208e-026
849	42500	1.47014e-026
850	42550	1.45971e-026
851	42600	1.45971e-026
852	42650	1.06139e-026
853	42700	1.06139e-026
854	42750	1.06139e-026
855	42800	1.06139e-026
856	42850	1.06139e-026
857	42900	1.03897e-026
858	42950	7.0865e-027
859	43000	6.97021e-027
860	43050	6.97021e-027
861	43100	6.97021e-027
862	43150	6.97021e-027
863	43200	6.97021e-027
864	43250	6.97021e-027
865	43300	6.97021e-027
866	43350	6.97021e-027
867	43400	5.7504e-027
868	43450	5.7504e-027
869	43500	2.1164e-027
870	43550	2.1164e-027
871	43600	2.1164e-027
872	43650	2.1164e-027
873	43700	1.71949e-027
874	43750	1.71949e-027
875	43800	1.71949e-027
876	43850	1.71949e-027
877	43900	1.70808e-027
878	43950	1.70808e-027
879	44000	1.19628e-027
880	44050	1.19628e-027
881	44100	1.19628e-027
882	44150	1.10646e-027
883	44200	1.10646e-027
884	44250	9.28591e-028
885	44300	9.20431e-028
886	44350	9.20431e-028
887	44400	9.20431e-028
888	44450	8.58848e-028
889	44500	8.58848e-028
890	44550	8.58848e-028
891	44600	8.55202e-028
892	44650	8.49728e-028
893	44700	8.49728e-028
894	44750	8.64179e-029
895	44800	8.64179e-029
896	44850	8.64179e-029
897	44900	8.64179e-029
898	44950	8.64179e-029
899	45000	8.64179e-029
900	45050	8.64179e-029
901	45100	8.64179e-029
902	45150	7.68172e-029
903	45200	7.68172e-029
904	45250	7.68172e-029
905	45300	7.30969e-029
906	45350	6.56364e-029
907	45400	6.56364e-029
908	45450	4.64e-029
909	45500	4.64e-029
910	45550	4.64e-029
911	45600	4.64e-029
912	45650	4.64e-029
913	45700	3.65814e-029
914	45750	8.44043e-030
915	45800	8.44043e-030
916	45850	8.44043e-030
917	45900	8.44043e-030
918	45950	8.44043e-030
919	46000	8.44043e-030
920	46050	8.44043e-030
921	46100	8.09157e-030
922	46150	8.09157e-030
923	46200	8.09157e-030
924	46250	7.716e-030
925	46300	7.716e-030
926	46350	7.716e-030
927	46400	7.716e-030
928	46450	7.63275e-030
929	46500	7.63275e-030
930	46550	7.63275e-030
931	46600	7.63275e-030
932	46650	7.63275e-030
933	46700	7.63275e-030
934	46750	6.81244e-030
935	46800	6.81244e-030
936	46850	6.81244e-030
937	46900	6.81244e-030
938	46950	6.81244e-030
939	47000	5.59532e-030
940	47050	5.54968e-030
941	47100	5.54968e-030
942	47150	4.80287e-030
943	47200	4.80287e-030
944	47250	4.59224e-030
945	47300	4.59224e-030
946	47350	2.12648e-030
947	47400	2.12648e-030
948	47450	2.0373e-030
949	47500	2.02335e-030
950	47550	1.89522e-030
951	47600	1.53269e-030
952	47650	1.27023e-030
953	47700	1.26678e-030
954	47750	1.01106e-030
955	47800	1.01106e-030
956	47850	1.01106e-030
957	47900	1.01106e-030
958	47950	6.7516e-031
959	48000	6.7516e-031
960	48050	4.86564e-031
961	48100	4.86564e-031
962	48150	4.86564e-031
963	48200	4.86564e-031
964	48250	3.03185e-031
965	48300	3.00527e-031
966	48350	3.00527e-031
967	48400	3.00527e-031
968	48450	2.94548e-031
969	48500	2.73945e-031
970	48550	2.73945e-031
971	48600	2.58928e-031
972	48650	2.58928e-031
973	48700	2.58928e-031
974	48750	2.58928e-031
975	48800	2.05379e-031
976	48850	1.4772e-031
977	48900	6.1183e-032
978	48950	6.1183e-032
979	49000	4.07617e-032
980	49050	4.07617e-032
981	49100	3.7867e-032
982	49150	2.42175e-032
983	49200	2.42175e-032
984	49250	2.42175e-032
985	49300	2.40348e-032
986	49350	2.35606e-032
987	49400	2.35606e-032
988	49450	2.31727e-032
989	49500	2.31727e-032
990	49550	2.2983e-032
991	49600	2.2983e-032
992	49650	2.2983e-032
993	49700	1.96762e-032
994	49750	1.96762e-032
995	49800	1.96762e-032
996	49850	1.96762e-032
997	49900	1.96762e-032
998	49950	1.68532e-032
999	50000	1.613e-032
1000	50050	1.45661e-032
1001	50100	1.45661e-032
1002	50150	1.32715e-032
1003	50200	1.32715e-032
1004	50250	1.15184e-032
1005	50300	1.15184e-032
1006	50350	1.15184e-032
1007	50400	1.14685e-032
1008	50450	1.14685e-032
1009	50500	1.14685e-032
1010	50550	1.11722e-032
1011	50600	1.08919e-032
1012	50650	8.94176e-033
1013	50700	8.90411e-033
1014	50750	8.90411e-033
1015	50800	6.62199e-033
1016	50850	4.90082e-033
1017	50900	4.90082e-033
1018	50950	4.75281e-033
1019	51000	4.75281e-033
1020	51050	4.61982e-033
1021	51100	4.33187e-033
1022	51150	1.66056e-033
1023	51200	1.66056e-033
1024	51250	9.42607e-034
1025	51300	8.61395e-034
1026	51350	8.61395e-034
1027	51400	8.61395e-034
1028	51450	5.43537e-034
1029	51500	4.23949e-034
1030	51550	4.23949e-034
1031	51600	4.23949e-034
1032	51650	3.58973e-034
1033	51700	2.73862e-034
1034	51750	2.73862e-034
1035	51800	2.73862e-034
1036	51850	2.62443e-034
1037	51900	2.60847e-034
1038	51950	2.60847e-034
1039	52000	1.57841e-034
1040	52050	1.57841e-034
1041	52100	1.56794e-034
1042	52150	1.56794e-034
1043	52200	1.56794e-034
1044	52250	1.56794e-034
1045	52300	1.56794e-034
1046	52350	1.56794e-034
1047	52400	1.51374e-034
1048	52450	1.51374e-034
1049	52500	1.51374e-034
1050	52550	1.51374e-034
1051	52600	1.51374e-034
1052	52650	1.51374e-034
1053	52700	6.18545e-035
1054	52750	6.18545e-035
1055	52800	5.85383e-035
1056	52850	5.85383e-035
1057	52900	5.62976e-035
1058	52950	5.62976e-035
1059	53000	5.62976e-035
1060	53050	5.62976e-035
1061	53100	5.62976e-035
1062	53150	5.18453e-035
1063	53200	5.18453e-035
1064	53250	5.18453e-035
1065	53300	5.18453e-035
1066	53350	5.0106e-035
1067	53400	5.0106e-035
1068	53450	2.21187e-035
1069	53500	2.21187e-035
1070	53550	1.65084e-035
1071	53600	1.65084e-035
1072	53650	1.65084e-035
1073	53700	1.65084e-035
1074	53750	1.02729e-035
1075	53800	5.74991e-036
1076	53850	5.74991e-036
1077	53900	5.74991e-036
1078	53950	5.74991e-036
1079	54000	5.74991e-036
1080	54050	5.74991e-036
1081	54100	4.57168e-036
1082	54150	4.57168e-036
1083	54200	3.8754e-036
1084	54250	3.39539e-036
1085	54300	2.14929e-036
1086	54350	1.79978e-036
1087	54400	8.30243e-037
1088	54450	8.30243e-037
1089	54500	8.30243e-037
1090	54550	8.30243e-037
1091	54600	8.30243e-037
1092	54650	8.30243e-037
1093	54700	8.30243e-037
1094	54750	8.30243e-037
1095	54800	8.30243e-037
1096	54850	8.30243e-037
1097	54900	6.84702e-037
1098	54950	6.84702e-037
1099	55000	6.84702e-037
1100	55050	6.84702e-037
1101	55100	6.67461e-037
1102	55150	6.67461e-037
1103	55200	6.11832e-037
1104	55250	6.11832e-037
1105	55300	5.83403e-037
1106	55350	5.83403e-037
1107	55400	4.54844e-037
1108	55450	4.54844e-037
1109	55500	3.97604e-037
1110	55550	3.14011e-037
1111	55600	2.90651e-037
1112	55650	2.90651e-037
1113	55700	2.72076e-037
1114	55750	2.72076e-037
1115	55800	2.72076e-037
1116	55850	2.72076e-037
1117	55900	1.9275e-037
1118	55950	1.91952e-037
1119	56000	1.91952e-037
1120	56050	1.91952e-037
1121	56100	1.91952e-037
1122	56150	1.91952e-037
1123	56200	1.91952e-037
1124	56250	1.3758e-037
1125	56300	1.29341e-037
1126	56350	1.29141e-037
1127	56400	5.42648e-038
1128	56450	5.42648e-038
1129	56500	5.42648e-038
1130	56550	5.42648e-038
1131	56600	5.42648e-038
1132	56650	5.42648e-038
1133	56700	5.42648e-038
1134	56750	5.42648e-038
1135	56800	5.42648e-038
1136	56850	4.33737e-038
1137	56900	4.33737e-038
1138	56950	4.33737e-038
1139	57000	4.25823e-038
1140	57050	4.08132e-038
1141	57100	4.08132e-038
1142	57150	4.06837e-038
1143	57200	4.06837e-038
1144	57250	3.91434e-038
1145	57300	3.85037e-038
1146	57350	3.85037e-038
1147	57400	3.16274e-038
1148	57450	3.16026e-038
1149	57500	3.16026e-038
1150	57550	3.16026e-038
1151	57600	8.56008e-039
1152	57650	8.45216e-039
1153	57700	8.32493e-039
1154	57750	8.15197e-039
1155	57800	7.92949e-039
1156	57850	7.90078e-039
1157	57900	3.47177e-039
1158	57950	3.14461e-039
1159	58000	2.81914e-039
1160	58050	2.81914e-039
1161	58100	2.81914e-039
1162	58150	1.09735e-039
1163	58200	1.09735e-039
1164	58250	8.03732e-040
1165	58300	8.03732e-040
1166	58350	8.03732e-040
1167	58400	8.03732e-040
1168	58450	5.22224e-040
1169	58500	5.22224e-040
1170	58550	5.22224e-040
1171	58600	5.22224e-040
1172	58650	5.22224e-040
1173	58700	5.22224e-040
1174	58750	5.22224e-040
1175	58800	5.22224e-040
1176	58850	5.22224e-040
1177	58900	5.22224e-040
1178	58950	5.22224e-040
1179	59000	5.22224e-040
1180	59050	5.22224e-040
1181	59100	5.22224e-040
1182	59150	4.36592e-040
1183	59200	4.25812e-040
1184	59250	4.25812e-040
1185	59300	3.13931e-040
1186	59350	3.13931e-040
1187	59400	3.13931e-040
1188	59450	3.05124e-040
1189	59500	2.74456e-040
1190	59550	2.1774e-040
1191	59600	2.1774e-040
1192	59650	2.15329e-040
1193	59700	2.15329e-040
1194	59750	2.15329e-040
1195	59800	1.12e-040
1196	59850	1.12e-040
1197	59900	1.0933e-040
1198	59950	1.0933e-040
1199	60000	1.08862e-040
1200	60050	1.08862e-040
1201	60100	9.96992e-041
1202	60150	9.96992e-041
1203	60200	9.37603e-041
1204	60250	9.37603e-041
1205	60300	9.29315e-041
1206	60350	9.20749e-041
1207	60400	6.44019e-041
1208	60450	6.44019e-041
1209	60500	6.44019e-041
1210	60550	6.44019e-041
1211	60600	1.8538e-041
1212	60650	1.82733e-041
1213	60700	1.66577e-041
1214	60750	1.37397e-041
1215	60800	1.37397e-041
1216	60850	1.12494e-041
1217	60900	1.09532e-041
1218	60950	1.09532e-041
1219	61000	1.09532e-041
1220	61050	1.02474e-041
1221	61100	9.41613e-042
1222	61150	7.32821e-042
1223	61200	2.70332e-042
1224	61250	2.70332e-042
1225	61300	2.70332e-042
1226	61350	2.70332e-042
1227	61400	2.6153e-042
1228	61450	2.6153e-042
1229	61500	1.73949e-042
1230	61550	1.73949e-042
1231	61600	1.73949e-042
1232	61650	1.72632e-042
1233	61700	1.72632e-042
1234	61750	1.72632e-042
1235	61800	1.72632e-042
1236	61850	1.72632e-042
1237	61900	1.72632e-042
1238	61950	1.30659e-042
1239	62000	1.30659e-042
1240	62050	1.30659e-042
1241	62100	1.30659e-042
1242	62150	1.30659e-042
1243	62200	1.2606e-042
1244	62250	8.36602e-043
1245	62300	8.36602e-043
1246	62350	8.36602e-043
1247	62400	8.36602e-043
1248	62450	8.29245e-043
1249	62500	2.91796e-043
1250	62550	2.91796e-043
1251	62600	2.91796e-043
1252	62650	2.91796e-043
1253	62700	2.91796e-043
1254	62750	2.91796e-043
1255	62800	2.68055e-043
1256	62850	2.68055e-043
1257	62900	2.68055e-043
1258	62950	2.68055e-043
1259	63000	2.67313e-043
1260	63050	2.46084e-043
1261	63100	2.22292e-043
1262	63150	2.22292e-043
1263	63200	2.22292e-043
1264	63250	2.21134e-043
1265	63300	2.19658e-043
1266	63350	2.1534e-043
1267	63400	2.1534e-043
1268	63450	1.43974e-043
1269	63500	1.43974e-043
1270	63550	1.43974e-043
1271	63600	1.34024e-043
1272	63650	1.34024e-043
1273	63700	1.34024e-043
1274	63750	8.51734e-044
1275	63800	8.50126e-044
1276	63850	6.23528e-044
1277	63900	3.17976e-044
1278	63950	3.13649e-044
1279	64000	3.13649e-044
1280	64050	3.13649e-044
1281	64100	3.13649e-044
1282	64150	3.13649e-044
1283	64200	3.13649e-044
1284	64250	3.08725e-044
1285	64300	3.06567e-044
1286	64350	3.05393e-044
1287	64400	3.05393e-044
1288	64450	9.90946e-045
1289	64500	9.90946e-045
1290	64550	9.90946e-045
1291	64600	9.90946e-045
1292	64650	9.90946e-045
1293	64700	9.82525e-045
1294	64750	9.82525e-045
1295	64800	9.25085e-045
1296	64850	4.70281e-045
1297	64900	4.70281e-045
1298	64950	4.70281e-045
1299	65000	4.70281e-045
1300	65050	4.70281e-045
1301	65100	4.70281e-045
1302	65150	1.66954e-045
1303	65200	1.66954e-045
1304	65250	1.66954e-045
1305	65300	1.63915e-045
1306	65350	1.63915e-045
1307	65400	5.86708e-046
1308	65450	5.86708e-046
1309	65500	5.86708e-046
1310	65550	5.86708e-046
1311	65600	5.86708e-046
1312	65650	5.86708e-046
1313	65700	5.69192e-046
1314	65750	5.25732e-046
1315	65800	3.58077e-046
1316	65850	3.58077e-046
1317	65900	3.0409e-046
1318	65950	2.51376e-046
1319	66000	1.95343e-046
1320	66050	1.95343e-046
1321	66100	1.95343e-046
1322	66150	8.18321e-047
1323	66200	8.18321e-047
1324	66250	8.18321e-047
1325	66300	8.18321e-047
1326	66350	8.17575e-047
1327	66400	8.17575e-047
1328	66450	8.17575e-047
1329	66500	8.17575e-047
1330	66550	7.9663e-047
1331	66600	7.41279e-047
1332	66650	7.1148e-047
1333	66700	7.1148e-047
1334	66750	6.42082e-047
1335	66800	5.3911e-047
1336	66850	5.3911e-047
1337	66900	5.3911e-047
1338	66950	5.3911e-047
1339	67000	5.31655e-047
1340	67050	5.31655e-047
1341	67100	5.31655e-047
1342	67150	5.31655e-047
1343	67200	5.31655e-047
1344	67250	5.31655e-047
1345	67300	5.07848e-047
1346	67350	5.07848e-047
1347	67400	5.07848e-047
1348	67450	5.07848e-047
1349	67500	5.02792e-047
1350	67550	5.01704e-047
1351	67600	5.01704e-047
1352	67650	5.01704e-047
1353	67700	5.00264e-047
1354	67750	5.00264e-047
1355	67800	4.61473e-047
1356	67850	4.01232e-047
1357	67900	3.98839e-047
1358	67950	3.98839e-047
1359	68000	3.98839e-047
1360	68050	3.89465e-047
1361	68100	3.89465e-047
1362	68150	3.8944e-047
1363	68200	3.8944e-047
1364	68250	3.8944e-047
1365	68300	3.50315e-047
1366	68350	3.50315e-047
1367	68400	3.50315e-047
1368	68450	3.49788e-047
1369	68500	3.49586e-047
1370	68550	3.48879e-047
1371	68600	3.4875e-047
1372	68650	3.4875e-047
1373	68700	3.4875e-047
1374	68750	3.3531e-047
1375	68800	3.3531e-047
1376	68850	3.3531e-047
1377	68900	3.3531e-047
1378	68950	3.3531e-047
1379	69000	3.34738e-047
1380	69050	3.34738e-047
1381	69100	3.34738e-047
1382	69150	9.25229e-048
1383	69200	9.25229e-048
1384	69250	9.14162e-048
1385	69300	9.14162e-048
1386	69350	9.14162e-048
1387	69400	6.40076e-048
1388	69450	1.29113e-048
1389	69500	1.29113e-048
1390	69550	1.29106e-048
1391	69600	7.46446e-049
1392	69650	7.46446e-049
1393	69700	7.17216e-049
1394	69750	6.72641e-049
1395	69800	6.72641e-049
1396	69850	6.8759e-050
1397	69900	6.8759e-050
1398	69950	6.8759e-050
1399	70000	5.53495e-050
1400	70050	5.53495e-050
1401	70100	5.53495e-050
1402	70150	5.45735e-050
1403	70200	5.44566e-050
1404	70250	5.44566e-050
1405	70300	5.44566e-050
1406	70350	4.9325e-050
1407	70400	4.9325e-050
1408	70450	4.9325e-050
1409	70500	4.9325e-050
1410	70550	4.9325e-050
1411	70600	1.0242e-050
1412	70650	6.84814e-051
1413	70700	6.84814e-051
1414	70750	6.84814e-051
1415	70800	6.84814e-051
1416	70850	6.20474e-051
1417	70900	6.20474e-051
1418	70950	6.20474e-051
1419	71000	6.20474e-051
1420	71050	6.16551e-051
1421	71100	6.16551e-051
1422	71150	6.16551e-051
1423	71200	6.03652e-051
1424	71250	3.57711e-051
1425	71300	2.99859e-051
1426	71350	2.54737e-051
1427	71400	2.54737e-051
1428	71450	2.54737e-051
1429	71500	2.54737e-051
1430	71550	2.54737e-051
1431	71600	2.54737e-051
1432	71650	2.54737e-051
1433	71700	2.54737e-051
1434	71750	2.54737e-051
1435	71800	2.54737e-051
1436	71850	2.40802e-051
1437	71900	2.40802e-051
1438	71950	1.8037e-051
1439	72000	1.8037e-051
1440	72050	1.8037e-051
1441	72100	1.8037e-051
1442	72150	1.8037e-051
1443	72200	8.12004e-052
1444	72250	8.12004e-052
1445	72300	6.0397e-052
1446	72350	3.29709e-052
1447	72400	3.29709e-052
1448	72450	2.46567e-052
1449	72500	2.46567e-052
1450	72550	2.46567e-052
1451	72600	2.46567e-052
1452	72650	2.46567e-052
1453	72700	2.46567e-052
1454	72750	2.46567e-052
1455	72800	2.36336e-052
1456	72850	1.42675e-052
1457	72900	1.31524e-052
1458	72950	1.29323e-052
1459	73000	1.24954e-052
1460	73050	6.75201e-053
1461	73100	6.75201e-053
1462	73150	6.75201e-053
1463	73200	6.75201e-053
1464	73250	6.75201e-053
1465	73300	4.99963e-053
1466	73350	4.28493e-053
1467	73400	4.28493e-053
1468	73450	4.28493e-053
1469	73500	3.76126e-053
1470	73550	3.76126e-053
1471	73600	3.76126e-053
1472	73650	3.76126e-053
1473	73700	3.50904e-053
1474	73750	3.49753e-053
1475	73800	3.49753e-053
1476	73850	3.49753e-053
1477	73900	2.47862e-053
1478	73950	2.43595e-053
1479	74000	2.04634e-053
1480	74050	2.04634e-053
1481	74100	1.84022e-053
1482	74150	1.84022e-053
1483	74200	1.83195e-053
1484	74250	1.83195e-053
1485	74300	1.83195e-053
1486	74350	1.83195e-053
1487	74400	1.15502e-053
1488	74450	1.15502e-053
1489	74500	1.15502e-053
1490	74550	5.20351e-054
1491	74600	4.0927e-054
1492	74650	3.00486e-054
1493	74700	1.25124e-054
1494	74750	1.01964e-054
1495	74800	1.01964e-054
1496	74850	1.01964e-054
1497	74900	1.01964e-054
1498	74950	1.01964e-054
1499	75000	8.40281e-055
1500	75050	8.40281e-055
1501	75100	8.40281e-055
1502	75150	7.66779e-055
1503	75200	7.18453e-055
1504	75250	7.18453e-055
1505	75300	3.30343e-055
1506	75350	3.30343e-055
1507	75400	3.30343e-055
1508	75450	2.47993e-055
1509	75500	2.47993e-055
1510	75550	2.47993e-055
1511	75600	2.47993e-055
1512	75650	2.47993e-055
1513	75700	2.47993e-055
1514	75750	2.47993e-055
1515	75800	2.47993e-055
1516	75850	2.17067e-055
1517	75900	1.80221e-055
1518	75950	1.80221e-055
1519	76000	1.80221e-055
1520	76050	1.80221e-055
1521	76100	1.80221e-055
1522	76150	1.80221e-055
1523	76200	1.79554e-055
1524	76250	1.79554e-055
1525	76300	1.69831e-055
1526	76350	1.51995e-055
1527	76400	1.51995e-055
1528	76450	1.51995e-055
1529	76500	1.51995e-055
1530	76550	1.02841e-055
1531	76600	1.02841e-055
1532	76650	1.02131e-055
1533	76700	8.13047e-056
1534	76750	8.13047e-056
1535	76800	8.13047e-056
1536	76850	8.13047e-056
1537	76900	3.22133e-056
1538	76950	1.30191e-056
1539	77000	1.30191e-056
1540	77050	1.30191e-056
1541	77100	1.24854e-056
1542	77150	1.07737e-056
1543	77200	1.07737e-056
1544	77250	1.07737e-056
1545	77300	5.93315e-057
1546	77350	5.93315e-057
1547	77400	5.93315e-057
1548	77450	5.93315e-057
1549	77500	5.93315e-057
1550	77550	5.93315e-057
1551	77600	5.93315e-057
1552	77650	5.67468e-057
1553	77700	5.48886e-057
1554	77750	5.48886e-057
1555	77800	4.95057e-057
1556	77850	4.95057e-057
1557	77900	4.9469e-057
1558	77950	4.9469e-057
1559	78000	4.9469e-057
1560	78050	4.9469e-057
1561	78100	4.9469e-057
1562	78150	3.86962e-057
1563	78200	3.86962e-057
1564	78250	2.90316e-057
1565	78300	2.90316e-057
1566	78350	2.81916e-057
1567	78400	2.81916e-057
1568	78450	2.81916e-057
1569	78500	2.81916e-057
1570	78550	2.66909e-057
1571	78600	2.66909e-057
1572	78650	2.66909e-057
1573	78700	2.66909e-057
1574	78750	2.14528e-057
1575	78800	9.27425e-058
1576	78850	6.56435e-058
1577	78900	6.56435e-058
1578	78950	5.46215e-058
1579	79000	5.16353e-058
1580	79050	4.90432e-058
1581	79100	4.13696e-058
1582	79150	4.13696e-058
1583	79200	3.46694e-058
1584	79250	3.46694e-058
1585	79300	3.46694e-058
1586	79350	3.46694e-058
1587	79400	1.97831e-058
1588	79450	1.97831e-058
1589	79500	7.07325e-059
1590	79550	5.47929e-059
1591	79600	5.47929e-059
1592	79650	5.47929e-059
1593	79700	5.47929e-059
1594	79750	5.47929e-059
1595	79800	5.47929e-059
1596	79850	4.51974e-059
1597	79900	4.51974e-059
1598	79950	4.51974e-059
1599	80000	4.51974e-059
1600	80050	4.51974e-059
1601	80100	4.51506e-059
1602	80150	4.35335e-059
1603	80200	4.35335e-059
1604	80250	4.35335e-059
1605	80300	2.10963e-059
1606	80350	2.10963e-059
1607	80400	1.70517e-059
1608	80450	1.70517e-059
1609	80500	1.70517e-059
1610	80550	1.70517e-059
1611	80600	1.70517e-059
1612	80650	9.59408e-060
1613	80700	9.59408e-060
1614	80750	4.64528e-060
1615	80800	4.64528e-060
1616	80850	4.64528e-060
1617	80900	4.28908e-060
1618	80950	4.28908e-060
1619	81000	4.28908e-060
1620	81050	3.20928e-060
1621	81100	3.20928e-060
1622	81150	2.85907e-060
1623	81200	2.85907e-060
1624	81250	2.85907e-060
1625	81300	2.00845e-060
1626	81350	2.00845e-060
1627	81400	1.86185e-060
1628	81450	1.86185e-060
1629	81500	1.53541e-060
1630	81550	1.53541e-060
1631	81600	1.50022e-060
1632	81650	1.50022e-060
1633	81700	1.50022e-060
1634	81750	1.10697e-060
1635	81800	1.10274e-060
1636	81850	1.10274e-060
1637	81900	1.0185e-060
1638	81950	7.22682e-061
1639	82000	3.99333e-061
1640	82050	3.99333e-061
1641	82100	2.77979e-061
1642	82150	2.77979e-061
1643	82200	1.11423e-061
1644	82250	9.9336e-062
1645	82300	9.9336e-062
1646	82350	9.18099e-062
1647	82400	8.16026e-062
1648	82450	8.02474e-062
1649	82500	5.64023e-062
1650	82550	5.64023e-062
1651	82600	5.64023e-062
1652	82650	5.64023e-062
1653	82700	5.64023e-062
1654	82750	5.64023e-062
1655	82800	5.64023e-062
1656	82850	5.64023e-062
1657	82900	5.64023e-062
1658	82950	5.64023e-062
1659	83000	5.64023e-062
1660	83050	5.64023e-062
1661	83100	5.64023e-062
1662	83150	5.64023e-062
1663	83200	5.64023e-062
1664	83250	5.64023e-062
1665	83300	5.64023e-062
1666	83350	5.64023e-062
1667	83400	4.208e-062
1668	83450	4.208e-062
1669	83500	3.22205e-062
1670	83550	2.22216e-062
1671	83600	2.22216e-062
1672	83650	1.86735e-062
1673	83700	1.86735e-062
1674	83750	1.86735e-062
1675	83800	1.86735e-062
1676	83850	1.86107e-062
1677	83900	1.8565e-062
1678	83950	1.8565e-062
1679	84000	1.78918e-062
1680	84050	7.82303e-063
1681	84100	7.82303e-063
1682	84150	7.82303e-063
1683	84200	7.57432e-063
1684	84250	7.57432e-063
1685	84300	7.57432e-063
1686	84350	5.60589e-063
1687	84400	5.60589e-063
1688	84450	3.10789e-063
1689	84500	3.10789e-063
1690	84550	3.10789e-063
1691	84600	3.10789e-063
1692	84650	2.06807e-063
1693	84700	2.06733e-063
1694	84750	2.06733e-063
1695	84800	2.06733e-063
1696	84850	2.06733e-063
1697	84900	2.06733e-063
1698	84950	2.06733e-063
1699	85000	1.52846e-063
1700	85050	1.52846e-063
1701	85100	1.52846e-063
1702	85150	1.29075e-063
1703	85200	1.29075e-063
1704	85250	1.29075e-063
1705	85300	1.29075e-063
1706	85350	1.29074e-063
1707	85400	1.29074e-063
1708	85450	9.3959e-064
1709	85500	9.3959e-064
1710	85550	9.3959e-064
1711	85600	9.39175e-064
1712	85650	9.31513e-064
1713	85700	9.31513e-064
1714	85750	9.13622e-064
1715	85800	7.35632e-064
1716	85850	7.35632e-064
1717	85900	7.35632e-064
1718	85950	7.35632e-064
1719	86000	7.30552e-064
1720	86050	5.00617e-064
1721	86100	3.89092e-064
1722	86150	3.89092e-064
1723	86200	3.48915e-064
1724	86250	3.114e-064
1725	86300	3.10133e-064
1726	86350	3.09668e-064
1727	86400	3.09668e-064
1728	86450	3.08437e-064
1729	86500	3.08437e-064
1730	86550	3.07534e-064
1731	86600	3.06814e-064
1732	86650	3.06814e-064
1733	86700	3.06814e-064
1734	86750	3.02473e-064
1735	86800	3.02473e-064
1736	86850	3.00807e-064
1737	86900	2.94022e-064
1738	86950	2.82659e-064
1739	87000	2.82659e-064
1740	87050	1.71798e-065
1741	87100	1.71798e-065
1742	87150	1.71798e-065
1743	87200	1.71798e-065
1744	87250	1.71798e-065
1745	87300	1.52381e-065
1746	87350	1.52381e-065
1747	87400	3.3168e-066
1748	87450	3.3168e-066
1749	87500	3.3168e-066
1750	87550	3.02618e-066
1751	87600	3.02618e-066
1752	87650	3.02618e-066
1753	87700	3.02618e-066
1754	87750	3.02618e-066
1755	87800	3.02618e-066
1756	87850	2.92234e-066
1757	87900	2.92234e-066
1758	87950	1.85143e-066
1759	88000	1.63948e-066
1760	88050	1.63948e-066
1761	88100	1.15565e-066
1762	88150	1.15565e-066
1763	88200	1.15565e-066
1764	88250	1.15565e-066
1765	88300	1.15565e-066
1766	88350	1.02698e-066
1767	88400	1.02698e-066
1768	88450	8.6967e-067
1769	88500	8.6967e-067
1770	88550	8.6967e-067
1771	88600	8.6967e-067
1772	88650	8.64235e-067
1773	88700	7.33088e-067
1774	88750	7.33088e-067
1775	88800	7.33088e-067
1776	88850	7.25623e-067
1777	88900	7.25623e-067
1778	88950	7.13519e-067
1779	89000	7.13519e-067
1780	89050	7.13519e-067
1781	89100	7.08285e-067
1782	89150	7.08285e-067
1783	89200	7.08285e-067
1784	89250	7.08285e-067
1785	89300	6.60865e-067
1786	89350	6.60865e-067
1787	89400	6.60865e-067
1788	89450	6.60399e-067
1789	89500	6.60399e-067
1790	89550	6.60399e-067
1791	89600	6.60399e-067
1792	89650	6.57068e-067
1793	89700	6.57068e-067
1794	89750	6.5233e-067
1795	89800	1.01119e-067
1796	89850	1.01119e-067
1797	89900	1.00281e-067
1798	89950	1.00281e-067
1799	90000	1.00192e-067
1800	90050	1.00192e-067
1801	90100	9.35224e-068
1802	90150	9.35224e-068
1803	90200	9.35224e-068
1804	90250	9.2738e-068
1805	90300	9.2479e-068
1806	90350	9.2479e-068
1807	90400	9.2479e-068
1808	90450	9.2479e-068
1809	90500	2.30291e-068
1810	90550	2.30291e-068
1811	90600	1.71791e-068
1812	90650	1.71791e-068
1813	90700	1.67003e-068
1814	90750	1.55561e-068
1815	90800	1.03023e-068
1816	90850	1.01128e-068
1817	90900	1.01128e-068
1818	90950	4.14009e-069
1819	91000	3.95526e-069
1820	91050	3.95526e-069
1821	91100	3.95526e-069
1822	91150	3.95526e-069
1823	91200	3.95526e-069
1824	91250	3.88709e-069
1825	91300	2.34329e-069
1826	91350	2.34329e-069
1827	91400	2.34329e-069
1828	91450	2.34329e-069
1829	91500	2.34329e-069
1830	91550	2.04068e-069
1831	91600	2.04068e-069
1832	91650	2.04068e-069
1833	91700	2.04068e-069
1834	91750	2.04068e-069
1835	91800	2.04068e-069
1836	91850	2.04068e-069
1837	91900	2.03938e-069
1838	91950	5.11218e-070
1839	92000	1.94937e-070
1840	92050	1.36202e-070
1841	92100	1.36202e-070
1842	92150	1.36202e-070
1843	92200	1.04817e-070
1844	92250	1.04817e-070
1845	92300	1.04817e-070
1846	92350	7.585e-071
1847	92400	7.585e-071
1848	92450	6.29369e-071
1849	92500	6.29369e-071
1850	92550	6.29369e-071
1851	92600	6.28092e-071
1852	92650	6.28092e-071
1853	92700	6.28092e-071
1854	92750	4.83125e-071
1855	92800	4.83125e-071
1856	92850	4.83125e-071
1857	92900	4.83125e-071
1858	92950	4.83125e-071
1859	93000	4.37438e-071
1860	93050	4.17613e-071
1861	93100	4.15441e-071
1862	93150	4.11339e-071
1863	93200	4.11339e-071
1864	93250	3.68776e-071
1865	93300	3.2164e-071
1866	93350	3.2164e-071
1867	93400	3.2164e-071
1868	93450	3.2164e-071
1869	93500	3.2164e-071
1870	93550	3.2164e-071
1871	93600	3.14744e-071
1872	93650	3.14744e-071
1873	93700	1.91863e-071
1874	93750	1.91863e-071
1875	93800	1.91863e-071
1876	93850	1.91863e-071
1877	93900	1.91863e-071
1878	93950	1.90684e-071
1879	94000	1.04303e-071
1880	94050	1.04303e-071
1881	94100	1.01214e-071
1882	94150	1.01214e-071
1883	94200	1.01214e-071
1884	94250	2.35082e-072
1885	94300	2.35082e-072
1886	94350	2.05005e-072
1887	94400	2.03077e-072
1888	94450	1.92077e-072
1889	94500	1.92077e-072
1890	94550	1.92077e-072
1891	94600	1.02816e-072
1892	94650	1.02816e-072
1893	94700	8.72579e-073
1894	94750	8.72579e-073
1895	94800	5.06336e-073
1896	94850	4.60083e-073
1897	94900	4.60083e-073
1898	94950	4.60083e-073
1899	95000	2.51279e-073
1900	95050	2.51279e-073
1901	95100	1.19517e-073
1902	95150	1.19517e-073
1903	95200	1.19517e-073
1904	95250	1.19517e-073
1905	95300	1.19517e-073
1906	95350	1.19517e-073
1907	95400	1.15175e-073
1908	95450	1.15175e-073
1909	95500	1.15175e-073
1910	95550	1.1464e-073
1911	95600	1.1464e-073
1912	95650	1.1464e-073
1913	95700	1.1464e-073
1914	95750	1.1464e-073
1915	95800	1.1464e-073
1916	95850	1.1464e-073
1917	95900	1.1464e-073
1918	95950	1.04128e-073
1919	96000	1.04128e-073
1920	96050	1.04128e-073
1921	96100	9.81027e-074
1922	96150	9.37041e-074
1923	96200	9.36538e-074
1924	96250	9.36538e-074
1925	96300	4.88268e-074
1926	96350	4.88268e-074
1927	96400	1.55203e-074
1928	96450	1.55203e-074
1929	96500	1.53355e-074
1930	96550	1.49687e-074
1931	96600	1.49687e-074
1932	96650	1.49687e-074
1933	96700	1.49687e-074
1934	96750	1.49687e-074
1935	96800	1.30672e-074
1936	96850	1.15829e-074
1937	96900	1.13589e-074
1938	96950	1.13589e-074
1939	97000	1.13589e-074
1940	97050	8.37237e-075
1941	97100	8.37237e-075
1942	97150	8.11828e-075
1943	97200	8.11828e-075
1944	97250	8.11828e-075
1945	97300	8.11828e-075
1946	97350	8.11828e-075
1947	97400	8.11828e-075
1948	97450	7.20972e-075
1949	97500	7.20972e-075
1950	97550	6.70301e-075
1951	97600	2.87105e-075
1952	97650	2.87105e-075
1953	97700	2.59227e-075
1954	97750	2.59227e-075
1955	97800	2.40319e-075
1956	97850	2.00821e-075
1957	97900	2.00821e-075
1958	97950	2.00821e-075
1959	98000	1.71773e-075
1960	98050	1.71773e-075
1961	98100	1.71773e-075
1962	98150	8.93953e-076
1963	98200	8.93953e-076
1964	98250	8.93953e-076
1965	98300	8.93953e-076
1966	98350	8.93953e-076
1967	98400	8.93953e-076
1968	98450	1.99927e-076
1969	98500	1.99927e-076
1970	98550	1.99927e-076
1971	98600	1.84106e-076
1972	98650	1.75009e-076
1973	98700	1.75009e-076
1974	98750	1.75009e-076
1975	98800	1.75009e-076
1976	98850	1.63111e-076
1977	98900	1.63111e-076
1978	98950	1.26812e-076
1979	99000	1.26812e-076
1980	99050	1.14401e-076
1981	99100	1.14401e-076
1982	99150	1.14401e-076
1983	99200	1.14401e-076
1984	99250	1.14401e-076
1985	99300	1.14401e-076
1986	99350	1.12686e-076
1987	99400	8.64984e-077
1988	99450	5.24059e-077
1989	99500	5.24059e-077
1990	99550	4.77961e-077
1991	99600	4.77961e-077
1992	99650	4.1339e-077
1993	99700	4.1339e-077
1994	99750	4.02942e-077
1995	99800	4.02942e-077
1996	99850	4.02942e-077
1997	99900	3.70317e-077
1998	99950	3.46121e-077
1999	100000	3.29782e-077
2000	100050	3.0954e-077
