1	100	0
2	150	1116.3
3	200	1116.3
4	250	1116.3
5	300	1116.3
6	350	1116.3
7	400	992.996
8	450	769.372
9	500	769.372
10	550	769.372
11	600	769.372
12	650	569.167
13	700	479.828
14	750	445.402
15	800	445.402
16	850	445.402
17	900	445.402
18	950	445.402
19	1000	430.712
20	1050	342.338
21	1100	342.338
22	1150	342.338
23	1200	342.338
24	1250	342.338
25	1300	273.642
26	1350	252.257
27	1400	252.257
28	1450	205.721
29	1500	205.721
30	1550	205.721
31	1600	205.721
32	1650	205.721
33	1700	153.272
34	1750	153.272
35	1800	153.272
36	1850	153.272
37	1900	153.272
38	1950	131.212
39	2000	81.5487
40	2050	72.9596
41	2100	72.9596
42	2150	72.9596
43	2200	72.9596
44	2250	72.9596
45	2300	72.9596
46	2350	72.9596
47	2400	52.0035
48	2450	52.0035
49	2500	52.0035
50	2550	41.0461
51	2600	41.0461
52	2650	41.0461
53	2700	41.0461
54	2750	38.1149
55	2800	38.1149
56	2850	37.4096
57	2900	37.4096
58	2950	37.0221
59	3000	37.0221
60	3050	33.1225
61	3100	33.1225
62	3150	24.066
63	3200	24.066
64	3250	24.066
65	3300	24.066
66	3350	24.066
67	3400	24.066
68	3450	18.5095
69	3500	14.5142
70	3550	13.6946
71	3600	13.6946
72	3650	12.7926
73	3700	12.7926
74	3750	7.86237
75	3800	7.14453
76	3850	7.14453
77	3900	6.71817
78	3950	6.71817
79	4000	6.71817
80	4050	4.63347
81	4100	4.63347
82	4150	4.30594
83	4200	4.30594
84	4250	3.95831
85	4300	3.95831
86	4350	3.95831
87	4400	3.94484
88	4450	3.94484
89	4500	3.94484
90	4550	3.74892
91	4600	3.20677
92	4650	3.20677
93	4700	3.05289
94	4750	2.2586
95	4800	2.2586
96	4850	2.09895
97	4900	2.09895
98	4950	2.09895
99	5000	2.09895
100	5050	2.09895
101	5100	2.09895
102	5150	1.48837
103	5200	1.26699
104	5250	1.25395
105	5300	1.25395
106	5350	1.25395
107	5400	1.25395
108	5450	1.25395
109	5500	1.19701
110	5550	0.971781
111	5600	0.791397
112	5650	0.791397
113	5700	0.791397
114	5750	0.779587
115	5800	0.678005
116	5850	0.67414
117	5900	0.664232
118	5950	0.663569
119	6000	0.663569
120	6050	0.663569
121	6100	0.334728
122	6150	0.334728
123	6200	0.324916
124	6250	0.324916
125	6300	0.324916
126	6350	0.324916
127	6400	0.151206
128	6450	0.14112
129	6500	0.14112
130	6550	0.0869707
131	6600	0.0869707
132	6650	0.0869707
133	6700	0.0866715
134	6750	0.0859032
135	6800	0.0859032
136	6850	0.0859032
137	6900	0.0859032
138	6950	0.0632043
139	7000	0.0622851
140	7050	0.0622851
141	7100	0.0501773
142	7150	0.0501773
143	7200	0.0500384
144	7250	0.0500384
145	7300	0.0493032
146	7350	0.0452268
147	7400	0.0429695
148	7450	0.0429695
149	7500	0.0429695
150	7550	0.0429695
151	7600	0.0427485
152	7650	0.0427485
153	7700	0.0427485
154	7750	0.0427485
155	7800	0.0427485
156	7850	0.0427485
157	7900	0.0427485
158	7950	0.0417215
159	8000	0.0372652
160	8050	0.0372652
161	8100	0.0295791
162	8150	0.0176436
163	8200	0.0154057
164	8250	0.015036
165	8300	0.015036
166	8350	0.015036
167	8400	0.015036
168	8450	0.0135328
169	8500	0.0135328
170	8550	0.0134226
171	8600	0.00854891
172	8650	0.0080991
173	8700	0.00782224
174	8750	0.00417617
175	8800	0.00288793
176	8850	0.00278957
177	8900	0.00194604
178	8950	0.00194604
179	9000	0.00194604
180	9050	0.00181524
181	9100	0.00181524
182	9150	0.00181524
183	9200	0.00181524
184	9250	0.00181524
185	9300	0.00181524
186	9350	0.00181524
187	9400	0.0011802
188	9450	0.0011802
189	9500	0.0011802
190	9550	0.0011802
191	9600	0.0011802
192	9650	0.0011802
193	9700	0.00106556
194	9750	0.00106556
195	9800	0.00106556
196	9850	0.000937855
197	9900	0.000937855
198	9950	0.000937855
199	10000	0.000875948
200	10050	0.000817165
201	10100	0.000817165
202	10150	0.000817165
203	10200	0.000817165
204	10250	0.000817165
205	10300	0.000538413
206	10350	0.000538413
207	10400	0.000538413
208	10450	0.000538413
209	10500	0.000538413
210	10550	0.000538413
211	10600	0.000538413
212	10650	0.000368044
213	10700	0.000368044
214	10750	0.000368044
215	10800	0.000368044
216	10850	0.000368044
217	10900	0.000368044
218	10950	0.000368044
219	11000	0.000368044
220	11050	7.56941e-005
221	11100	7.56941e-005
222	11150	7.56941e-005
223	11200	7.56941e-005
224	11250	7.56941e-005
225	11300	7.56941e-005
226	11350	7.56941e-005
227	11400	7.56941e-005
228	11450	7.56941e-005
229	11500	5.63505e-005
230	11550	2.7146e-005
231	11600	2.7146e-005
232	11650	2.7146e-005
233	11700	1.71444e-005
234	11750	1.71444e-005
235	11800	1.71444e-005
236	11850	1.71444e-005
237	11900	1.48803e-005
238	11950	1.48803e-005
239	12000	1.48803e-005
240	12050	1.48803e-005
241	12100	1.48803e-005
242	12150	1.48803e-005
243	12200	8.56238e-006
244	12250	8.56238e-006
245	12300	7.61983e-006
246	12350	7.61983e-006
247	12400	7.61983e-006
248	12450	7.61983e-006
249	12500	7.61983e-006
250	12550	7.61983e-006
251	12600	7.61983e-006
252	12650	7.61983e-006
253	12700	7.61983e-006
254	12750	7.61983e-006
255	12800	7.61983e-006
256	12850	7.61983e-006
257	12900	7.12569e-006
258	12950	7.12569e-006
259	13000	5.68786e-006
260	13050	5.68786e-006
261	13100	5.68786e-006
262	13150	5.68786e-006
263	13200	5.68786e-006
264	13250	5.68786e-006
265	13300	4.70392e-006
266	13350	4.70392e-006
267	13400	4.70392e-006
268	13450	3.01971e-006
269	13500	3.01971e-006
270	13550	3.01971e-006
271	13600	3.01971e-006
272	13650	3.01971e-006
273	13700	3.01971e-006
274	13750	3.01132e-006
275	13800	3.01132e-006
276	13850	3.01132e-006
277	13900	3.01132e-006
278	13950	2.77798e-006
279	14000	2.77798e-006
280	14050	2.30641e-006
281	14100	1.94232e-006
282	14150	1.94232e-006
283	14200	1.94232e-006
284	14250	1.94232e-006
285	14300	1.94232e-006
286	14350	1.94232e-006
287	14400	1.94232e-006
288	14450	1.5141e-006
289	14500	1.5141e-006
290	14550	1.30024e-006
291	14600	1.30024e-006
292	14650	1.11871e-006
293	14700	5.87039e-007
294	14750	5.87039e-007
295	14800	5.87039e-007
296	14850	4.22426e-007
297	14900	4.22426e-007
298	14950	4.22426e-007
299	15000	4.22426e-007
300	15050	4.22426e-007
301	15100	4.22426e-007
302	15150	4.22426e-007
303	15200	4.22426e-007
304	15250	4.21391e-007
305	15300	3.27212e-007
306	15350	3.27212e-007
307	15400	2.2408e-007
308	15450	2.2408e-007
309	15500	1.552e-007
310	15550	1.29611e-007
311	15600	1.29611e-007
312	15650	1.29611e-007
313	15700	1.18736e-007
314	15750	1.18736e-007
315	15800	1.18736e-007
316	15850	1.02327e-007
317	15900	1.02327e-007
318	15950	7.65377e-008
319	16000	7.65377e-008
320	16050	7.65377e-008
321	16100	7.52763e-008
322	16150	5.98835e-008
323	16200	5.5909e-008
324	16250	5.5909e-008
325	16300	5.5909e-008
326	16350	4.27003e-008
327	16400	4.27003e-008
328	16450	3.14322e-008
329	16500	3.14322e-008
330	16550	3.14322e-008
331	16600	2.75176e-008
332	16650	2.75176e-008
333	16700	2.46549e-008
334	16750	2.46303e-008
335	16800	2.46303e-008
336	16850	1.64851e-008
337	16900	1.64851e-008
338	16950	1.64851e-008
339	17000	1.64851e-008
340	17050	1.64851e-008
341	17100	1.45994e-008
342	17150	1.45994e-008
343	17200	1.45994e-008
344	17250	1.45994e-008
345	17300	1.3124e-008
346	17350	9.9361e-009
347	17400	7.81899e-009
348	17450	7.25612e-009
349	17500	4.48437e-009
350	17550	4.26117e-009
351	17600	2.59929e-009
352	17650	2.59929e-009
353	17700	2.59929e-009
354	17750	2.59929e-009
355	17800	2.59929e-009
356	17850	2.59929e-009
357	17900	2.06698e-009
358	17950	2.06698e-009
359	18000	2.06698e-009
360	18050	1.59393e-009
361	18100	1.57827e-009
362	18150	1.57827e-009
363	18200	1.5617e-009
364	18250	1.5617e-009
365	18300	1.5617e-009
366	18350	1.38918e-009
367	18400	1.38918e-009
368	18450	1.38918e-009
369	18500	1.38918e-009
370	18550	1.38918e-009
371	18600	1.38918e-009
372	18650	1.38918e-009
373	18700	1.38918e-009
374	18750	1.38918e-009
375	18800	1.34179e-009
376	18850	1.29715e-009
377	18900	1.1458e-009
378	18950	1.11843e-009
379	19000	9.98672e-010
380	19050	9.98672e-010
381	19100	9.02173e-010
382	19150	9.02173e-010
383	19200	9.02173e-010
384	19250	9.02173e-010
385	19300	9.02173e-010
386	19350	7.11691e-010
387	19400	7.07046e-010
388	19450	6.79361e-010
389	19500	1.97294e-010
390	19550	1.97294e-010
391	19600	1.97294e-010
392	19650	1.89572e-010
393	19700	1.89572e-010
394	19750	1.89572e-010
395	19800	1.89572e-010
396	19850	1.89572e-010
397	19900	1.89572e-010
398	19950	1.89205e-010
399	20000	1.89205e-010
400	20050	1.89205e-010
401	20100	1.89205e-010
402	20150	1.70846e-010
403	20200	1.70846e-010
404	20250	1.70846e-010
405	20300	1.70846e-010
406	20350	1.70846e-010
407	20400	1.70846e-010
408	20450	1.70846e-010
409	20500	1.32764e-010
410	20550	1.32764e-010
411	20600	1.32764e-010
412	20650	1.32764e-010
413	20700	1.32764e-010
414	20750	1.32764e-010
415	20800	1.31908e-010
416	20850	1.31908e-010
417	20900	1.31908e-010
418	20950	1.31908e-010
419	21000	1.31908e-010
420	21050	1.31509e-010
421	21100	1.31509e-010
422	21150	1.20142e-010
423	21200	1.20142e-010
424	21250	1.0311e-010
425	21300	1.0311e-010
426	21350	1.02396e-010
427	21400	1.02396e-010
428	21450	1.02393e-010
429	21500	2.23194e-011
430	21550	2.23194e-011
431	21600	2.16476e-011
432	21650	2.16476e-011
433	21700	2.16476e-011
434	21750	2.16476e-011
435	21800	2.08398e-011
436	21850	1.60482e-011
437	21900	1.60482e-011
438	21950	3.87176e-012
439	22000	3.87176e-012
440	22050	3.87176e-012
441	22100	3.87176e-012
442	22150	3.87176e-012
443	22200	3.87176e-012
444	22250	3.49495e-012
445	22300	3.49495e-012
446	22350	3.49495e-012
447	22400	3.17437e-012
448	22450	3.17437e-012
449	22500	3.17437e-012
450	22550	2.95704e-012
451	22600	2.95704e-012
452	22650	2.63002e-012
453	22700	2.63002e-012
454	22750	2.59969e-012
455	22800	2.4461e-012
456	22850	2.39599e-012
457	22900	2.07198e-012
458	22950	2.06603e-012
459	23000	1.94588e-012
460	23050	1.94588e-012
461	23100	1.94588e-012
462	23150	1.59439e-012
463	23200	1.35467e-012
464	23250	1.35467e-012
465	23300	1.35467e-012
466	23350	1.32539e-012
467	23400	1.32539e-012
468	23450	1.32539e-012
469	23500	1.32539e-012
470	23550	1.32539e-012
471	23600	1.16846e-012
472	23650	1.16846e-012
473	23700	1.16846e-012
474	23750	1.16846e-012
475	23800	1.16846e-012
476	23850	1.16846e-012
477	23900	1.16846e-012
478	23950	1.01749e-012
479	24000	3.16914e-013
480	24050	3.16914e-013
481	24100	3.16914e-013
482	24150	3.16914e-013
483	24200	3.16914e-013
484	24250	3.06346e-013
485	24300	3.06346e-013
486	24350	3.06346e-013
487	24400	1.59346e-013
488	24450	1.59346e-013
489	24500	7.49844e-014
490	24550	7.49844e-014
491	24600	7.49844e-014
492	24650	7.49844e-014
493	24700	7.49844e-014
494	24750	7.49844e-014
495	24800	1.66581e-014
496	24850	1.66581e-014
497	24900	1.13691e-014
498	24950	1.13691e-014
499	25000	1.13691e-014
500	25050	8.761e-015
501	25100	8.761e-015
502	25150	8.761e-015
503	25200	8.761e-015
504	25250	8.761e-015
505	25300	7.85108e-015
506	25350	7.85108e-015
507	25400	7.85108e-015
508	25450	7.85108e-015
509	25500	7.85108e-015
510	25550	7.85108e-015
511	25600	7.85108e-015
512	25650	7.83637e-015
513	25700	7.83637e-015
514	25750	7.83637e-015
515	25800	7.83637e-015
516	25850	7.83637e-015
517	25900	6.13245e-015
518	25950	6.13245e-015
519	26000	6.13245e-015
520	26050	5.55936e-015
521	26100	5.55936e-015
522	26150	5.55936e-015
523	26200	5.55936e-015
524	26250	2.24365e-015
525	26300	2.24365e-015
526	26350	2.24365e-015
527	26400	1.08174e-015
528	26450	1.08174e-015
529	26500	1.08174e-015
530	26550	1.08174e-015
531	26600	6.41219e-016
532	26650	6.41219e-016
533	26700	6.41219e-016
534	26750	6.41219e-016
535	26800	6.41219e-016
536	26850	6.41219e-016
537	26900	6.41219e-016
538	26950	3.35054e-016
539	27000	3.15955e-016
540	27050	2.88265e-016
541	27100	2.88265e-016
542	27150	2.88265e-016
543	27200	2.88265e-016
544	27250	2.88265e-016
545	27300	2.21206e-016
546	27350	2.21206e-016
547	27400	2.21206e-016
548	27450	2.21206e-016
549	27500	1.95486e-016
550	27550	1.95486e-016
551	27600	1.87029e-016
552	27650	1.87029e-016
553	27700	1.87029e-016
554	27750	1.87029e-016
555	27800	1.84559e-016
556	27850	1.71736e-016
557	27900	1.71736e-016
558	27950	1.71736e-016
559	28000	1.71736e-016
560	28050	1.71736e-016
561	28100	1.01569e-016
562	28150	1.01569e-016
563	28200	1.01569e-016
564	28250	1.01569e-016
565	28300	1.01569e-016
566	28350	1.01569e-016
567	28400	1.01569e-016
568	28450	1.01569e-016
569	28500	6.73413e-017
570	28550	6.73413e-017
571	28600	6.73413e-017
572	28650	6.73413e-017
573	28700	6.73413e-017
574	28750	5.00188e-017
575	28800	5.00188e-017
576	28850	5.00188e-017
577	28900	5.00188e-017
578	28950	4.0253e-017
579	29000	4.0253e-017
580	29050	4.0253e-017
581	29100	3.57806e-017
582	29150	3.57806e-017
583	29200	3.57806e-017
584	29250	3.33245e-017
585	29300	3.33245e-017
586	29350	2.99366e-017
587	29400	2.99366e-017
588	29450	2.87664e-017
589	29500	2.87664e-017
590	29550	2.87664e-017
591	29600	2.87664e-017
592	29650	2.87664e-017
593	29700	2.86534e-017
594	29750	1.42403e-017
595	29800	1.42403e-017
596	29850	1.42403e-017
597	29900	1.18039e-017
598	29950	9.96926e-018
599	30000	9.96926e-018
600	30050	8.30965e-018
601	30100	6.46617e-018
602	30150	6.45524e-018
603	30200	6.45524e-018
604	30250	6.02837e-018
605	30300	5.34311e-018
606	30350	4.39619e-018
607	30400	4.39619e-018
608	30450	4.39619e-018
609	30500	4.39619e-018
610	30550	4.39619e-018
611	30600	4.02376e-018
612	30650	4.01866e-018
613	30700	4.01866e-018
614	30750	2.40623e-018
615	30800	2.37536e-018
616	30850	2.37536e-018
617	30900	2.37536e-018
618	30950	2.37536e-018
619	31000	2.37536e-018
620	31050	1.71622e-018
621	31100	1.69803e-018
622	31150	1.69803e-018
623	31200	1.69803e-018
624	31250	7.40644e-019
625	31300	7.29018e-019
626	31350	7.29018e-019
627	31400	5.73237e-019
628	31450	5.73237e-019
629	31500	5.73237e-019
630	31550	5.64618e-019
631	31600	5.44204e-019
632	31650	5.44204e-019
633	31700	5.44204e-019
634	31750	5.44204e-019
635	31800	5.44204e-019
636	31850	5.44204e-019
637	31900	1.00644e-019
638	31950	1.00644e-019
639	32000	8.39806e-020
640	32050	8.39806e-020
641	32100	7.72819e-020
642	32150	7.72819e-020
643	32200	7.01915e-020
644	32250	7.01915e-020
645	32300	6.40518e-020
646	32350	6.40518e-020
647	32400	6.15688e-020
648	32450	5.68071e-020
649	32500	5.68071e-020
650	32550	5.17284e-020
651	32600	5.17284e-020
652	32650	5.17284e-020
653	32700	5.17284e-020
654	32750	5.11967e-020
655	32800	5.11967e-020
656	32850	5.11967e-020
657	32900	4.53175e-020
658	32950	4.40658e-020
659	33000	4.40658e-020
660	33050	4.40658e-020
661	33100	3.0219e-020
662	33150	2.06787e-020
663	33200	2.06787e-020
664	33250	1.68949e-020
665	33300	1.68949e-020
666	33350	1.68949e-020
667	33400	1.68949e-020
668	33450	1.47467e-020
669	33500	1.47467e-020
670	33550	1.47467e-020
671	33600	1.47467e-020
672	33650	1.47467e-020
673	33700	1.47467e-020
674	33750	1.40459e-020
675	33800	1.35821e-020
676	33850	1.35821e-020
677	33900	1.35821e-020
678	33950	1.35821e-020
679	34000	7.86011e-021
680	34050	2.84419e-021
681	34100	2.28123e-021
682	34150	2.28123e-021
683	34200	2.28123e-021
684	34250	2.01301e-021
685	34300	2.01301e-021
686	34350	2.01301e-021
687	34400	2.01301e-021
688	34450	2.01301e-021
689	34500	2.01301e-021
690	34550	2.01301e-021
691	34600	2.01301e-021
692	34650	2.01301e-021
693	34700	2.01301e-021
694	34750	2.01301e-021
695	34800	2.01301e-021
696	34850	2.01301e-021
697	34900	4.67564e-022
698	34950	4.32045e-022
699	35000	4.32045e-022
700	35050	4.32045e-022
701	35100	2.03474e-022
702	35150	1.87653e-022
703	35200	1.87653e-022
704	35250	1.87653e-022
705	35300	1.87653e-022
706	35350	1.87653e-022
707	35400	1.87653e-022
708	35450	1.87653e-022
709	35500	1.87653e-022
710	35550	1.87653e-022
711	35600	1.87653e-022
712	35650	1.83953e-022
713	35700	1.36933e-022
714	35750	1.36933e-022
715	35800	1.36933e-022
716	35850	1.36933e-022
717	35900	1.36933e-022
718	35950	1.17108e-022
719	36000	1.17108e-022
720	36050	1.17108e-022
721	36100	1.17108e-022
722	36150	9.05734e-023
723	36200	9.05734e-023
724	36250	9.00521e-023
725	36300	8.9298e-023
726	36350	8.47229e-023
727	36400	8.47229e-023
728	36450	8.47229e-023
729	36500	8.47229e-023
730	36550	8.47229e-023
731	36600	8.47229e-023
732	36650	8.47229e-023
733	36700	8.47229e-023
734	36750	8.46333e-023
735	36800	8.46333e-023
736	36850	8.46333e-023
737	36900	7.60416e-023
738	36950	7.60416e-023
739	37000	7.60416e-023
740	37050	7.60416e-023
741	37100	2.40039e-023
742	37150	1.78935e-023
743	37200	1.78935e-023
744	37250	1.78935e-023
745	37300	1.78935e-023
746	37350	1.78935e-023
747	37400	1.72193e-023
748	37450	1.30596e-023
749	37500	1.2655e-023
750	37550	1.2655e-023
751	37600	1.04612e-023
752	37650	1.04612e-023
753	37700	4.31556e-024
754	37750	4.31556e-024
755	37800	4.31556e-024
756	37850	4.31556e-024
757	37900	4.04662e-024
758	37950	4.04662e-024
759	38000	4.04662e-024
760	38050	4.04662e-024
761	38100	3.6571e-024
762	38150	3.56112e-024
763	38200	3.56112e-024
764	38250	3.56112e-024
765	38300	2.73175e-024
766	38350	2.73175e-024
767	38400	2.73175e-024
768	38450	2.73175e-024
769	38500	2.73175e-024
770	38550	2.73175e-024
771	38600	2.73175e-024
772	38650	2.69236e-024
773	38700	2.51913e-024
774	38750	2.51093e-024
775	38800	2.3595e-024
776	38850	2.3595e-024
777	38900	2.3595e-024
778	38950	2.3595e-024
779	39000	2.3595e-024
780	39050	2.30244e-024
781	39100	1.6357e-024
782	39150	1.6357e-024
783	39200	1.6357e-024
784	39250	1.47828e-024
785	39300	1.47109e-024
786	39350	1.35416e-024
787	39400	1.35416e-024
788	39450	1.35416e-024
789	39500	1.31083e-024
790	39550	1.31083e-024
791	39600	1.31083e-024
792	39650	1.0912e-024
793	39700	1.0912e-024
794	39750	1.0912e-024
795	39800	9.79102e-025
796	39850	9.79102e-025
797	39900	9.23899e-025
798	39950	6.59941e-025
799	40000	3.94278e-025
800	40050	3.94278e-025
801	40100	3.2085e-025
802	40150	2.69468e-025
803	40200	2.63006e-025
804	40250	2.63006e-025
805	40300	2.53011e-025
806	40350	2.53011e-025
807	40400	2.32948e-025
808	40450	1.91214e-025
809	40500	1.90278e-025
810	40550	1.90278e-025
811	40600	1.90278e-025
812	40650	1.08675e-025
813	40700	1.08675e-025
814	40750	1.08675e-025
815	40800	1.08675e-025
816	40850	1.08675e-025
817	40900	7.33885e-026
818	40950	7.33885e-026
819	41000	7.33885e-026
820	41050	7.33885e-026
821	41100	7.33885e-026
822	41150	5.58593e-026
823	41200	5.3436e-026
824	41250	5.3436e-026
825	41300	5.3436e-026
826	41350	5.3436e-026
827	41400	5.3436e-026
828	41450	5.2504e-026
829	41500	3.39615e-026
830	41550	3.39615e-026
831	41600	3.14786e-026
832	41650	2.7045e-026
833	41700	2.66399e-026
834	41750	2.20593e-026
835	41800	2.20593e-026
836	41850	2.20593e-026
837	41900	1.64822e-026
838	41950	1.64822e-026
839	42000	1.64822e-026
840	42050	1.64822e-026
841	42100	1.53042e-026
842	42150	1.39653e-026
843	42200	1.39653e-026
844	42250	1.39653e-026
845	42300	1.36588e-026
846	42350	1.02158e-026
847	42400	1.02158e-026
848	42450	1.02158e-026
849	42500	6.2799e-027
850	42550	5.86239e-027
851	42600	5.86239e-027
852	42650	5.01165e-027
853	42700	5.01165e-027
854	42750	5.01165e-027
855	42800	4.91144e-027
856	42850	3.21625e-027
857	42900	2.3518e-027
858	42950	2.3518e-027
859	43000	2.03613e-027
860	43050	2.02669e-027
861	43100	2.02669e-027
862	43150	2.02669e-027
863	43200	1.91838e-027
864	43250	1.6679e-027
865	43300	1.64576e-027
866	43350	1.64576e-027
867	43400	1.60623e-027
868	43450	1.5715e-027
869	43500	1.5715e-027
870	43550	1.5715e-027
871	43600	1.5715e-027
872	43650	1.55192e-027
873	43700	1.55192e-027
874	43750	1.55192e-027
875	43800	1.44294e-027
876	43850	1.16714e-027
877	43900	1.16714e-027
878	43950	1.16714e-027
879	44000	1.16712e-027
880	44050	1.16712e-027
881	44100	1.1412e-027
882	44150	1.11602e-027
883	44200	1.10021e-027
884	44250	8.99072e-028
885	44300	8.99072e-028
886	44350	8.43801e-028
887	44400	8.43258e-028
888	44450	3.26091e-028
889	44500	1.86714e-028
890	44550	1.86714e-028
891	44600	1.86714e-028
892	44650	1.51408e-028
893	44700	1.51408e-028
894	44750	1.51408e-028
895	44800	1.27142e-028
896	44850	1.14777e-028
897	44900	9.83768e-029
898	44950	4.82551e-029
899	45000	3.2001e-029
900	45050	3.2001e-029
901	45100	3.13784e-029
902	45150	3.13784e-029
903	45200	1.78312e-029
904	45250	1.78312e-029
905	45300	1.55142e-029
906	45350	1.06247e-029
907	45400	7.56877e-030
908	45450	7.32464e-030
909	45500	7.32464e-030
910	45550	6.58743e-030
911	45600	6.58743e-030
912	45650	6.58743e-030
913	45700	5.86773e-030
914	45750	4.97512e-030
915	45800	4.97512e-030
916	45850	4.97512e-030
917	45900	4.26492e-030
918	45950	3.84282e-030
919	46000	3.84282e-030
920	46050	3.84282e-030
921	46100	3.16009e-030
922	46150	2.41411e-030
923	46200	2.41411e-030
924	46250	1.87256e-030
925	46300	1.87256e-030
926	46350	1.87256e-030
927	46400	1.87256e-030
928	46450	1.87256e-030
929	46500	1.87256e-030
930	46550	1.56334e-030
931	46600	1.56334e-030
932	46650	1.56334e-030
933	46700	1.56334e-030
934	46750	1.56334e-030
935	46800	1.56334e-030
936	46850	1.56334e-030
937	46900	1.26295e-030
938	46950	1.26295e-030
939	47000	1.26295e-030
940	47050	1.26295e-030
941	47100	1.26295e-030
942	47150	1.26295e-030
943	47200	1.26295e-030
944	47250	4.53124e-031
945	47300	4.53124e-031
946	47350	3.56205e-031
947	47400	3.56205e-031
948	47450	3.56205e-031
949	47500	3.56205e-031
950	47550	3.55049e-031
951	47600	2.2874e-031
952	47650	2.2874e-031
953	47700	2.18485e-031
954	47750	1.71898e-031
955	47800	1.70914e-031
956	47850	1.44902e-031
957	47900	1.20052e-031
958	47950	1.20052e-031
959	48000	1.20052e-031
960	48050	1.20052e-031
961	48100	1.09063e-031
962	48150	1.09063e-031
963	48200	1.0786e-031
964	48250	1.0786e-031
965	48300	8.26682e-032
966	48350	8.26682e-032
967	48400	8.26682e-032
968	48450	8.26682e-032
969	48500	8.26682e-032
970	48550	8.26682e-032
971	48600	1.89832e-032
972	48650	1.89832e-032
973	48700	1.46047e-032
974	48750	1.41074e-032
975	48800	1.41074e-032
976	48850	1.41074e-032
977	48900	1.10622e-032
978	48950	1.10622e-032
979	49000	1.10622e-032
980	49050	1.10622e-032
981	49100	1.10622e-032
982	49150	7.54432e-033
983	49200	7.54432e-033
984	49250	7.54432e-033
985	49300	7.54432e-033
986	49350	7.1909e-033
987	49400	7.18977e-033
988	49450	7.09975e-033
989	49500	7.09975e-033
990	49550	5.84931e-033
991	49600	5.79185e-033
992	49650	5.79185e-033
993	49700	5.01878e-033
994	49750	5.01878e-033
995	49800	5.01878e-033
996	49850	5.01878e-033
997	49900	3.62928e-033
998	49950	3.62928e-033
999	50000	3.62928e-033
1000	50050	3.62928e-033
1001	50100	3.62928e-033
1002	50150	3.62928e-033
1003	50200	3.62928e-033
1004	50250	3.39019e-033
1005	50300	3.39019e-033
1006	50350	3.39019e-033
1007	50400	3.39019e-033
1008	50450	3.39019e-033
1009	50500	3.39019e-033
1010	50550	3.39019e-033
1011	50600	3.19689e-033
1012	50650	2.70452e-033
1013	50700	1.16592e-033
1014	50750	1.16592e-033
1015	50800	3.34049e-034
1016	50850	3.19447e-034
1017	50900	3.19447e-034
1018	50950	2.25041e-034
1019	51000	2.20687e-034
1020	51050	2.20687e-034
1021	51100	2.20687e-034
1022	51150	1.06874e-034
1023	51200	1.06874e-034
1024	51250	1.06874e-034
1025	51300	1.06874e-034
1026	51350	1.06874e-034
1027	51400	1.06874e-034
1028	51450	9.66118e-035
1029	51500	9.66118e-035
1030	51550	9.66118e-035
1031	51600	8.57745e-035
1032	51650	8.57745e-035
1033	51700	8.57745e-035
1034	51750	8.57745e-035
1035	51800	8.57745e-035
1036	51850	7.94497e-035
1037	51900	7.86433e-035
1038	51950	7.86433e-035
1039	52000	7.59401e-035
1040	52050	6.82528e-035
1041	52100	6.82528e-035
1042	52150	6.82528e-035
1043	52200	5.09145e-035
1044	52250	5.09145e-035
1045	52300	5.09145e-035
1046	52350	5.09145e-035
1047	52400	5.03137e-035
1048	52450	2.01923e-035
1049	52500	1.90493e-035
1050	52550	1.90493e-035
1051	52600	1.90493e-035
1052	52650	1.90493e-035
1053	52700	1.90493e-035
1054	52750	1.90493e-035
1055	52800	1.87691e-035
1056	52850	1.87691e-035
1057	52900	1.87691e-035
1058	52950	1.81841e-035
1059	53000	1.81841e-035
1060	53050	1.81841e-035
1061	53100	1.81841e-035
1062	53150	1.81841e-035
1063	53200	1.77242e-035
1064	53250	1.77242e-035
1065	53300	1.77242e-035
1066	53350	1.77242e-035
1067	53400	1.77242e-035
1068	53450	1.35122e-035
1069	53500	1.21663e-035
1070	53550	1.21663e-035
1071	53600	1.20243e-035
1072	53650	1.20243e-035
1073	53700	1.20243e-035
1074	53750	1.20123e-035
1075	53800	1.13744e-035
1076	53850	1.13744e-035
1077	53900	1.13744e-035
1078	53950	1.08152e-035
1079	54000	3.7401e-036
1080	54050	3.7401e-036
1081	54100	9.54878e-037
1082	54150	9.54878e-037
1083	54200	7.64613e-037
1084	54250	7.00067e-037
1085	54300	7.00067e-037
1086	54350	7.00067e-037
1087	54400	7.00067e-037
1088	54450	7.00067e-037
1089	54500	7.00067e-037
1090	54550	7.00067e-037
1091	54600	6.9645e-037
1092	54650	6.59677e-037
1093	54700	6.59677e-037
1094	54750	6.59677e-037
1095	54800	6.59677e-037
1096	54850	6.59677e-037
1097	54900	3.6969e-037
1098	54950	3.6969e-037
1099	55000	3.6969e-037
1100	55050	3.6969e-037
1101	55100	3.14448e-037
1102	55150	3.14448e-037
1103	55200	3.04921e-037
1104	55250	3.04921e-037
1105	55300	3.04921e-037
1106	55350	3.04921e-037
1107	55400	3.04921e-037
1108	55450	2.98773e-037
1109	55500	2.52431e-037
1110	55550	2.4036e-037
1111	55600	2.37735e-037
1112	55650	2.37735e-037
1113	55700	1.70289e-037
1114	55750	1.09299e-037
1115	55800	1.09299e-037
1116	55850	1.03583e-037
1117	55900	1.01729e-037
1118	55950	9.70023e-038
1119	56000	8.15612e-038
1120	56050	7.2013e-038
1121	56100	7.2013e-038
1122	56150	6.59336e-038
1123	56200	5.43859e-038
1124	56250	5.42185e-038
1125	56300	5.42185e-038
1126	56350	4.21161e-038
1127	56400	1.80625e-038
1128	56450	1.80625e-038
1129	56500	1.66428e-038
1130	56550	1.37203e-038
1131	56600	1.37203e-038
1132	56650	1.32064e-038
1133	56700	1.2952e-038
1134	56750	1.11936e-038
1135	56800	1.11813e-038
1136	56850	1.11813e-038
1137	56900	1.11813e-038
1138	56950	1.11813e-038
1139	57000	7.5532e-039
1140	57050	6.55209e-039
1141	57100	6.55209e-039
1142	57150	6.55209e-039
1143	57200	4.11061e-039
1144	57250	4.11061e-039
1145	57300	4.11061e-039
1146	57350	4.0658e-039
1147	57400	4.0658e-039
1148	57450	4.0658e-039
1149	57500	4.0658e-039
1150	57550	4.0658e-039
1151	57600	4.0658e-039
1152	57650	3.51472e-039
1153	57700	3.51472e-039
1154	57750	3.50278e-039
1155	57800	1.21062e-039
1156	57850	1.21062e-039
1157	57900	1.21062e-039
1158	57950	1.21062e-039
1159	58000	1.21062e-039
1160	58050	8.89516e-040
1161	58100	6.45052e-040
1162	58150	6.45052e-040
1163	58200	5.83751e-040
1164	58250	5.43748e-040
1165	58300	5.43748e-040
1166	58350	5.43748e-040
1167	58400	5.43748e-040
1168	58450	5.43748e-040
1169	58500	5.38218e-040
1170	58550	5.38218e-040
1171	58600	5.09719e-040
1172	58650	3.61479e-040
1173	58700	3.07017e-040
1174	58750	2.92549e-040
1175	58800	2.92549e-040
1176	58850	2.92051e-040
1177	58900	2.48079e-040
1178	58950	2.46352e-040
1179	59000	1.88768e-040
1180	59050	1.88768e-040
1181	59100	1.3244e-040
1182	59150	8.34097e-041
1183	59200	8.34097e-041
1184	59250	8.34097e-041
1185	59300	8.34097e-041
1186	59350	8.34097e-041
1187	59400	8.18369e-041
1188	59450	8.18369e-041
1189	59500	8.18369e-041
1190	59550	8.18369e-041
1191	59600	8.18369e-041
1192	59650	8.18369e-041
1193	59700	8.18369e-041
1194	59750	6.65575e-041
1195	59800	6.65575e-041
1196	59850	6.62329e-041
1197	59900	6.04202e-041
1198	59950	3.34428e-041
1199	60000	3.34428e-041
1200	60050	3.33898e-041
1201	60100	3.33898e-041
1202	60150	3.33898e-041
1203	60200	2.0697e-041
1204	60250	1.89516e-041
1205	60300	1.25255e-041
1206	60350	1.02178e-041
1207	60400	1.02178e-041
1208	60450	7.18069e-042
1209	60500	7.18069e-042
1210	60550	7.18069e-042
1211	60600	3.2517e-042
1212	60650	3.2517e-042
1213	60700	3.2517e-042
1214	60750	3.2517e-042
1215	60800	3.2517e-042
1216	60850	3.2517e-042
1217	60900	3.2517e-042
1218	60950	3.06573e-042
1219	61000	3.06573e-042
1220	61050	3.06573e-042
1221	61100	2.34301e-042
1222	61150	1.99503e-042
1223	61200	1.99503e-042
1224	61250	1.69936e-042
1225	61300	1.69936e-042
1226	61350	1.69936e-042
1227	61400	1.39916e-042
1228	61450	1.25444e-042
1229	61500	1.25444e-042
1230	61550	7.89294e-043
1231	61600	6.2829e-043
1232	61650	5.49713e-043
1233	61700	5.49713e-043
1234	61750	5.17388e-043
1235	61800	4.72588e-043
1236	61850	4.72588e-043
1237	61900	4.72588e-043
1238	61950	2.97849e-043
1239	62000	2.97849e-043
1240	62050	2.95553e-043
1241	62100	2.95553e-043
1242	62150	2.95553e-043
1243	62200	2.95553e-043
1244	62250	1.21853e-043
1245	62300	1.21853e-043
1246	62350	1.21853e-043
1247	62400	1.21853e-043
1248	62450	5.57379e-044
1249	62500	5.57379e-044
1250	62550	5.53235e-044
1251	62600	5.53235e-044
1252	62650	5.53235e-044
1253	62700	5.0309e-044
1254	62750	5.0309e-044
1255	62800	5.0309e-044
1256	62850	5.0309e-044
1257	62900	5.0309e-044
1258	62950	5.0309e-044
1259	63000	5.0309e-044
1260	63050	4.12314e-044
1261	63100	4.12314e-044
1262	63150	3.77478e-044
1263	63200	3.6994e-044
1264	63250	3.6994e-044
1265	63300	1.845e-044
1266	63350	1.845e-044
1267	63400	1.72924e-044
1268	63450	1.72924e-044
1269	63500	1.63751e-044
1270	63550	1.63751e-044
1271	63600	1.63751e-044
1272	63650	1.63751e-044
1273	63700	1.63751e-044
1274	63750	1.5936e-044
1275	63800	1.5936e-044
1276	63850	1.5054e-044
1277	63900	1.5054e-044
1278	63950	1.5054e-044
1279	64000	1.49972e-044
1280	64050	1.49972e-044
1281	64100	1.47685e-044
1282	64150	1.19411e-044
1283	64200	1.18248e-044
1284	64250	1.18248e-044
1285	64300	1.18248e-044
1286	64350	2.40273e-045
1287	64400	2.37474e-045
1288	64450	2.27468e-045
1289	64500	2.27468e-045
1290	64550	1.86778e-045
1291	64600	1.73681e-045
1292	64650	1.69859e-045
1293	64700	1.69859e-045
1294	64750	1.69859e-045
1295	64800	9.4565e-046
1296	64850	9.4565e-046
1297	64900	9.27422e-046
1298	64950	9.27422e-046
1299	65000	8.76095e-046
1300	65050	8.76095e-046
1301	65100	8.76095e-046
1302	65150	8.76095e-046
1303	65200	7.16995e-046
1304	65250	7.16995e-046
1305	65300	7.16995e-046
1306	65350	3.91692e-046
1307	65400	3.91692e-046
1308	65450	3.58225e-046
1309	65500	3.58225e-046
1310	65550	3.46164e-046
1311	65600	3.43449e-046
1312	65650	3.43449e-046
1313	65700	8.65729e-047
1314	65750	5.59071e-047
1315	65800	5.59071e-047
1316	65850	5.59071e-047
1317	65900	5.50951e-047
1318	65950	4.42414e-047
1319	66000	4.31384e-047
1320	66050	4.31384e-047
1321	66100	3.29336e-047
1322	66150	3.29336e-047
1323	66200	3.29336e-047
1324	66250	2.98954e-047
1325	66300	2.98954e-047
1326	66350	2.98954e-047
1327	66400	2.98954e-047
1328	66450	2.98954e-047
1329	66500	2.98954e-047
1330	66550	2.98954e-047
1331	66600	2.60813e-047
1332	66650	1.66115e-047
1333	66700	1.63471e-047
1334	66750	1.63471e-047
1335	66800	1.63471e-047
1336	66850	1.63471e-047
1337	66900	1.63471e-047
1338	66950	1.63471e-047
1339	67000	1.63039e-047
1340	67050	1.63039e-047
1341	67100	1.63039e-047
1342	67150	1.63039e-047
1343	67200	1.63039e-047
1344	67250	8.80819e-048
1345	67300	7.66272e-048
1346	67350	6.45789e-048
1347	67400	6.45789e-048
1348	67450	6.38536e-048
1349	67500	6.38536e-048
1350	67550	5.914e-048
1351	67600	5.914e-048
1352	67650	5.914e-048
1353	67700	3.68097e-048
1354	67750	3.68097e-048
1355	67800	3.68097e-048
1356	67850	3.58078e-048
1357	67900	3.30337e-048
1358	67950	3.26141e-048
1359	68000	3.15329e-048
1360	68050	2.97069e-048
1361	68100	2.64951e-048
1362	68150	2.64951e-048
1363	68200	2.60552e-048
1364	68250	2.55832e-048
1365	68300	2.52364e-048
1366	68350	2.52364e-048
1367	68400	2.44108e-048
1368	68450	2.44108e-048
1369	68500	9.62231e-049
1370	68550	9.62231e-049
1371	68600	9.62231e-049
1372	68650	9.62231e-049
1373	68700	9.62203e-049
1374	68750	9.06334e-049
1375	68800	9.06334e-049
1376	68850	9.06334e-049
1377	68900	9.06334e-049
1378	68950	9.05378e-049
1379	69000	9.05378e-049
1380	69050	4.76187e-049
1381	69100	4.76187e-049
1382	69150	4.2492e-049
1383	69200	1.826e-049
1384	69250	1.826e-049
1385	69300	1.826e-049
1386	69350	1.79728e-049
1387	69400	1.76675e-049
1388	69450	1.66014e-049
1389	69500	1.42683e-049
1390	69550	1.42683e-049
1391	69600	3.65973e-050
1392	69650	3.65973e-050
1393	69700	3.22023e-050
1394	69750	2.87181e-050
1395	69800	2.87181e-050
1396	69850	2.87181e-050
1397	69900	2.7612e-050
1398	69950	2.7612e-050
1399	70000	2.7612e-050
1400	70050	2.7612e-050
1401	70100	2.7612e-050
1402	70150	1.26961e-050
1403	70200	1.26961e-050
1404	70250	1.26961e-050
1405	70300	3.89219e-051
1406	70350	2.86949e-051
1407	70400	1.94015e-051
1408	70450	1.94015e-051
1409	70500	1.33614e-051
1410	70550	1.33614e-051
1411	70600	1.33614e-051
1412	70650	1.33614e-051
1413	70700	1.33614e-051
1414	70750	1.33614e-051
1415	70800	1.33614e-051
1416	70850	1.33614e-051
1417	70900	1.28914e-051
1418	70950	1.25843e-051
1419	71000	1.25843e-051
1420	71050	1.25843e-051
1421	71100	1.25843e-051
1422	71150	1.25843e-051
1423	71200	1.25843e-051
1424	71250	7.23644e-052
1425	71300	5.33736e-052
1426	71350	5.33736e-052
1427	71400	5.33736e-052
1428	71450	3.50044e-052
1429	71500	3.50044e-052
1430	71550	3.11441e-052
1431	71600	3.11441e-052
1432	71650	3.11441e-052
1433	71700	2.27118e-052
1434	71750	1.46e-052
1435	71800	1.46e-052
1436	71850	1.46e-052
1437	71900	1.46e-052
1438	71950	1.46e-052
1439	72000	1.46e-052
1440	72050	1.46e-052
1441	72100	1.46e-052
1442	72150	8.85244e-053
1443	72200	7.12884e-053
1444	72250	3.57452e-053
1445	72300	3.30403e-053
1446	72350	3.30403e-053
1447	72400	3.15421e-053
1448	72450	1.35089e-053
1449	72500	1.35089e-053
1450	72550	1.35089e-053
1451	72600	1.35089e-053
1452	72650	1.10741e-053
1453	72700	9.13811e-054
1454	72750	9.13811e-054
1455	72800	9.13811e-054
1456	72850	9.13811e-054
1457	72900	9.13811e-054
1458	72950	9.13811e-054
1459	73000	8.57151e-054
1460	73050	6.21149e-054
1461	73100	6.21149e-054
1462	73150	6.21149e-054
1463	73200	6.21149e-054
1464	73250	6.21149e-054
1465	73300	6.08619e-054
1466	73350	6.08619e-054
1467	73400	6.05663e-054
1468	73450	6.05663e-054
1469	73500	6.05663e-054
1470	73550	6.05663e-054
1471	73600	6.05663e-054
1472	73650	5.77983e-054
1473	73700	5.77983e-054
1474	73750	3.37186e-054
1475	73800	2.81485e-054
1476	73850	2.81485e-054
1477	73900	2.81485e-054
1478	73950	2.81485e-054
1479	74000	2.81485e-054
1480	74050	2.59579e-054
1481	74100	1.06586e-054
1482	74150	1.06586e-054
1483	74200	1.06586e-054
1484	74250	1.06586e-054
1485	74300	1.06586e-054
1486	74350	8.86514e-055
1487	74400	8.74238e-055
1488	74450	8.74238e-055
1489	74500	8.74238e-055
1490	74550	8.74238e-055
1491	74600	6.75995e-055
1492	74650	5.51449e-055
1493	74700	5.22459e-055
1494	74750	5.22459e-055
1495	74800	5.22459e-055
1496	74850	5.15044e-055
1497	74900	5.15044e-055
1498	74950	5.15044e-055
1499	75000	5.15044e-055
1500	75050	5.15044e-055
1501	75100	5.12426e-055
1502	75150	5.12426e-055
1503	75200	5.12426e-055
1504	75250	5.12426e-055
1505	75300	4.91175e-055
1506	75350	3.64939e-055
1507	75400	3.07332e-055
1508	75450	3.07332e-055
1509	75500	3.07332e-055
1510	75550	3.07332e-055
1511	75600	2.95497e-055
1512	75650	2.67917e-055
1513	75700	1.51652e-055
1514	75750	1.51652e-055
1515	75800	1.34699e-055
1516	75850	1.34699e-055
1517	75900	1.31923e-055
1518	75950	1.31923e-055
1519	76000	1.31714e-055
1520	76050	1.31714e-055
1521	76100	1.29687e-055
1522	76150	1.2805e-055
1523	76200	1.2805e-055
1524	76250	1.2805e-055
1525	76300	1.27104e-055
1526	76350	1.27104e-055
1527	76400	1.27104e-055
1528	76450	1.27104e-055
1529	76500	1.27104e-055
1530	76550	1.27044e-055
1531	76600	1.27044e-055
1532	76650	1.27044e-055
1533	76700	1.26224e-055
1534	76750	1.71834e-056
1535	76800	1.688e-056
1536	76850	1.688e-056
1537	76900	1.688e-056
1538	76950	1.688e-056
1539	77000	1.688e-056
1540	77050	7.41597e-057
1541	77100	7.41597e-057
1542	77150	7.41597e-057
1543	77200	7.41597e-057
1544	77250	7.41597e-057
1545	77300	7.41597e-057
1546	77350	7.41597e-057
1547	77400	6.6659e-057
1548	77450	1.68967e-057
1549	77500	1.51156e-057
1550	77550	1.51156e-057
1551	77600	1.51156e-057
1552	77650	1.51156e-057
1553	77700	5.3313e-058
1554	77750	5.3313e-058
1555	77800	5.3313e-058
1556	77850	5.3313e-058
1557	77900	5.3313e-058
1558	77950	5.3313e-058
1559	78000	5.02686e-058
1560	78050	2.14139e-058
1561	78100	2.14139e-058
1562	78150	2.14139e-058
1563	78200	2.14139e-058
1564	78250	1.97995e-058
1565	78300	1.97995e-058
1566	78350	1.97995e-058
1567	78400	1.97995e-058
1568	78450	1.97995e-058
1569	78500	1.97995e-058
1570	78550	1.93917e-058
1571	78600	1.93917e-058
1572	78650	1.30907e-058
1573	78700	1.30907e-058
1574	78750	1.09013e-058
1575	78800	9.81233e-059
1576	78850	9.81233e-059
1577	78900	9.81233e-059
1578	78950	9.75085e-059
1579	79000	6.24379e-059
1580	79050	5.94838e-059
1581	79100	5.94838e-059
1582	79150	5.77046e-059
1583	79200	5.77046e-059
1584	79250	5.14274e-059
1585	79300	3.79587e-059
1586	79350	3.79587e-059
1587	79400	2.99547e-059
1588	79450	1.79802e-059
1589	79500	1.79802e-059
1590	79550	1.76745e-059
1591	79600	1.76745e-059
1592	79650	1.23296e-059
1593	79700	1.23296e-059
1594	79750	1.23296e-059
1595	79800	1.20947e-059
1596	79850	1.20947e-059
1597	79900	1.20947e-059
1598	79950	1.20265e-059
1599	80000	1.11245e-059
1600	80050	1.11245e-059
1601	80100	1.11245e-059
1602	80150	1.11245e-059
1603	80200	1.11245e-059
1604	80250	1.11245e-059
1605	80300	1.1104e-059
1606	80350	1.1104e-059
1607	80400	1.1104e-059
1608	80450	1.10947e-059
1609	80500	8.26749e-060
1610	80550	8.26749e-060
1611	80600	8.26749e-060
1612	80650	3.75227e-060
1613	80700	3.75227e-060
1614	80750	3.75227e-060
1615	80800	3.54869e-060
1616	80850	3.54869e-060
1617	80900	3.53147e-060
1618	80950	3.52664e-060
1619	81000	3.07355e-060
1620	81050	3.07355e-060
1621	81100	2.55674e-060
1622	81150	2.55674e-060
1623	81200	1.25407e-060
1624	81250	1.23704e-060
1625	81300	1.07581e-060
1626	81350	7.65201e-061
1627	81400	7.65201e-061
1628	81450	7.65201e-061
1629	81500	3.53665e-061
1630	81550	3.53665e-061
1631	81600	3.53665e-061
1632	81650	2.90258e-061
1633	81700	2.1948e-061
1634	81750	2.1948e-061
1635	81800	2.1948e-061
1636	81850	2.11668e-061
1637	81900	2.11668e-061
1638	81950	2.11668e-061
1639	82000	2.11668e-061
1640	82050	2.11668e-061
1641	82100	2.11668e-061
1642	82150	2.09514e-061
1643	82200	1.59141e-061
1644	82250	1.43388e-061
1645	82300	1.43388e-061
1646	82350	1.43053e-061
1647	82400	1.30133e-061
1648	82450	1.30133e-061
1649	82500	1.30133e-061
1650	82550	1.07824e-061
1651	82600	1.07824e-061
1652	82650	1.07824e-061
1653	82700	8.60709e-062
1654	82750	8.60709e-062
1655	82800	8.60709e-062
1656	82850	7.58915e-062
1657	82900	6.78479e-062
1658	82950	6.78479e-062
1659	83000	6.47091e-062
1660	83050	6.44284e-062
1661	83100	6.44284e-062
1662	83150	5.94623e-062
1663	83200	5.94623e-062
1664	83250	5.42614e-062
1665	83300	5.42614e-062
1666	83350	5.42614e-062
1667	83400	3.18232e-062
1668	83450	3.18232e-062
1669	83500	1.15953e-062
1670	83550	1.13866e-062
1671	83600	1.13866e-062
1672	83650	9.71029e-063
1673	83700	9.71029e-063
1674	83750	9.71029e-063
1675	83800	9.70076e-063
1676	83850	9.70076e-063
1677	83900	9.70076e-063
1678	83950	9.70076e-063
1679	84000	9.52226e-063
1680	84050	9.52226e-063
1681	84100	8.71892e-063
1682	84150	8.71892e-063
1683	84200	8.71892e-063
1684	84250	8.71892e-063
1685	84300	8.71892e-063
1686	84350	8.71892e-063
1687	84400	8.71892e-063
1688	84450	8.71892e-063
1689	84500	7.29767e-063
1690	84550	7.182e-063
1691	84600	7.182e-063
1692	84650	4.65347e-063
1693	84700	4.10957e-063
1694	84750	5.06564e-064
1695	84800	5.06564e-064
1696	84850	5.06564e-064
1697	84900	5.06564e-064
1698	84950	5.06564e-064
1699	85000	5.06564e-064
1700	85050	5.06564e-064
1701	85100	5.06564e-064
1702	85150	4.92308e-064
1703	85200	4.76121e-064
1704	85250	4.07957e-064
1705	85300	4.07957e-064
1706	85350	3.18453e-064
1707	85400	3.18453e-064
1708	85450	3.17351e-064
1709	85500	1.61155e-064
1710	85550	1.58551e-064
1711	85600	1.43693e-064
1712	85650	1.43693e-064
1713	85700	1.29621e-064
1714	85750	1.29621e-064
1715	85800	1.29621e-064
1716	85850	1.29621e-064
1717	85900	1.18501e-064
1718	85950	1.18501e-064
1719	86000	1.18501e-064
1720	86050	1.05702e-064
1721	86100	1.05702e-064
1722	86150	1.05702e-064
1723	86200	1.04315e-064
1724	86250	1.04315e-064
1725	86300	2.24042e-065
1726	86350	2.24042e-065
1727	86400	2.24042e-065
1728	86450	2.24042e-065
1729	86500	1.11569e-065
1730	86550	1.08263e-065
1731	86600	1.07309e-065
1732	86650	1.06804e-065
1733	86700	1.06804e-065
1734	86750	6.97984e-066
1735	86800	5.6805e-066
1736	86850	5.6805e-066
1737	86900	5.6805e-066
1738	86950	4.81648e-066
1739	87000	4.24202e-066
1740	87050	4.24202e-066
1741	87100	2.64194e-066
1742	87150	2.64194e-066
1743	87200	2.53122e-066
1744	87250	2.53122e-066
1745	87300	2.53122e-066
1746	87350	2.53122e-066
1747	87400	2.53122e-066
1748	87450	2.47297e-066
1749	87500	2.00332e-066
1750	87550	1.95334e-066
1751	87600	1.95334e-066
1752	87650	1.91607e-066
1753	87700	1.66196e-066
1754	87750	1.66196e-066
1755	87800	1.62407e-066
1756	87850	1.61326e-066
1757	87900	1.61326e-066
1758	87950	1.61326e-066
1759	88000	1.4088e-066
1760	88050	1.4088e-066
1761	88100	1.4088e-066
1762	88150	1.39918e-066
1763	88200	1.28741e-066
1764	88250	1.28741e-066
1765	88300	1.04665e-066
1766	88350	1.04665e-066
1767	88400	1.04542e-066
1768	88450	1.97604e-067
1769	88500	1.82706e-067
1770	88550	1.82706e-067
1771	88600	1.82706e-067
1772	88650	1.82706e-067
1773	88700	1.22705e-067
1774	88750	1.22705e-067
1775	88800	1.22705e-067
1776	88850	5.45315e-068
1777	88900	4.09023e-068
1778	88950	4.09023e-068
1779	89000	4.09023e-068
1780	89050	4.09023e-068
1781	89100	4.09023e-068
1782	89150	4.09023e-068
1783	89200	4.02687e-068
1784	89250	2.91038e-068
1785	89300	1.27067e-068
1786	89350	1.27067e-068
1787	89400	1.27067e-068
1788	89450	1.27067e-068
1789	89500	1.00349e-068
1790	89550	1.00349e-068
1791	89600	7.80847e-069
1792	89650	7.43877e-069
1793	89700	7.43877e-069
1794	89750	7.43877e-069
1795	89800	7.43877e-069
1796	89850	5.17937e-069
1797	89900	5.17937e-069
1798	89950	5.17937e-069
1799	90000	4.61446e-069
1800	90050	4.61446e-069
1801	90100	4.61446e-069
1802	90150	4.61446e-069
1803	90200	4.61446e-069
1804	90250	4.61446e-069
1805	90300	4.61446e-069
1806	90350	4.45357e-069
1807	90400	4.45357e-069
1808	90450	4.45357e-069
1809	90500	4.45357e-069
1810	90550	4.45357e-069
1811	90600	4.45357e-069
1812	90650	4.45357e-069
1813	90700	3.96934e-069
1814	90750	3.96934e-069
1815	90800	2.10326e-069
1816	90850	2.10326e-069
1817	90900	2.10021e-069
1818	90950	2.10021e-069
1819	91000	2.0716e-069
1820	91050	2.0716e-069
1821	91100	2.0716e-069
1822	91150	1.98784e-069
1823	91200	1.98741e-069
1824	91250	1.86665e-069
1825	91300	1.61075e-069
1826	91350	1.61075e-069
1827	91400	1.5057e-069
1828	91450	6.56028e-070
1829	91500	6.33353e-070
1830	91550	6.33353e-070
1831	91600	6.33353e-070
1832	91650	6.33353e-070
1833	91700	6.33353e-070
1834	91750	5.79837e-070
1835	91800	5.79837e-070
1836	91850	5.79837e-070
1837	91900	5.35738e-070
1838	91950	5.35738e-070
1839	92000	1.83531e-070
1840	92050	1.83531e-070
1841	92100	1.83531e-070
1842	92150	1.55551e-070
1843	92200	5.63264e-071
1844	92250	5.39664e-071
1845	92300	5.22641e-071
1846	92350	5.22641e-071
1847	92400	5.04923e-071
1848	92450	4.96618e-071
1849	92500	4.96618e-071
1850	92550	3.31731e-071
1851	92600	3.31731e-071
1852	92650	3.31731e-071
1853	92700	3.31731e-071
1854	92750	3.31731e-071
1855	92800	3.31731e-071
1856	92850	3.15514e-071
1857	92900	3.15514e-071
1858	92950	3.13721e-071
1859	93000	3.13721e-071
1860	93050	3.13721e-071
1861	93100	1.30398e-071
1862	93150	1.22682e-071
1863	93200	1.22682e-071
1864	93250	1.22682e-071
1865	93300	1.22682e-071
1866	93350	1.22682e-071
1867	93400	1.21583e-071
1868	93450	1.1583e-071
1869	93500	9.89869e-072
1870	93550	9.48194e-072
1871	93600	4.36206e-072
1872	93650	4.36206e-072
1873	93700	4.36206e-072
1874	93750	4.09702e-072
1875	93800	3.88458e-072
1876	93850	2.68215e-072
1877	93900	2.47533e-072
1878	93950	2.34339e-072
1879	94000	2.34339e-072
1880	94050	2.34339e-072
1881	94100	3.93129e-073
1882	94150	3.93129e-073
1883	94200	3.93129e-073
1884	94250	3.93129e-073
1885	94300	3.74688e-073
1886	94350	3.49814e-073
1887	94400	1.55285e-073
1888	94450	1.55285e-073
1889	94500	1.55285e-073
1890	94550	8.1806e-074
1891	94600	8.1806e-074
1892	94650	8.1806e-074
1893	94700	8.1806e-074
1894	94750	5.45014e-074
1895	94800	5.45014e-074
1896	94850	5.45014e-074
1897	94900	5.45014e-074
1898	94950	4.6583e-074
1899	95000	4.6583e-074
1900	95050	4.23879e-074
1901	95100	4.23879e-074
1902	95150	4.23879e-074
1903	95200	4.23879e-074
1904	95250	4.23879e-074
1905	95300	4.23879e-074
1906	95350	4.12694e-074
1907	95400	4.12694e-074
1908	95450	4.12694e-074
1909	95500	2.45986e-074
1910	95550	2.45986e-074
1911	95600	2.45986e-074
1912	95650	2.45986e-074
1913	95700	1.6386e-074
1914	95750	1.6386e-074
1915	95800	1.30242e-074
1916	95850	1.30242e-074
1917	95900	1.30242e-074
1918	95950	1.30242e-074
1919	96000	1.30242e-074
1920	96050	1.17823e-074
1921	96100	1.17823e-074
1922	96150	1.17823e-074
1923	96200	1.17823e-074
1924	96250	1.12482e-074
1925	96300	1.12482e-074
1926	96350	1.12482e-074
1927	96400	8.48682e-075
1928	96450	7.67528e-075
1929	96500	5.96494e-075
1930	96550	3.74581e-075
1931	96600	3.45407e-075
1932	96650	3.45407e-075
1933	96700	3.45407e-075
1934	96750	3.45407e-075
1935	96800	3.45407e-075
1936	96850	3.42043e-075
1937	96900	3.42043e-075
1938	96950	3.42043e-075
1939	97000	3.42043e-075
1940	97050	3.19339e-075
1941	97100	3.19339e-075
1942	97150	3.19339e-075
1943	97200	3.00289e-075
1944	97250	3.00289e-075
1945	97300	3.00289e-075
1946	97350	2.98834e-075
1947	97400	2.98834e-075
1948	97450	2.98834e-075
1949	97500	2.93456e-075
1950	97550	8.40522e-076
1951	97600	8.40522e-076
1952	97650	8.40522e-076
1953	97700	8.3927e-076
1954	97750	5.88688e-076
1955	97800	5.88688e-076
1956	97850	5.88688e-076
1957	97900	5.88688e-076
1958	97950	3.57191e-076
1959	98000	1.77667e-076
1960	98050	1.77667e-076
1961	98100	1.37381e-076
1962	98150	1.37381e-076
1963	98200	1.37381e-076
1964	98250	7.56781e-077
1965	98300	7.56781e-077
1966	98350	7.56781e-077
1967	98400	7.56781e-077
1968	98450	7.56781e-077
1969	98500	4.90516e-077
1970	98550	4.90516e-077
1971	98600	4.90516e-077
1972	98650	4.90516e-077
1973	98700	4.6178e-077
1974	98750	3.78335e-077
1975	98800	3.75901e-077
1976	98850	3.75901e-077
1977	98900	3.37976e-077
1978	98950	3.37976e-077
1979	99000	3.37976e-077
1980	99050	2.79678e-077
1981	99100	2.49209e-077
1982	99150	2.49209e-077
1983	99200	2.44517e-077
1984	99250	2.44517e-077
1985	99300	1.90857e-077
1986	99350	1.3943e-077
1987	99400	1.06411e-077
1988	99450	1.06411e-077
1989	99500	7.28125e-078
1990	99550	5.85705e-078
1991	99600	5.85705e-078
1992	99650	5.85705e-078
1993	99700	5.65924e-078
1994	99750	5.65924e-078
1995	99800	5.65924e-078
1996	99850	4.7059e-078
1997	99900	4.7059e-078
1998	99950	3.38088e-078
1999	100000	3.38088e-078
2000	100050	3.38088e-078
