1	100	0
2	150	1422.89
3	200	1127.04
4	250	1127.04
5	300	967.142
6	350	822.602
7	400	507.72
8	450	507.72
9	500	502.05
10	550	502.05
11	600	502.05
12	650	306.322
13	700	306.322
14	750	270.467
15	800	270.467
16	850	270.467
17	900	270.288
18	950	270.288
19	1000	270.288
20	1050	270.288
21	1100	270.288
22	1150	270.288
23	1200	270.288
24	1250	270.288
25	1300	270.288
26	1350	166.403
27	1400	166.403
28	1450	166.403
29	1500	152.839
30	1550	152.839
31	1600	152.839
32	1650	152.839
33	1700	145.329
34	1750	107.121
35	1800	100.449
36	1850	100.449
37	1900	96.1899
38	1950	96.1899
39	2000	96.0717
40	2050	96.0717
41	2100	73.1556
42	2150	73.1556
43	2200	63.4545
44	2250	63.4545
45	2300	63.4545
46	2350	63.4545
47	2400	63.4545
48	2450	63.4545
49	2500	63.4545
50	2550	63.4545
51	2600	63.4545
52	2650	63.4545
53	2700	63.4545
54	2750	60.9734
55	2800	53.6558
56	2850	50.82
57	2900	26.8418
58	2950	26.8418
59	3000	26.8418
60	3050	26.5309
61	3100	26.5309
62	3150	26.5309
63	3200	26.5309
64	3250	26.5309
65	3300	26.5309
66	3350	26.5309
67	3400	26.5309
68	3450	26.5309
69	3500	26.5309
70	3550	24.3446
71	3600	11.769
72	3650	11.769
73	3700	11.7062
74	3750	11.7062
75	3800	11.7062
76	3850	11.7062
77	3900	11.7062
78	3950	10.5547
79	4000	8.94861
80	4050	3.91734
81	4100	3.91734
82	4150	3.91734
83	4200	3.91734
84	4250	3.91734
85	4300	2.95725
86	4350	2.18511
87	4400	2.17338
88	4450	2.12587
89	4500	2.12587
90	4550	2.12587
91	4600	2.12587
92	4650	2.12587
93	4700	1.92886
94	4750	1.92188
95	4800	1.92188
96	4850	1.92188
97	4900	1.92188
98	4950	1.92188
99	5000	1.86236
100	5050	1.86236
101	5100	1.45533
102	5150	1.45533
103	5200	1.45533
104	5250	1.45533
105	5300	1.37756
106	5350	1.37756
107	5400	0.43268
108	5450	0.43268
109	5500	0.43268
110	5550	0.43268
111	5600	0.43268
112	5650	0.399607
113	5700	0.399607
114	5750	0.399607
115	5800	0.399607
116	5850	0.0883284
117	5900	0.0739481
118	5950	0.0739481
119	6000	0.0739481
120	6050	0.0739481
121	6100	0.0633029
122	6150	0.0633029
123	6200	0.0633029
124	6250	0.0633029
125	6300	0.0633029
126	6350	0.0633029
127	6400	0.0633029
128	6450	0.0633029
129	6500	0.0631575
130	6550	0.0631575
131	6600	0.0631575
132	6650	0.0631575
133	6700	0.0631575
134	6750	0.0631575
135	6800	0.044881
136	6850	0.044881
137	6900	0.044881
138	6950	0.044881
139	7000	0.044881
140	7050	0.044881
141	7100	0.044881
142	7150	0.044881
143	7200	0.044881
144	7250	0.044881
145	7300	0.0444464
146	7350	0.0444464
147	7400	0.0444464
148	7450	0.0444464
149	7500	0.0444464
150	7550	0.0145027
151	7600	0.0145027
152	7650	0.0143935
153	7700	0.0139095
154	7750	0.00904552
155	7800	0.00904552
156	7850	0.00904552
157	7900	0.00904552
158	7950	0.00889624
159	8000	0.00889624
160	8050	0.00889624
161	8100	0.0050317
162	8150	0.0050317
163	8200	0.00481666
164	8250	0.00481666
165	8300	0.00481666
166	8350	0.00418544
167	8400	0.00418544
168	8450	0.00418544
169	8500	0.00418544
170	8550	0.00365892
171	8600	0.00365892
172	8650	0.00365892
173	8700	0.00365892
174	8750	0.00365892
175	8800	0.00365892
176	8850	0.00351686
177	8900	0.00351686
178	8950	0.00351686
179	9000	0.00319499
180	9050	0.00232052
181	9100	0.00232052
182	9150	0.00192104
183	9200	0.00192104
184	9250	0.000800007
185	9300	0.000800007
186	9350	0.000800007
187	9400	0.000709976
188	9450	0.000709976
189	9500	0.000709976
190	9550	0.000709976
191	9600	0.000709976
192	9650	0.000677977
193	9700	0.000677977
194	9750	0.000677977
195	9800	0.000677977
196	9850	0.000677977
197	9900	0.000641521
198	9950	0.000641521
199	10000	0.000641521
200	10050	0.000641521
201	10100	0.000624273
202	10150	0.000624273
203	10200	0.000470066
204	10250	0.000470066
205	10300	0.000276816
206	10350	0.000276816
207	10400	0.000208804
208	10450	0.000208804
209	10500	0.000208804
210	10550	0.000108503
211	10600	0.000108503
212	10650	0.000108503
213	10700	0.000108503
214	10750	0.000108503
215	10800	0.000108503
216	10850	0.000108503
217	10900	0.000108503
218	10950	0.000108503
219	11000	0.000108503
220	11050	0.000108503
221	11100	0.000108503
222	11150	0.000108503
223	11200	7.11567e-005
224	11250	7.11567e-005
225	11300	7.11567e-005
226	11350	7.11567e-005
227	11400	5.98324e-005
228	11450	5.98324e-005
229	11500	5.98324e-005
230	11550	5.98324e-005
231	11600	5.98324e-005
232	11650	5.98324e-005
233	11700	5.98324e-005
234	11750	5.81837e-005
235	11800	2.04658e-005
236	11850	1.98059e-005
237	11900	1.98059e-005
238	11950	1.12066e-005
239	12000	8.29104e-006
240	12050	8.29104e-006
241	12100	8.29104e-006
242	12150	8.29104e-006
243	12200	8.29104e-006
244	12250	8.29104e-006
245	12300	6.12843e-006
246	12350	6.12843e-006
247	12400	5.03656e-006
248	12450	5.03124e-006
249	12500	5.03124e-006
250	12550	5.03124e-006
251	12600	5.03124e-006
252	12650	5.03124e-006
253	12700	4.94733e-006
254	12750	4.94733e-006
255	12800	3.48425e-006
256	12850	3.48425e-006
257	12900	3.48425e-006
258	12950	3.48425e-006
259	13000	3.48425e-006
260	13050	3.15513e-006
261	13100	3.15513e-006
262	13150	3.15513e-006
263	13200	3.15513e-006
264	13250	3.15513e-006
265	13300	3.15513e-006
266	13350	3.15513e-006
267	13400	3.15513e-006
268	13450	3.15513e-006
269	13500	3.15513e-006
270	13550	3.03751e-006
271	13600	2.82236e-006
272	13650	2.68336e-006
273	13700	2.68336e-006
274	13750	2.47859e-006
275	13800	2.38879e-006
276	13850	2.38879e-006
277	13900	1.64037e-006
278	13950	9.29295e-007
279	14000	8.64272e-007
280	14050	8.64272e-007
281	14100	8.64272e-007
282	14150	7.99595e-007
283	14200	7.99595e-007
284	14250	7.99595e-007
285	14300	7.99595e-007
286	14350	7.99595e-007
287	14400	6.93045e-007
288	14450	6.93045e-007
289	14500	6.93045e-007
290	14550	6.38562e-007
291	14600	6.38562e-007
292	14650	6.38562e-007
293	14700	6.38325e-007
294	14750	6.38325e-007
295	14800	5.82567e-007
296	14850	3.49994e-007
297	14900	3.49994e-007
298	14950	3.49994e-007
299	15000	3.49994e-007
300	15050	3.49994e-007
301	15100	3.49739e-007
302	15150	3.49739e-007
303	15200	3.49739e-007
304	15250	3.49739e-007
305	15300	3.49739e-007
306	15350	3.49739e-007
307	15400	3.49739e-007
308	15450	3.08362e-007
309	15500	3.08362e-007
310	15550	3.08046e-007
311	15600	3.05467e-007
312	15650	2.86278e-007
313	15700	1.97202e-007
314	15750	1.91632e-007
315	15800	1.89884e-007
316	15850	1.85727e-007
317	15900	1.85727e-007
318	15950	1.84694e-007
319	16000	1.84694e-007
320	16050	1.84694e-007
321	16100	1.84694e-007
322	16150	1.84694e-007
323	16200	1.75419e-007
324	16250	1.74531e-007
325	16300	2.67224e-008
326	16350	2.31669e-008
327	16400	2.31669e-008
328	16450	2.31669e-008
329	16500	2.21519e-008
330	16550	2.21519e-008
331	16600	2.21519e-008
332	16650	2.21519e-008
333	16700	2.21519e-008
334	16750	2.21519e-008
335	16800	2.21519e-008
336	16850	2.21519e-008
337	16900	2.21519e-008
338	16950	2.21519e-008
339	17000	2.21519e-008
340	17050	2.21519e-008
341	17100	2.09894e-008
342	17150	2.09894e-008
343	17200	2.09075e-008
344	17250	2.09075e-008
345	17300	2.09075e-008
346	17350	2.09075e-008
347	17400	2.07496e-008
348	17450	2.07496e-008
349	17500	1.99016e-008
350	17550	1.99016e-008
351	17600	1.99016e-008
352	17650	1.99016e-008
353	17700	1.21611e-008
354	17750	1.21611e-008
355	17800	1.09416e-008
356	17850	1.09416e-008
357	17900	1.09416e-008
358	17950	1.09416e-008
359	18000	1.09416e-008
360	18050	1.09416e-008
361	18100	1.09416e-008
362	18150	1.09416e-008
363	18200	1.09416e-008
364	18250	1.09416e-008
365	18300	1.09416e-008
366	18350	4.47207e-009
367	18400	4.47207e-009
368	18450	4.47207e-009
369	18500	3.4812e-009
370	18550	1.23905e-009
371	18600	1.23905e-009
372	18650	1.23905e-009
373	18700	1.23905e-009
374	18750	8.06758e-010
375	18800	8.06758e-010
376	18850	8.06758e-010
377	18900	7.45545e-010
378	18950	7.45545e-010
379	19000	7.45545e-010
380	19050	7.45545e-010
381	19100	7.3732e-010
382	19150	7.3732e-010
383	19200	7.3732e-010
384	19250	4.82872e-010
385	19300	4.82872e-010
386	19350	3.68344e-010
387	19400	3.68344e-010
388	19450	3.68344e-010
389	19500	3.68344e-010
390	19550	3.17283e-010
391	19600	3.17283e-010
392	19650	2.30592e-010
393	19700	2.30592e-010
394	19750	2.30592e-010
395	19800	2.30592e-010
396	19850	1.33402e-010
397	19900	1.33402e-010
398	19950	1.33402e-010
399	20000	1.33152e-010
400	20050	1.33152e-010
401	20100	1.26434e-010
402	20150	1.26434e-010
403	20200	1.21628e-010
404	20250	1.21628e-010
405	20300	1.21628e-010
406	20350	1.21628e-010
407	20400	1.14123e-010
408	20450	9.95041e-011
409	20500	7.53501e-011
410	20550	7.53501e-011
411	20600	5.88005e-011
412	20650	5.88005e-011
413	20700	5.88005e-011
414	20750	3.78097e-011
415	20800	3.6256e-011
416	20850	3.6256e-011
417	20900	2.22688e-011
418	20950	2.22688e-011
419	21000	2.22688e-011
420	21050	2.18412e-011
421	21100	1.83898e-011
422	21150	1.83898e-011
423	21200	1.83898e-011
424	21250	1.83898e-011
425	21300	1.83898e-011
426	21350	1.83898e-011
427	21400	1.80307e-011
428	21450	1.80307e-011
429	21500	1.80307e-011
430	21550	1.80307e-011
431	21600	1.80307e-011
432	21650	1.80307e-011
433	21700	1.80307e-011
434	21750	1.80307e-011
435	21800	1.80307e-011
436	21850	1.72578e-011
437	21900	1.72578e-011
438	21950	1.62154e-011
439	22000	1.62154e-011
440	22050	1.62154e-011
441	22100	1.62154e-011
442	22150	1.62154e-011
443	22200	1.61287e-011
444	22250	1.61287e-011
445	22300	6.70775e-012
446	22350	6.70775e-012
447	22400	6.70775e-012
448	22450	5.57775e-012
449	22500	5.57775e-012
450	22550	5.57775e-012
451	22600	5.57775e-012
452	22650	4.19535e-012
453	22700	4.19535e-012
454	22750	2.66495e-012
455	22800	2.66495e-012
456	22850	2.51382e-012
457	22900	2.51382e-012
458	22950	2.51382e-012
459	23000	2.51382e-012
460	23050	2.51382e-012
461	23100	2.47196e-012
462	23150	2.27901e-012
463	23200	2.27901e-012
464	23250	2.27901e-012
465	23300	1.47197e-012
466	23350	1.47197e-012
467	23400	1.47197e-012
468	23450	1.38952e-012
469	23500	1.3839e-012
470	23550	1.3839e-012
471	23600	1.3839e-012
472	23650	1.258e-012
473	23700	1.07922e-012
474	23750	1.07922e-012
475	23800	1.06778e-012
476	23850	1.03191e-012
477	23900	3.88912e-013
478	23950	3.88912e-013
479	24000	3.88912e-013
480	24050	3.88912e-013
481	24100	3.88912e-013
482	24150	3.62521e-013
483	24200	3.53204e-013
484	24250	3.53204e-013
485	24300	1.85731e-013
486	24350	1.20634e-013
487	24400	1.04697e-013
488	24450	9.20184e-014
489	24500	7.11858e-014
490	24550	6.0238e-014
491	24600	6.0238e-014
492	24650	6.0238e-014
493	24700	6.0238e-014
494	24750	4.68242e-014
495	24800	4.68242e-014
496	24850	4.68242e-014
497	24900	4.68242e-014
498	24950	4.68242e-014
499	25000	4.67474e-014
500	25050	4.67474e-014
501	25100	4.67474e-014
502	25150	4.67474e-014
503	25200	4.67474e-014
504	25250	4.59623e-014
505	25300	3.7685e-014
506	25350	3.7685e-014
507	25400	3.7685e-014
508	25450	3.7685e-014
509	25500	3.61103e-014
510	25550	1.75566e-014
511	25600	1.15741e-014
512	25650	1.15741e-014
513	25700	1.15741e-014
514	25750	8.09192e-015
515	25800	8.09192e-015
516	25850	8.01269e-015
517	25900	8.01269e-015
518	25950	6.18676e-015
519	26000	6.18676e-015
520	26050	5.14748e-015
521	26100	5.14748e-015
522	26150	5.14748e-015
523	26200	3.79508e-015
524	26250	3.79508e-015
525	26300	3.79508e-015
526	26350	3.53994e-015
527	26400	3.06711e-015
528	26450	3.06711e-015
529	26500	3.06711e-015
530	26550	2.51732e-015
531	26600	1.21032e-015
532	26650	1.21032e-015
533	26700	1.21032e-015
534	26750	1.01624e-015
535	26800	4.4834e-016
536	26850	4.4834e-016
537	26900	4.4834e-016
538	26950	4.41969e-016
539	27000	4.41969e-016
540	27050	4.41969e-016
541	27100	4.41969e-016
542	27150	4.41969e-016
543	27200	4.41969e-016
544	27250	4.41969e-016
545	27300	4.41969e-016
546	27350	4.41969e-016
547	27400	4.41969e-016
548	27450	3.71221e-016
549	27500	3.71221e-016
550	27550	3.70838e-016
551	27600	3.70838e-016
552	27650	3.69226e-016
553	27700	3.50372e-016
554	27750	3.3891e-016
555	27800	3.3891e-016
556	27850	7.58343e-017
557	27900	7.58343e-017
558	27950	7.58343e-017
559	28000	7.58343e-017
560	28050	7.58343e-017
561	28100	7.58343e-017
562	28150	7.58343e-017
563	28200	7.58343e-017
564	28250	7.1504e-017
565	28300	7.1504e-017
566	28350	7.1504e-017
567	28400	6.10601e-017
568	28450	6.10601e-017
569	28500	6.10601e-017
570	28550	6.10601e-017
571	28600	6.10601e-017
572	28650	6.10601e-017
573	28700	6.10601e-017
574	28750	6.10601e-017
575	28800	6.10601e-017
576	28850	5.94192e-017
577	28900	5.94192e-017
578	28950	5.94192e-017
579	29000	5.94192e-017
580	29050	5.94192e-017
581	29100	5.03975e-017
582	29150	3.72632e-017
583	29200	3.72632e-017
584	29250	3.72632e-017
585	29300	3.72632e-017
586	29350	3.20949e-017
587	29400	3.20949e-017
588	29450	3.20949e-017
589	29500	9.82145e-018
590	29550	9.82145e-018
591	29600	9.82145e-018
592	29650	9.82145e-018
593	29700	9.82145e-018
594	29750	9.82145e-018
595	29800	9.82145e-018
596	29850	9.82145e-018
597	29900	9.82145e-018
598	29950	9.82145e-018
599	30000	9.82145e-018
600	30050	8.79873e-018
601	30100	8.79873e-018
602	30150	6.08522e-018
603	30200	6.08522e-018
604	30250	6.08522e-018
605	30300	6.08522e-018
606	30350	5.92603e-018
607	30400	5.92603e-018
608	30450	5.92603e-018
609	30500	5.05993e-018
610	30550	5.05993e-018
611	30600	5.05993e-018
612	30650	5.00053e-018
613	30700	5.00053e-018
614	30750	5.00053e-018
615	30800	5.00053e-018
616	30850	5.00053e-018
617	30900	4.7499e-018
618	30950	4.66957e-018
619	31000	4.35311e-018
620	31050	4.35311e-018
621	31100	4.24156e-018
622	31150	1.68881e-018
623	31200	1.68881e-018
624	31250	1.68881e-018
625	31300	1.42187e-018
626	31350	1.42187e-018
627	31400	1.42187e-018
628	31450	1.42187e-018
629	31500	1.42187e-018
630	31550	1.42187e-018
631	31600	1.42187e-018
632	31650	1.42187e-018
633	31700	1.42187e-018
634	31750	9.48482e-019
635	31800	9.48482e-019
636	31850	9.48482e-019
637	31900	9.27627e-019
638	31950	6.77096e-019
639	32000	6.13913e-019
640	32050	6.13913e-019
641	32100	4.68241e-019
642	32150	4.67533e-019
643	32200	4.67533e-019
644	32250	3.5562e-019
645	32300	3.5562e-019
646	32350	3.5562e-019
647	32400	3.5562e-019
648	32450	3.28947e-019
649	32500	2.93758e-019
650	32550	2.39686e-019
651	32600	2.34524e-019
652	32650	1.37697e-019
653	32700	1.37697e-019
654	32750	1.37697e-019
655	32800	5.99826e-020
656	32850	5.99826e-020
657	32900	5.99826e-020
658	32950	5.99826e-020
659	33000	5.99826e-020
660	33050	5.99826e-020
661	33100	5.99826e-020
662	33150	5.99826e-020
663	33200	5.99826e-020
664	33250	5.99826e-020
665	33300	5.97653e-020
666	33350	5.97653e-020
667	33400	5.97653e-020
668	33450	5.97653e-020
669	33500	5.97653e-020
670	33550	7.18582e-021
671	33600	5.35278e-021
672	33650	5.35278e-021
673	33700	5.35278e-021
674	33750	4.89983e-021
675	33800	4.89983e-021
676	33850	4.89983e-021
677	33900	4.89983e-021
678	33950	4.52083e-021
679	34000	4.52083e-021
680	34050	3.95015e-021
681	34100	3.95015e-021
682	34150	3.95015e-021
683	34200	3.95015e-021
684	34250	3.2552e-021
685	34300	3.2552e-021
686	34350	3.2552e-021
687	34400	3.2552e-021
688	34450	3.15616e-021
689	34500	3.15616e-021
690	34550	3.15616e-021
691	34600	3.15616e-021
692	34650	3.15616e-021
693	34700	3.15616e-021
694	34750	1.95184e-021
695	34800	1.95184e-021
696	34850	1.95184e-021
697	34900	1.95184e-021
698	34950	1.95184e-021
699	35000	1.53173e-021
700	35050	1.53173e-021
701	35100	1.53173e-021
702	35150	1.53173e-021
703	35200	1.53173e-021
704	35250	1.53173e-021
705	35300	1.49055e-021
706	35350	1.29631e-021
707	35400	1.09585e-021
708	35450	1.09585e-021
709	35500	1.09585e-021
710	35550	9.64869e-022
711	35600	9.64869e-022
712	35650	9.3741e-022
713	35700	9.3741e-022
714	35750	9.3741e-022
715	35800	9.22415e-022
716	35850	9.22415e-022
717	35900	5.07447e-022
718	35950	5.07447e-022
719	36000	5.07447e-022
720	36050	4.9415e-022
721	36100	4.9415e-022
722	36150	4.9415e-022
723	36200	4.9415e-022
724	36250	4.9415e-022
725	36300	4.9415e-022
726	36350	2.87583e-022
727	36400	1.71831e-022
728	36450	1.71831e-022
729	36500	1.065e-022
730	36550	1.03238e-022
731	36600	1.03238e-022
732	36650	1.03238e-022
733	36700	8.99098e-023
734	36750	8.99098e-023
735	36800	8.99098e-023
736	36850	8.99098e-023
737	36900	8.99098e-023
738	36950	8.99098e-023
739	37000	8.5886e-023
740	37050	8.5886e-023
741	37100	8.5886e-023
742	37150	8.5886e-023
743	37200	5.83061e-023
744	37250	4.85563e-023
745	37300	4.85563e-023
746	37350	4.85563e-023
747	37400	2.76289e-023
748	37450	2.07072e-023
749	37500	2.07072e-023
750	37550	2.07072e-023
751	37600	2.07072e-023
752	37650	2.07072e-023
753	37700	2.07072e-023
754	37750	2.07059e-023
755	37800	2.07059e-023
756	37850	1.41295e-023
757	37900	1.41295e-023
758	37950	1.41295e-023
759	38000	1.41295e-023
760	38050	1.41295e-023
761	38100	1.02134e-023
762	38150	1.02134e-023
763	38200	1.00584e-023
764	38250	1.00584e-023
765	38300	4.39012e-024
766	38350	4.39012e-024
767	38400	4.35908e-024
768	38450	3.72565e-024
769	38500	3.72565e-024
770	38550	3.72565e-024
771	38600	3.72565e-024
772	38650	3.72565e-024
773	38700	3.72565e-024
774	38750	3.72565e-024
775	38800	3.72565e-024
776	38850	3.72565e-024
777	38900	3.72565e-024
778	38950	3.72565e-024
779	39000	3.68936e-024
780	39050	3.68936e-024
781	39100	3.68936e-024
782	39150	3.68936e-024
783	39200	3.2859e-024
784	39250	3.08742e-024
785	39300	3.07333e-024
786	39350	2.63909e-024
787	39400	2.63769e-024
788	39450	2.63769e-024
789	39500	2.54428e-024
790	39550	2.54428e-024
791	39600	8.12866e-025
792	39650	8.12866e-025
793	39700	8.12866e-025
794	39750	6.87317e-025
795	39800	6.87317e-025
796	39850	4.25447e-025
797	39900	4.25447e-025
798	39950	3.25652e-025
799	40000	3.25652e-025
800	40050	3.25652e-025
801	40100	2.8263e-025
802	40150	2.20752e-025
803	40200	2.20752e-025
804	40250	1.15431e-025
805	40300	9.67468e-026
806	40350	9.67468e-026
807	40400	9.67468e-026
808	40450	9.67468e-026
809	40500	9.16161e-026
810	40550	9.16161e-026
811	40600	4.88733e-026
812	40650	4.88733e-026
813	40700	4.84699e-026
814	40750	4.84699e-026
815	40800	4.84699e-026
816	40850	4.84699e-026
817	40900	4.84699e-026
818	40950	4.84699e-026
819	41000	4.84699e-026
820	41050	4.84699e-026
821	41100	4.84699e-026
822	41150	4.84699e-026
823	41200	4.84699e-026
824	41250	2.3676e-026
825	41300	1.10158e-026
826	41350	9.262e-027
827	41400	9.262e-027
828	41450	6.91887e-027
829	41500	6.91887e-027
830	41550	6.91887e-027
831	41600	5.50828e-027
832	41650	4.92323e-027
833	41700	4.92323e-027
834	41750	4.92323e-027
835	41800	4.92323e-027
836	41850	4.92323e-027
837	41900	4.92323e-027
838	41950	4.92323e-027
839	42000	4.92323e-027
840	42050	4.05759e-027
841	42100	4.05759e-027
842	42150	4.05759e-027
843	42200	4.05759e-027
844	42250	4.05759e-027
845	42300	4.05759e-027
846	42350	4.05759e-027
847	42400	4.05759e-027
848	42450	4.05759e-027
849	42500	4.05759e-027
850	42550	2.83544e-027
851	42600	2.65271e-027
852	42650	2.65271e-027
853	42700	2.65271e-027
854	42750	2.65271e-027
855	42800	2.65271e-027
856	42850	2.65271e-027
857	42900	2.65271e-027
858	42950	1.30222e-027
859	43000	1.30222e-027
860	43050	1.30222e-027
861	43100	1.28098e-027
862	43150	9.87343e-028
863	43200	9.87343e-028
864	43250	9.87343e-028
865	43300	9.87343e-028
866	43350	8.6822e-028
867	43400	8.3376e-028
868	43450	7.32125e-028
869	43500	7.32125e-028
870	43550	4.71525e-028
871	43600	3.88547e-028
872	43650	3.22016e-028
873	43700	3.22016e-028
874	43750	3.22016e-028
875	43800	2.433e-028
876	43850	1.47583e-028
877	43900	1.47583e-028
878	43950	1.35743e-028
879	44000	1.35743e-028
880	44050	1.35743e-028
881	44100	1.00546e-028
882	44150	1.00546e-028
883	44200	8.64864e-029
884	44250	8.64864e-029
885	44300	8.64864e-029
886	44350	8.64864e-029
887	44400	8.64864e-029
888	44450	8.64864e-029
889	44500	8.64864e-029
890	44550	8.64864e-029
891	44600	8.64864e-029
892	44650	6.32022e-029
893	44700	6.32022e-029
894	44750	5.29153e-029
895	44800	5.29153e-029
896	44850	5.29153e-029
897	44900	5.29153e-029
898	44950	5.29153e-029
899	45000	5.29153e-029
900	45050	5.17983e-029
901	45100	4.93823e-029
902	45150	4.79637e-029
903	45200	1.55557e-029
904	45250	1.55557e-029
905	45300	1.55557e-029
906	45350	8.35525e-030
907	45400	8.35525e-030
908	45450	8.35525e-030
909	45500	8.35525e-030
910	45550	8.35525e-030
911	45600	8.35525e-030
912	45650	8.35525e-030
913	45700	8.35525e-030
914	45750	8.35525e-030
915	45800	5.60907e-030
916	45850	5.60907e-030
917	45900	5.60907e-030
918	45950	4.19998e-030
919	46000	4.19998e-030
920	46050	4.10349e-030
921	46100	4.10349e-030
922	46150	3.84524e-030
923	46200	3.84524e-030
924	46250	3.84524e-030
925	46300	3.84524e-030
926	46350	3.8249e-030
927	46400	2.62723e-030
928	46450	2.62723e-030
929	46500	2.62723e-030
930	46550	2.62723e-030
931	46600	2.62723e-030
932	46650	2.62723e-030
933	46700	2.62723e-030
934	46750	2.14545e-030
935	46800	1.7029e-030
936	46850	1.69789e-030
937	46900	1.69789e-030
938	46950	1.69789e-030
939	47000	1.18334e-030
940	47050	1.13279e-030
941	47100	1.13279e-030
942	47150	1.13279e-030
943	47200	1.11947e-030
944	47250	1.11947e-030
945	47300	4.71872e-031
946	47350	4.71872e-031
947	47400	4.71872e-031
948	47450	4.71872e-031
949	47500	4.71872e-031
950	47550	4.71872e-031
951	47600	4.71872e-031
952	47650	4.71872e-031
953	47700	3.81128e-031
954	47750	3.69313e-031
955	47800	3.69313e-031
956	47850	3.69313e-031
957	47900	1.08896e-031
958	47950	1.08896e-031
959	48000	1.08896e-031
960	48050	1.05675e-031
961	48100	1.05675e-031
962	48150	1.05675e-031
963	48200	9.67854e-032
964	48250	9.67854e-032
965	48300	9.67854e-032
966	48350	9.67854e-032
967	48400	9.67854e-032
968	48450	9.42726e-032
969	48500	8.87501e-032
970	48550	8.87501e-032
971	48600	8.87501e-032
972	48650	8.87501e-032
973	48700	8.87501e-032
974	48750	8.87501e-032
975	48800	7.02198e-032
976	48850	7.02198e-032
977	48900	7.02198e-032
978	48950	6.3082e-032
979	49000	3.76164e-032
980	49050	2.41512e-032
981	49100	2.41512e-032
982	49150	2.41512e-032
983	49200	2.41512e-032
984	49250	2.41512e-032
985	49300	2.41512e-032
986	49350	2.07325e-032
987	49400	2.07325e-032
988	49450	1.9838e-032
989	49500	8.05744e-033
990	49550	8.05744e-033
991	49600	8.05744e-033
992	49650	7.89055e-033
993	49700	7.60255e-033
994	49750	7.14369e-033
995	49800	6.14117e-033
996	49850	3.99264e-033
997	49900	3.99264e-033
998	49950	3.99264e-033
999	50000	3.99264e-033
1000	50050	3.20869e-033
1001	50100	3.20869e-033
1002	50150	3.20869e-033
1003	50200	3.20869e-033
1004	50250	2.62839e-033
1005	50300	2.24493e-033
1006	50350	1.69322e-033
1007	50400	1.69322e-033
1008	50450	1.69322e-033
1009	50500	1.69322e-033
1010	50550	1.69322e-033
1011	50600	8.58727e-034
1012	50650	8.58727e-034
1013	50700	6.67152e-034
1014	50750	6.48246e-034
1015	50800	4.74133e-034
1016	50850	4.74133e-034
1017	50900	4.67063e-034
1018	50950	4.15088e-034
1019	51000	3.88172e-034
1020	51050	2.68319e-034
1021	51100	2.68319e-034
1022	51150	2.68319e-034
1023	51200	2.68319e-034
1024	51250	2.56726e-034
1025	51300	2.2998e-034
1026	51350	2.2998e-034
1027	51400	1.7796e-034
1028	51450	1.7796e-034
1029	51500	1.76312e-034
1030	51550	1.12998e-034
1031	51600	1.12998e-034
1032	51650	1.12998e-034
1033	51700	5.73782e-035
1034	51750	5.73782e-035
1035	51800	5.73782e-035
1036	51850	4.36164e-035
1037	51900	4.36164e-035
1038	51950	4.36164e-035
1039	52000	4.36164e-035
1040	52050	2.74417e-035
1041	52100	2.74417e-035
1042	52150	2.58753e-035
1043	52200	2.58753e-035
1044	52250	2.58753e-035
1045	52300	2.20078e-035
1046	52350	1.33277e-035
1047	52400	1.33277e-035
1048	52450	1.33277e-035
1049	52500	1.33277e-035
1050	52550	1.33277e-035
1051	52600	1.33277e-035
1052	52650	1.33277e-035
1053	52700	1.33277e-035
1054	52750	1.32236e-035
1055	52800	5.74938e-036
1056	52850	5.74938e-036
1057	52900	5.74938e-036
1058	52950	5.74938e-036
1059	53000	5.74938e-036
1060	53050	4.44531e-036
1061	53100	4.44531e-036
1062	53150	3.4716e-036
1063	53200	3.4716e-036
1064	53250	3.32994e-036
1065	53300	3.32994e-036
1066	53350	3.32994e-036
1067	53400	3.32994e-036
1068	53450	3.32994e-036
1069	53500	3.2093e-036
1070	53550	1.51347e-036
1071	53600	1.51347e-036
1072	53650	1.51347e-036
1073	53700	1.51347e-036
1074	53750	1.14242e-036
1075	53800	1.14242e-036
1076	53850	1.14242e-036
1077	53900	9.37785e-037
1078	53950	9.37785e-037
1079	54000	9.37785e-037
1080	54050	9.37785e-037
1081	54100	9.37785e-037
1082	54150	9.37785e-037
1083	54200	9.37785e-037
1084	54250	6.24928e-037
1085	54300	6.21867e-037
1086	54350	6.21867e-037
1087	54400	6.21867e-037
1088	54450	6.20123e-037
1089	54500	6.20123e-037
1090	54550	5.97948e-037
1091	54600	3.03619e-037
1092	54650	3.03619e-037
1093	54700	3.03619e-037
1094	54750	2.24506e-037
1095	54800	2.03135e-037
1096	54850	1.44688e-037
1097	54900	1.30808e-037
1098	54950	1.30808e-037
1099	55000	1.30808e-037
1100	55050	1.25355e-037
1101	55100	1.25355e-037
1102	55150	1.23517e-037
1103	55200	1.15432e-037
1104	55250	1.15432e-037
1105	55300	1.05205e-037
1106	55350	9.09324e-038
1107	55400	9.09324e-038
1108	55450	9.09324e-038
1109	55500	7.71053e-038
1110	55550	5.35081e-038
1111	55600	5.15251e-038
1112	55650	5.15251e-038
1113	55700	5.02089e-038
1114	55750	5.02089e-038
1115	55800	2.56393e-038
1116	55850	1.88362e-038
1117	55900	1.88362e-038
1118	55950	1.88362e-038
1119	56000	1.88362e-038
1120	56050	1.88362e-038
1121	56100	1.88362e-038
1122	56150	1.88362e-038
1123	56200	1.88362e-038
1124	56250	1.29907e-038
1125	56300	1.29907e-038
1126	56350	1.28846e-038
1127	56400	1.28846e-038
1128	56450	1.28846e-038
1129	56500	1.28846e-038
1130	56550	1.0212e-038
1131	56600	1.0212e-038
1132	56650	1.0212e-038
1133	56700	7.58425e-039
1134	56750	7.58425e-039
1135	56800	7.08477e-039
1136	56850	6.79962e-039
1137	56900	6.69664e-039
1138	56950	6.69664e-039
1139	57000	6.52867e-039
1140	57050	6.52867e-039
1141	57100	6.52867e-039
1142	57150	6.38497e-039
1143	57200	6.38497e-039
1144	57250	6.25181e-039
1145	57300	6.25181e-039
1146	57350	6.25181e-039
1147	57400	6.14835e-039
1148	57450	5.44042e-039
1149	57500	5.44042e-039
1150	57550	5.44042e-039
1151	57600	5.39277e-039
1152	57650	5.59764e-040
1153	57700	5.59764e-040
1154	57750	5.59764e-040
1155	57800	5.55492e-040
1156	57850	5.55492e-040
1157	57900	5.55492e-040
1158	57950	5.55492e-040
1159	58000	5.55492e-040
1160	58050	4.25978e-040
1161	58100	4.25978e-040
1162	58150	4.25978e-040
1163	58200	4.25978e-040
1164	58250	3.90457e-040
1165	58300	3.1096e-040
1166	58350	3.1096e-040
1167	58400	2.89853e-040
1168	58450	2.89853e-040
1169	58500	2.89853e-040
1170	58550	6.08306e-041
1171	58600	6.08306e-041
1172	58650	6.08306e-041
1173	58700	5.02756e-041
1174	58750	3.80763e-041
1175	58800	3.75542e-041
1176	58850	3.75542e-041
1177	58900	3.11322e-041
1178	58950	3.09722e-041
1179	59000	3.09722e-041
1180	59050	2.37047e-041
1181	59100	2.37047e-041
1182	59150	2.37047e-041
1183	59200	2.37047e-041
1184	59250	2.37047e-041
1185	59300	2.23925e-041
1186	59350	1.80493e-041
1187	59400	1.79323e-041
1188	59450	1.74141e-041
1189	59500	1.74141e-041
1190	59550	1.74141e-041
1191	59600	1.08665e-041
1192	59650	6.83141e-042
1193	59700	6.83141e-042
1194	59750	6.83141e-042
1195	59800	6.83141e-042
1196	59850	6.74979e-042
1197	59900	6.74979e-042
1198	59950	6.60283e-042
1199	60000	6.60283e-042
1200	60050	6.60283e-042
1201	60100	6.60283e-042
1202	60150	5.58116e-042
1203	60200	5.06645e-042
1204	60250	5.06645e-042
1205	60300	5.06645e-042
1206	60350	5.06645e-042
1207	60400	4.75159e-042
1208	60450	3.4048e-042
1209	60500	1.19573e-042
1210	60550	1.19573e-042
1211	60600	1.19573e-042
1212	60650	1.19573e-042
1213	60700	1.1747e-042
1214	60750	1.1747e-042
1215	60800	8.30431e-043
1216	60850	8.30431e-043
1217	60900	8.30431e-043
1218	60950	8.30431e-043
1219	61000	7.2487e-043
1220	61050	7.2487e-043
1221	61100	7.2487e-043
1222	61150	2.81552e-043
1223	61200	2.55926e-043
1224	61250	2.55926e-043
1225	61300	2.53876e-043
1226	61350	2.53876e-043
1227	61400	2.53876e-043
1228	61450	2.10835e-043
1229	61500	2.10835e-043
1230	61550	2.10835e-043
1231	61600	2.09374e-043
1232	61650	2.09374e-043
1233	61700	2.09374e-043
1234	61750	1.97676e-043
1235	61800	1.97676e-043
1236	61850	1.97676e-043
1237	61900	1.96306e-043
1238	61950	1.96306e-043
1239	62000	1.96306e-043
1240	62050	1.96306e-043
1241	62100	1.96306e-043
1242	62150	1.96109e-043
1243	62200	1.83105e-043
1244	62250	1.76378e-043
1245	62300	1.76378e-043
1246	62350	7.37859e-044
1247	62400	7.37859e-044
1248	62450	7.11734e-044
1249	62500	6.97584e-044
1250	62550	6.97584e-044
1251	62600	3.07433e-044
1252	62650	3.07433e-044
1253	62700	2.9502e-044
1254	62750	2.9502e-044
1255	62800	2.9502e-044
1256	62850	2.77316e-044
1257	62900	2.66695e-044
1258	62950	2.6187e-044
1259	63000	2.56379e-044
1260	63050	2.14705e-044
1261	63100	2.14705e-044
1262	63150	2.11036e-044
1263	63200	1.93985e-044
1264	63250	1.93985e-044
1265	63300	1.93985e-044
1266	63350	1.93985e-044
1267	63400	1.90559e-044
1268	63450	1.90559e-044
1269	63500	1.90559e-044
1270	63550	1.54753e-044
1271	63600	1.54753e-044
1272	63650	1.36928e-044
1273	63700	1.24877e-044
1274	63750	1.16049e-044
1275	63800	4.7781e-045
1276	63850	4.7781e-045
1277	63900	4.50024e-045
1278	63950	4.50024e-045
1279	64000	4.50024e-045
1280	64050	4.26746e-045
1281	64100	3.15208e-045
1282	64150	2.53158e-045
1283	64200	1.62044e-045
1284	64250	1.62044e-045
1285	64300	1.62044e-045
1286	64350	1.60336e-045
1287	64400	1.59108e-045
1288	64450	1.59108e-045
1289	64500	1.59108e-045
1290	64550	1.59108e-045
1291	64600	9.78095e-046
1292	64650	9.36798e-046
1293	64700	8.52131e-046
1294	64750	6.83419e-046
1295	64800	6.83419e-046
1296	64850	3.7281e-046
1297	64900	3.7281e-046
1298	64950	3.4455e-046
1299	65000	3.4455e-046
1300	65050	3.00627e-046
1301	65100	3.00627e-046
1302	65150	3.00627e-046
1303	65200	1.43377e-046
1304	65250	1.43377e-046
1305	65300	1.43377e-046
1306	65350	1.40174e-046
1307	65400	1.364e-046
1308	65450	1.31644e-046
1309	65500	1.31644e-046
1310	65550	7.718e-047
1311	65600	7.718e-047
1312	65650	6.74094e-047
1313	65700	6.74094e-047
1314	65750	6.74094e-047
1315	65800	6.67275e-047
1316	65850	6.67275e-047
1317	65900	5.63337e-047
1318	65950	5.26682e-047
1319	66000	5.22373e-047
1320	66050	5.22373e-047
1321	66100	4.83201e-047
1322	66150	4.53175e-047
1323	66200	2.71215e-047
1324	66250	2.71215e-047
1325	66300	2.71215e-047
1326	66350	2.71215e-047
1327	66400	2.71215e-047
1328	66450	2.71215e-047
1329	66500	2.52102e-047
1330	66550	2.46377e-047
1331	66600	2.46377e-047
1332	66650	2.46377e-047
1333	66700	2.46377e-047
1334	66750	2.37258e-047
1335	66800	2.37258e-047
1336	66850	3.9365e-048
1337	66900	3.19702e-048
1338	66950	3.19702e-048
1339	67000	3.11722e-048
1340	67050	3.11722e-048
1341	67100	2.83445e-048
1342	67150	2.83445e-048
1343	67200	2.83445e-048
1344	67250	2.83445e-048
1345	67300	2.57017e-048
1346	67350	1.36868e-048
1347	67400	1.36868e-048
1348	67450	1.25303e-048
1349	67500	1.25303e-048
1350	67550	1.25303e-048
1351	67600	1.25303e-048
1352	67650	7.91447e-049
1353	67700	7.71043e-049
1354	67750	7.71043e-049
1355	67800	7.2138e-049
1356	67850	5.99289e-049
1357	67900	5.99289e-049
1358	67950	5.99289e-049
1359	68000	5.99289e-049
1360	68050	5.99289e-049
1361	68100	5.99289e-049
1362	68150	5.99289e-049
1363	68200	5.99289e-049
1364	68250	5.99289e-049
1365	68300	4.53693e-049
1366	68350	4.53693e-049
1367	68400	4.22232e-049
1368	68450	4.22232e-049
1369	68500	4.22232e-049
1370	68550	3.60911e-049
1371	68600	3.28488e-049
1372	68650	1.87152e-049
1373	68700	1.87152e-049
1374	68750	1.44031e-049
1375	68800	1.44031e-049
1376	68850	1.21804e-049
1377	68900	1.21804e-049
1378	68950	1.21804e-049
1379	69000	9.94563e-050
1380	69050	9.94563e-050
1381	69100	9.94563e-050
1382	69150	9.94563e-050
1383	69200	9.72984e-050
1384	69250	7.21837e-050
1385	69300	7.21837e-050
1386	69350	2.98598e-050
1387	69400	2.98598e-050
1388	69450	2.11677e-050
1389	69500	1.88037e-050
1390	69550	1.88037e-050
1391	69600	1.62412e-050
1392	69650	1.62412e-050
1393	69700	1.62412e-050
1394	69750	1.62412e-050
1395	69800	1.48247e-050
1396	69850	1.48247e-050
1397	69900	1.21578e-050
1398	69950	1.02863e-050
1399	70000	1.02863e-050
1400	70050	1.02863e-050
1401	70100	1.02863e-050
1402	70150	1.02863e-050
1403	70200	1.02863e-050
1404	70250	1.02863e-050
1405	70300	1.02863e-050
1406	70350	1.02863e-050
1407	70400	1.0089e-050
1408	70450	1.0089e-050
1409	70500	1.0089e-050
1410	70550	1.0089e-050
1411	70600	3.78344e-051
1412	70650	3.27813e-051
1413	70700	2.3949e-051
1414	70750	2.24916e-051
1415	70800	2.04378e-051
1416	70850	2.03511e-051
1417	70900	1.9796e-051
1418	70950	1.9796e-051
1419	71000	1.65106e-051
1420	71050	1.65106e-051
1421	71100	1.65106e-051
1422	71150	1.32836e-051
1423	71200	1.32836e-051
1424	71250	1.32808e-051
1425	71300	1.32808e-051
1426	71350	1.15851e-051
1427	71400	1.05919e-051
1428	71450	1.05919e-051
1429	71500	9.70932e-052
1430	71550	9.03275e-052
1431	71600	7.41915e-052
1432	71650	3.32919e-052
1433	71700	3.03207e-052
1434	71750	3.03207e-052
1435	71800	3.03207e-052
1436	71850	2.94085e-052
1437	71900	2.94085e-052
1438	71950	2.51479e-052
1439	72000	2.51479e-052
1440	72050	2.51479e-052
1441	72100	1.87634e-052
1442	72150	1.87634e-052
1443	72200	1.61053e-052
1444	72250	7.84762e-053
1445	72300	7.78146e-053
1446	72350	7.78146e-053
1447	72400	7.78146e-053
1448	72450	7.78146e-053
1449	72500	7.78146e-053
1450	72550	7.78146e-053
1451	72600	7.76284e-053
1452	72650	7.76284e-053
1453	72700	7.59811e-053
1454	72750	4.44076e-053
1455	72800	4.44076e-053
1456	72850	4.29961e-053
1457	72900	4.29961e-053
1458	72950	4.29961e-053
1459	73000	3.0735e-053
1460	73050	2.01428e-053
1461	73100	2.01428e-053
1462	73150	2.01428e-053
1463	73200	1.78964e-053
1464	73250	1.78964e-053
1465	73300	8.61191e-054
1466	73350	6.78086e-054
1467	73400	4.82575e-054
1468	73450	4.82575e-054
1469	73500	4.04478e-054
1470	73550	4.04478e-054
1471	73600	1.84065e-054
1472	73650	1.84065e-054
1473	73700	1.84065e-054
1474	73750	1.81924e-054
1475	73800	1.81924e-054
1476	73850	1.81924e-054
1477	73900	1.81924e-054
1478	73950	1.81924e-054
1479	74000	1.81918e-054
1480	74050	1.15381e-054
1481	74100	1.05654e-054
1482	74150	1.05654e-054
1483	74200	1.05654e-054
1484	74250	1.05654e-054
1485	74300	1.05654e-054
1486	74350	5.3439e-055
1487	74400	5.3439e-055
1488	74450	5.16782e-055
1489	74500	5.16782e-055
1490	74550	5.16782e-055
1491	74600	4.74044e-055
1492	74650	4.74044e-055
1493	74700	4.65136e-055
1494	74750	4.65136e-055
1495	74800	4.65136e-055
1496	74850	4.5217e-055
1497	74900	4.5217e-055
1498	74950	4.5217e-055
1499	75000	3.1227e-055
1500	75050	3.03966e-055
1501	75100	2.396e-055
1502	75150	2.396e-055
1503	75200	2.396e-055
1504	75250	2.12062e-055
1505	75300	2.12062e-055
1506	75350	1.96434e-055
1507	75400	1.96418e-055
1508	75450	1.84817e-055
1509	75500	1.84817e-055
1510	75550	1.2048e-055
1511	75600	1.2048e-055
1512	75650	1.15155e-055
1513	75700	1.15155e-055
1514	75750	1.15155e-055
1515	75800	1.15155e-055
1516	75850	1.15155e-055
1517	75900	1.15155e-055
1518	75950	1.15155e-055
1519	76000	1.15155e-055
1520	76050	1.15155e-055
1521	76100	1.15155e-055
1522	76150	1.10887e-055
1523	76200	1.10887e-055
1524	76250	7.86768e-056
1525	76300	7.86768e-056
1526	76350	7.86768e-056
1527	76400	7.86768e-056
1528	76450	3.80466e-056
1529	76500	1.59509e-056
1530	76550	1.59509e-056
1531	76600	1.59509e-056
1532	76650	1.59509e-056
1533	76700	9.25753e-057
1534	76750	8.27773e-057
1535	76800	6.30981e-057
1536	76850	5.75949e-057
1537	76900	5.75949e-057
1538	76950	5.75949e-057
1539	77000	5.75949e-057
1540	77050	5.75949e-057
1541	77100	5.75949e-057
1542	77150	5.41158e-057
1543	77200	5.14048e-057
1544	77250	5.13488e-057
1545	77300	5.13488e-057
1546	77350	5.13488e-057
1547	77400	5.13488e-057
1548	77450	5.13488e-057
1549	77500	4.18888e-057
1550	77550	2.98393e-057
1551	77600	2.90324e-057
1552	77650	2.70199e-057
1553	77700	2.70199e-057
1554	77750	1.22917e-057
1555	77800	1.22917e-057
1556	77850	1.22917e-057
1557	77900	1.05776e-057
1558	77950	1.01426e-057
1559	78000	7.67657e-058
1560	78050	6.82563e-058
1561	78100	4.15015e-058
1562	78150	4.15015e-058
1563	78200	4.15015e-058
1564	78250	4.15015e-058
1565	78300	3.36671e-058
1566	78350	2.31786e-058
1567	78400	1.84802e-058
1568	78450	1.84802e-058
1569	78500	1.52768e-058
1570	78550	1.47763e-058
1571	78600	1.47763e-058
1572	78650	1.47763e-058
1573	78700	1.47763e-058
1574	78750	1.47763e-058
1575	78800	1.47663e-058
1576	78850	1.47663e-058
1577	78900	1.47663e-058
1578	78950	1.47115e-058
1579	79000	1.47115e-058
1580	79050	1.47115e-058
1581	79100	1.46947e-058
1582	79150	1.46947e-058
1583	79200	1.46947e-058
1584	79250	1.46947e-058
1585	79300	1.44931e-058
1586	79350	1.44931e-058
1587	79400	2.64985e-059
1588	79450	2.62491e-059
1589	79500	2.62491e-059
1590	79550	1.71039e-059
1591	79600	1.71039e-059
1592	79650	1.71039e-059
1593	79700	1.71039e-059
1594	79750	1.71039e-059
1595	79800	1.69382e-059
1596	79850	1.69382e-059
1597	79900	1.69382e-059
1598	79950	1.64932e-059
1599	80000	1.61139e-059
1600	80050	1.61139e-059
1601	80100	1.61139e-059
1602	80150	3.19861e-060
1603	80200	3.05719e-060
1604	80250	3.05719e-060
1605	80300	3.05719e-060
1606	80350	3.03717e-060
1607	80400	3.03717e-060
1608	80450	3.03717e-060
1609	80500	3.0203e-060
1610	80550	3.0203e-060
1611	80600	3.0203e-060
1612	80650	2.87762e-060
1613	80700	2.87762e-060
1614	80750	1.51923e-060
1615	80800	1.51923e-060
1616	80850	1.31038e-060
1617	80900	1.31038e-060
1618	80950	6.57604e-061
1619	81000	4.02292e-061
1620	81050	4.02292e-061
1621	81100	4.02292e-061
1622	81150	4.02292e-061
1623	81200	4.02292e-061
1624	81250	4.02292e-061
1625	81300	4.02292e-061
1626	81350	4.02292e-061
1627	81400	4.02292e-061
1628	81450	4.02292e-061
1629	81500	2.77293e-061
1630	81550	2.5342e-061
1631	81600	2.50066e-061
1632	81650	2.50066e-061
1633	81700	2.50066e-061
1634	81750	2.50066e-061
1635	81800	2.39445e-061
1636	81850	2.39445e-061
1637	81900	2.1821e-061
1638	81950	2.1821e-061
1639	82000	2.1821e-061
1640	82050	2.1821e-061
1641	82100	2.05927e-061
1642	82150	2.05927e-061
1643	82200	2.05927e-061
1644	82250	6.73284e-062
1645	82300	6.14195e-062
1646	82350	6.14195e-062
1647	82400	6.14195e-062
1648	82450	6.14195e-062
1649	82500	6.14195e-062
1650	82550	6.14195e-062
1651	82600	5.58799e-062
1652	82650	5.58799e-062
1653	82700	5.58799e-062
1654	82750	5.58715e-062
1655	82800	5.31846e-062
1656	82850	5.24523e-062
1657	82900	5.24523e-062
1658	82950	5.24523e-062
1659	83000	5.24241e-062
1660	83050	5.24241e-062
1661	83100	5.24241e-062
1662	83150	5.24241e-062
1663	83200	5.24241e-062
1664	83250	5.22263e-062
1665	83300	5.22263e-062
1666	83350	3.36664e-063
1667	83400	3.36664e-063
1668	83450	3.36664e-063
1669	83500	3.36664e-063
1670	83550	3.05535e-063
1671	83600	3.05535e-063
1672	83650	2.98368e-063
1673	83700	2.98368e-063
1674	83750	2.98368e-063
1675	83800	2.94665e-063
1676	83850	2.94665e-063
1677	83900	2.94665e-063
1678	83950	2.48794e-063
1679	84000	2.30234e-063
1680	84050	2.04394e-063
1681	84100	1.64357e-063
1682	84150	1.64357e-063
1683	84200	1.37139e-063
1684	84250	1.142e-063
1685	84300	8.42464e-064
1686	84350	6.24505e-064
1687	84400	6.03084e-064
1688	84450	4.71707e-064
1689	84500	4.60409e-064
1690	84550	1.23463e-064
1691	84600	1.23463e-064
1692	84650	1.23463e-064
1693	84700	1.23056e-064
1694	84750	1.23056e-064
1695	84800	1.23056e-064
1696	84850	1.23056e-064
1697	84900	1.23056e-064
1698	84950	7.45634e-065
1699	85000	7.13062e-065
1700	85050	7.13062e-065
1701	85100	7.13062e-065
1702	85150	7.13062e-065
1703	85200	6.84046e-065
1704	85250	6.84046e-065
1705	85300	6.19809e-065
1706	85350	6.19809e-065
1707	85400	5.26251e-065
1708	85450	5.26251e-065
1709	85500	5.26251e-065
1710	85550	5.26251e-065
1711	85600	5.26251e-065
1712	85650	3.61484e-065
1713	85700	3.61484e-065
1714	85750	1.53789e-065
1715	85800	8.82374e-066
1716	85850	8.82374e-066
1717	85900	8.53647e-066
1718	85950	8.53647e-066
1719	86000	8.53647e-066
1720	86050	6.83651e-066
1721	86100	6.83651e-066
1722	86150	6.83651e-066
1723	86200	6.10379e-066
1724	86250	5.62122e-066
1725	86300	5.62122e-066
1726	86350	5.60278e-066
1727	86400	5.556e-066
1728	86450	5.11882e-066
1729	86500	5.11882e-066
1730	86550	4.17959e-066
1731	86600	4.17959e-066
1732	86650	2.17529e-066
1733	86700	2.17529e-066
1734	86750	2.17529e-066
1735	86800	1.85733e-066
1736	86850	1.85733e-066
1737	86900	1.85733e-066
1738	86950	1.39659e-066
1739	87000	1.39659e-066
1740	87050	1.39659e-066
1741	87100	1.39659e-066
1742	87150	1.39659e-066
1743	87200	1.39659e-066
1744	87250	1.38778e-066
1745	87300	1.02477e-066
1746	87350	1.02477e-066
1747	87400	9.15242e-067
1748	87450	9.15242e-067
1749	87500	7.865e-067
1750	87550	7.74071e-067
1751	87600	7.74071e-067
1752	87650	7.74071e-067
1753	87700	7.1613e-067
1754	87750	7.1613e-067
1755	87800	6.54389e-067
1756	87850	6.35322e-067
1757	87900	6.35322e-067
1758	87950	6.35322e-067
1759	88000	5.37433e-067
1760	88050	5.37433e-067
1761	88100	5.27712e-067
1762	88150	4.06434e-067
1763	88200	3.83323e-067
1764	88250	3.32265e-067
1765	88300	2.41134e-067
1766	88350	2.41134e-067
1767	88400	2.41134e-067
1768	88450	9.15769e-068
1769	88500	7.74494e-068
1770	88550	7.74494e-068
1771	88600	6.5453e-068
1772	88650	4.05738e-068
1773	88700	4.05738e-068
1774	88750	4.05738e-068
1775	88800	3.53181e-068
1776	88850	3.53181e-068
1777	88900	3.53181e-068
1778	88950	2.58573e-068
1779	89000	2.56454e-068
1780	89050	2.56454e-068
1781	89100	1.73968e-068
1782	89150	1.73968e-068
1783	89200	1.4966e-068
1784	89250	1.4966e-068
1785	89300	1.41113e-068
1786	89350	1.36758e-068
1787	89400	8.1567e-069
1788	89450	7.98443e-069
1789	89500	7.4955e-069
1790	89550	7.4955e-069
1791	89600	7.4955e-069
1792	89650	4.72251e-069
1793	89700	4.72251e-069
1794	89750	1.47588e-069
1795	89800	1.47588e-069
1796	89850	1.47588e-069
1797	89900	1.47588e-069
1798	89950	1.47588e-069
1799	90000	1.47588e-069
1800	90050	1.47588e-069
1801	90100	1.44006e-069
1802	90150	1.44006e-069
1803	90200	1.44006e-069
1804	90250	1.44006e-069
1805	90300	1.44006e-069
1806	90350	1.04052e-069
1807	90400	9.60239e-070
1808	90450	9.60239e-070
1809	90500	9.60239e-070
1810	90550	6.2485e-070
1811	90600	6.2485e-070
1812	90650	6.2485e-070
1813	90700	6.1604e-070
1814	90750	6.11072e-070
1815	90800	5.13592e-070
1816	90850	5.08092e-070
1817	90900	3.50108e-070
1818	90950	3.50108e-070
1819	91000	3.50108e-070
1820	91050	2.77351e-070
1821	91100	2.77351e-070
1822	91150	2.77351e-070
1823	91200	2.77351e-070
1824	91250	2.54816e-070
1825	91300	2.54816e-070
1826	91350	2.54816e-070
1827	91400	2.54816e-070
1828	91450	2.54816e-070
1829	91500	2.54816e-070
1830	91550	2.54816e-070
1831	91600	2.54816e-070
1832	91650	2.54816e-070
1833	91700	2.54816e-070
1834	91750	2.4493e-070
1835	91800	1.1143e-070
1836	91850	1.0907e-070
1837	91900	1.0907e-070
1838	91950	1.0907e-070
1839	92000	1.00083e-070
1840	92050	1.00083e-070
1841	92100	1.00083e-070
1842	92150	1.00083e-070
1843	92200	1.00083e-070
1844	92250	3.7606e-071
1845	92300	3.7606e-071
1846	92350	2.46825e-071
1847	92400	2.46825e-071
1848	92450	2.46825e-071
1849	92500	2.46825e-071
1850	92550	2.46825e-071
1851	92600	1.36826e-071
1852	92650	1.36826e-071
1853	92700	1.36826e-071
1854	92750	1.36826e-071
1855	92800	1.00006e-071
1856	92850	9.72004e-072
1857	92900	9.72004e-072
1858	92950	8.94159e-072
1859	93000	8.90495e-072
1860	93050	8.90495e-072
1861	93100	8.64933e-072
1862	93150	8.64933e-072
1863	93200	8.64933e-072
1864	93250	8.64933e-072
1865	93300	5.00258e-072
1866	93350	2.505e-072
1867	93400	2.505e-072
1868	93450	2.505e-072
1869	93500	2.505e-072
1870	93550	2.505e-072
1871	93600	2.505e-072
1872	93650	1.82483e-072
1873	93700	1.82314e-072
1874	93750	1.82314e-072
1875	93800	1.82314e-072
1876	93850	7.71889e-073
1877	93900	7.71889e-073
1878	93950	7.71889e-073
1879	94000	7.71889e-073
1880	94050	7.71889e-073
1881	94100	7.71889e-073
1882	94150	7.71889e-073
1883	94200	7.71889e-073
1884	94250	1.2029e-073
1885	94300	1.2029e-073
1886	94350	8.47113e-074
1887	94400	8.47113e-074
1888	94450	8.47113e-074
1889	94500	8.47113e-074
1890	94550	8.47113e-074
1891	94600	8.47113e-074
1892	94650	7.74149e-074
1893	94700	7.74149e-074
1894	94750	7.20206e-074
1895	94800	7.01586e-074
1896	94850	7.01586e-074
1897	94900	6.86338e-074
1898	94950	6.86338e-074
1899	95000	6.86338e-074
1900	95050	6.86338e-074
1901	95100	6.86338e-074
1902	95150	6.86338e-074
1903	95200	6.86338e-074
1904	95250	6.60245e-074
1905	95300	5.91399e-074
1906	95350	5.91399e-074
1907	95400	5.45185e-074
1908	95450	5.45185e-074
1909	95500	5.45185e-074
1910	95550	5.45185e-074
1911	95600	5.45185e-074
1912	95650	5.45185e-074
1913	95700	5.45185e-074
1914	95750	5.45185e-074
1915	95800	5.45185e-074
1916	95850	5.45185e-074
1917	95900	5.45185e-074
1918	95950	5.02809e-075
1919	96000	5.02809e-075
1920	96050	4.84939e-075
1921	96100	4.84939e-075
1922	96150	4.84939e-075
1923	96200	4.84939e-075
1924	96250	4.84939e-075
1925	96300	2.2684e-075
1926	96350	2.2684e-075
1927	96400	2.2684e-075
1928	96450	2.15154e-075
1929	96500	1.90503e-075
1930	96550	1.90503e-075
1931	96600	1.84914e-075
1932	96650	1.84914e-075
1933	96700	1.52357e-075
1934	96750	1.52357e-075
1935	96800	1.52357e-075
1936	96850	1.48553e-075
1937	96900	1.17563e-075
1938	96950	1.17563e-075
1939	97000	1.17045e-075
1940	97050	1.17045e-075
1941	97100	2.58166e-076
1942	97150	2.58166e-076
1943	97200	2.58166e-076
1944	97250	1.82838e-076
1945	97300	1.82838e-076
1946	97350	1.61824e-076
1947	97400	1.47963e-076
1948	97450	1.47963e-076
1949	97500	1.47963e-076
1950	97550	1.47963e-076
1951	97600	1.47963e-076
1952	97650	1.47963e-076
1953	97700	1.47963e-076
1954	97750	8.59279e-077
1955	97800	6.70898e-077
1956	97850	6.70898e-077
1957	97900	6.70898e-077
1958	97950	6.70898e-077
1959	98000	6.7074e-077
1960	98050	6.7074e-077
1961	98100	6.61504e-077
1962	98150	6.61504e-077
1963	98200	6.61504e-077
1964	98250	6.61504e-077
1965	98300	6.61504e-077
1966	98350	6.50465e-077
1967	98400	6.50465e-077
1968	98450	6.50465e-077
1969	98500	6.50465e-077
1970	98550	6.50465e-077
1971	98600	6.50465e-077
1972	98650	1.7162e-077
1973	98700	1.64002e-077
1974	98750	1.64002e-077
1975	98800	1.64002e-077
1976	98850	1.64002e-077
1977	98900	1.64002e-077
1978	98950	1.49826e-077
1979	99000	1.49826e-077
1980	99050	1.49826e-077
1981	99100	1.49826e-077
1982	99150	1.49826e-077
1983	99200	1.49826e-077
1984	99250	1.49826e-077
1985	99300	1.49826e-077
1986	99350	1.37325e-077
1987	99400	1.37325e-077
1988	99450	2.3509e-078
1989	99500	2.3509e-078
1990	99550	2.3509e-078
1991	99600	2.3509e-078
1992	99650	2.2726e-078
1993	99700	2.21763e-078
1994	99750	2.21763e-078
1995	99800	2.21763e-078
1996	99850	6.37356e-079
1997	99900	6.37356e-079
1998	99950	6.37356e-079
1999	100000	6.37356e-079
2000	100050	6.37356e-079
