1	100	0
2	150	1408.22
3	200	959.034
4	250	867.443
5	300	867.443
6	350	867.443
7	400	867.443
8	450	629.998
9	500	629.998
10	550	596.013
11	600	596.013
12	650	596.013
13	700	596.013
14	750	596.013
15	800	547.006
16	850	399.728
17	900	387.051
18	950	387.051
19	1000	387.051
20	1050	318.959
21	1100	318.959
22	1150	309.774
23	1200	309.774
24	1250	309.774
25	1300	309.676
26	1350	309.676
27	1400	309.676
28	1450	121.501
29	1500	114.375
30	1550	114.375
31	1600	114.375
32	1650	114.375
33	1700	107.884
34	1750	76.8434
35	1800	75.3097
36	1850	69.3614
37	1900	69.3614
38	1950	69.3614
39	2000	69.3614
40	2050	69.3614
41	2100	69.3614
42	2150	69.3614
43	2200	39.0391
44	2250	24.3191
45	2300	18.093
46	2350	18.093
47	2400	18.093
48	2450	18.093
49	2500	18.093
50	2550	18.093
51	2600	18.093
52	2650	18.093
53	2700	18.093
54	2750	17.7196
55	2800	17.7196
56	2850	17.7196
57	2900	17.7196
58	2950	17.7196
59	3000	16.841
60	3050	13.9722
61	3100	13.9722
62	3150	13.2796
63	3200	13.2796
64	3250	13.2796
65	3300	9.10566
66	3350	8.66311
67	3400	8.66311
68	3450	7.5221
69	3500	7.32554
70	3550	7.32554
71	3600	3.95683
72	3650	3.95683
73	3700	3.95683
74	3750	3.54095
75	3800	3.54095
76	3850	3.54095
77	3900	3.49655
78	3950	3.49655
79	4000	3.49655
80	4050	2.84372
81	4100	2.30162
82	4150	2.30162
83	4200	2.30162
84	4250	2.30162
85	4300	2.01331
86	4350	2.01331
87	4400	1.69303
88	4450	1.66772
89	4500	1.66414
90	4550	1.66414
91	4600	1.66414
92	4650	1.66414
93	4700	1.66414
94	4750	1.66414
95	4800	1.64818
96	4850	1.46412
97	4900	1.05536
98	4950	1.05536
99	5000	1.03912
100	5050	1.03912
101	5100	1.03912
102	5150	1.03912
103	5200	1.03912
104	5250	0.724216
105	5300	0.712792
106	5350	0.712792
107	5400	0.712792
108	5450	0.712792
109	5500	0.462554
110	5550	0.409619
111	5600	0.409619
112	5650	0.405715
113	5700	0.405715
114	5750	0.317231
115	5800	0.317231
116	5850	0.317231
117	5900	0.317231
118	5950	0.283757
119	6000	0.272039
120	6050	0.272039
121	6100	0.230071
122	6150	0.208154
123	6200	0.208154
124	6250	0.208154
125	6300	0.208154
126	6350	0.208154
127	6400	0.207971
128	6450	0.207971
129	6500	0.207971
130	6550	0.207971
131	6600	0.199731
132	6650	0.11712
133	6700	0.114489
134	6750	0.0606154
135	6800	0.0606154
136	6850	0.0606154
137	6900	0.0606154
138	6950	0.0606154
139	7000	0.0606154
140	7050	0.0593042
141	7100	0.0593042
142	7150	0.0593042
143	7200	0.0593042
144	7250	0.0593042
145	7300	0.0553294
146	7350	0.0403202
147	7400	0.0403202
148	7450	0.0403202
149	7500	0.0403202
150	7550	0.0403202
151	7600	0.0318882
152	7650	0.0291394
153	7700	0.0253714
154	7750	0.0253714
155	7800	0.0204875
156	7850	0.0204875
157	7900	0.0139612
158	7950	0.0139612
159	8000	0.0119605
160	8050	0.0119605
161	8100	0.0119605
162	8150	0.0119605
163	8200	0.0109858
164	8250	0.0109858
165	8300	0.00761761
166	8350	0.00761761
167	8400	0.00761761
168	8450	0.00761761
169	8500	0.00555808
170	8550	0.00555808
171	8600	0.00555808
172	8650	0.00555808
173	8700	0.00521468
174	8750	0.00431125
175	8800	0.00431125
176	8850	0.0023877
177	8900	0.0023877
178	8950	0.0023877
179	9000	0.0023877
180	9050	0.00191854
181	9100	0.00191854
182	9150	0.00191854
183	9200	0.00191854
184	9250	0.00191854
185	9300	0.00185954
186	9350	0.00185954
187	9400	0.00185954
188	9450	0.00179531
189	9500	0.00166293
190	9550	0.001526
191	9600	0.00114478
192	9650	0.00114478
193	9700	0.0011112
194	9750	0.0011112
195	9800	0.0011112
196	9850	0.0011112
197	9900	0.000910652
198	9950	0.000910652
199	10000	0.000910652
200	10050	0.000910205
201	10100	0.000910205
202	10150	0.000860348
203	10200	0.000813042
204	10250	0.00054304
205	10300	0.000486513
206	10350	0.000486513
207	10400	0.000486513
208	10450	0.000475924
209	10500	0.000420707
210	10550	0.000405478
211	10600	0.000405478
212	10650	0.000364479
213	10700	0.000221874
214	10750	0.000221874
215	10800	0.000219294
216	10850	0.000219294
217	10900	0.000219294
218	10950	0.000219294
219	11000	0.000219294
220	11050	0.000219294
221	11100	0.000219294
222	11150	0.000185071
223	11200	0.000145415
224	11250	0.000145415
225	11300	0.000145415
226	11350	0.000104492
227	11400	9.45387e-005
228	11450	9.45387e-005
229	11500	9.45387e-005
230	11550	8.30761e-005
231	11600	8.30761e-005
232	11650	8.30761e-005
233	11700	8.30761e-005
234	11750	7.123e-005
235	11800	7.123e-005
236	11850	7.123e-005
237	11900	7.123e-005
238	11950	7.123e-005
239	12000	5.64619e-005
240	12050	4.60116e-005
241	12100	4.24054e-005
242	12150	4.24054e-005
243	12200	4.24054e-005
244	12250	4.24054e-005
245	12300	4.24054e-005
246	12350	4.24054e-005
247	12400	4.24054e-005
248	12450	3.97204e-005
249	12500	3.97204e-005
250	12550	3.97204e-005
251	12600	2.83407e-005
252	12650	2.57557e-005
253	12700	2.57557e-005
254	12750	2.05457e-005
255	12800	1.99661e-005
256	12850	1.19996e-005
257	12900	1.19996e-005
258	12950	9.73489e-006
259	13000	9.73489e-006
260	13050	9.73489e-006
261	13100	9.73489e-006
262	13150	9.14859e-006
263	13200	9.14859e-006
264	13250	9.14859e-006
265	13300	9.14859e-006
266	13350	9.14859e-006
267	13400	9.14859e-006
268	13450	9.14859e-006
269	13500	8.68054e-006
270	13550	8.68054e-006
271	13600	6.43152e-006
272	13650	6.43152e-006
273	13700	6.43152e-006
274	13750	5.64124e-006
275	13800	5.52167e-006
276	13850	5.34107e-006
277	13900	4.70009e-006
278	13950	4.70009e-006
279	14000	4.70009e-006
280	14050	4.70009e-006
281	14100	4.70009e-006
282	14150	4.69877e-006
283	14200	4.36667e-006
284	14250	4.21494e-006
285	14300	4.21494e-006
286	14350	4.08024e-006
287	14400	4.08024e-006
288	14450	4.07699e-006
289	14500	4.07699e-006
290	14550	4.07699e-006
291	14600	4.06516e-006
292	14650	7.76279e-007
293	14700	7.76279e-007
294	14750	7.37663e-007
295	14800	7.34882e-007
296	14850	7.34882e-007
297	14900	7.34882e-007
298	14950	5.88941e-007
299	15000	4.15204e-007
300	15050	4.15204e-007
301	15100	4.15204e-007
302	15150	4.15204e-007
303	15200	4.15204e-007
304	15250	4.15204e-007
305	15300	4.1386e-007
306	15350	3.72555e-007
307	15400	3.72555e-007
308	15450	3.72555e-007
309	15500	3.0824e-007
310	15550	3.0824e-007
311	15600	3.0824e-007
312	15650	3.0824e-007
313	15700	3.0824e-007
314	15750	3.0824e-007
315	15800	3.0824e-007
316	15850	3.0824e-007
317	15900	3.0824e-007
318	15950	2.84742e-007
319	16000	1.98126e-007
320	16050	1.98126e-007
321	16100	1.98126e-007
322	16150	1.76673e-007
323	16200	1.76673e-007
324	16250	1.76673e-007
325	16300	1.76673e-007
326	16350	1.76673e-007
327	16400	9.67365e-008
328	16450	9.51169e-008
329	16500	9.51169e-008
330	16550	4.97694e-008
331	16600	4.97694e-008
332	16650	4.97694e-008
333	16700	4.95593e-008
334	16750	4.49988e-008
335	16800	1.6564e-008
336	16850	1.6564e-008
337	16900	1.02427e-008
338	16950	1.02427e-008
339	17000	1.02427e-008
340	17050	1.02427e-008
341	17100	1.02427e-008
342	17150	1.02427e-008
343	17200	1.02427e-008
344	17250	1.02427e-008
345	17300	9.69915e-009
346	17350	9.69915e-009
347	17400	9.69915e-009
348	17450	9.55302e-009
349	17500	9.55302e-009
350	17550	5.96432e-009
351	17600	5.96432e-009
352	17650	5.96432e-009
353	17700	5.96432e-009
354	17750	5.96432e-009
355	17800	5.96432e-009
356	17850	5.96432e-009
357	17900	5.96432e-009
358	17950	5.96432e-009
359	18000	5.48721e-009
360	18050	5.48721e-009
361	18100	5.48721e-009
362	18150	5.48721e-009
363	18200	5.48721e-009
364	18250	5.48721e-009
365	18300	5.48721e-009
366	18350	5.20387e-009
367	18400	5.20387e-009
368	18450	5.20387e-009
369	18500	5.20387e-009
370	18550	5.20387e-009
371	18600	5.20387e-009
372	18650	5.20387e-009
373	18700	5.20387e-009
374	18750	5.20387e-009
375	18800	4.65512e-009
376	18850	3.09356e-009
377	18900	3.09356e-009
378	18950	3.09356e-009
379	19000	3.09356e-009
380	19050	1.4442e-009
381	19100	1.4442e-009
382	19150	1.4442e-009
383	19200	1.39878e-009
384	19250	1.2961e-009
385	19300	1.2961e-009
386	19350	4.42452e-010
387	19400	4.42452e-010
388	19450	4.42452e-010
389	19500	4.42452e-010
390	19550	4.42452e-010
391	19600	4.24947e-010
392	19650	3.75478e-010
393	19700	2.44272e-010
394	19750	2.44272e-010
395	19800	2.44272e-010
396	19850	2.44272e-010
397	19900	2.44272e-010
398	19950	1.93697e-010
399	20000	1.5214e-010
400	20050	1.5214e-010
401	20100	1.5214e-010
402	20150	1.5214e-010
403	20200	1.5214e-010
404	20250	1.5214e-010
405	20300	1.1199e-010
406	20350	1.1199e-010
407	20400	1.1199e-010
408	20450	1.02004e-010
409	20500	9.7253e-011
410	20550	9.7253e-011
411	20600	9.7253e-011
412	20650	9.7253e-011
413	20700	9.7253e-011
414	20750	9.7253e-011
415	20800	9.7253e-011
416	20850	6.00111e-011
417	20900	5.22663e-011
418	20950	5.22663e-011
419	21000	5.22663e-011
420	21050	5.0197e-011
421	21100	5.0197e-011
422	21150	4.4555e-011
423	21200	4.4555e-011
424	21250	4.4555e-011
425	21300	4.4555e-011
426	21350	4.4555e-011
427	21400	4.4555e-011
428	21450	4.4555e-011
429	21500	4.33565e-011
430	21550	4.33565e-011
431	21600	4.33565e-011
432	21650	4.33565e-011
433	21700	4.33565e-011
434	21750	4.33565e-011
435	21800	4.33565e-011
436	21850	4.33565e-011
437	21900	4.15323e-011
438	21950	4.13057e-011
439	22000	2.78297e-011
440	22050	2.78297e-011
441	22100	1.98462e-011
442	22150	1.98462e-011
443	22200	1.9843e-011
444	22250	1.09993e-011
445	22300	1.0495e-011
446	22350	1.04877e-011
447	22400	9.9259e-012
448	22450	9.9259e-012
449	22500	7.07904e-012
450	22550	7.07904e-012
451	22600	6.79387e-012
452	22650	6.79387e-012
453	22700	4.43177e-012
454	22750	4.42318e-012
455	22800	4.42318e-012
456	22850	4.42318e-012
457	22900	4.36019e-012
458	22950	4.36019e-012
459	23000	3.70529e-012
460	23050	3.70374e-012
461	23100	3.70374e-012
462	23150	3.58293e-012
463	23200	3.58293e-012
464	23250	3.58293e-012
465	23300	1.43466e-012
466	23350	1.43466e-012
467	23400	1.43466e-012
468	23450	1.43466e-012
469	23500	1.43466e-012
470	23550	1.42203e-012
471	23600	1.42203e-012
472	23650	1.42179e-012
473	23700	1.4133e-012
474	23750	7.13858e-013
475	23800	7.13858e-013
476	23850	7.13858e-013
477	23900	5.15542e-013
478	23950	5.15542e-013
479	24000	5.15542e-013
480	24050	5.14854e-013
481	24100	1.89806e-013
482	24150	1.89806e-013
483	24200	1.68386e-013
484	24250	1.68386e-013
485	24300	1.68386e-013
486	24350	1.17038e-013
487	24400	1.12088e-013
488	24450	1.12088e-013
489	24500	1.11769e-013
490	24550	8.07154e-014
491	24600	7.48854e-014
492	24650	7.48854e-014
493	24700	7.48854e-014
494	24750	7.48854e-014
495	24800	7.48854e-014
496	24850	4.92792e-014
497	24900	4.04392e-014
498	24950	4.03991e-014
499	25000	2.78597e-014
500	25050	2.78597e-014
501	25100	2.78597e-014
502	25150	2.78597e-014
503	25200	1.99154e-014
504	25250	1.99154e-014
505	25300	1.99154e-014
506	25350	1.99154e-014
507	25400	1.66347e-014
508	25450	1.66347e-014
509	25500	1.66347e-014
510	25550	1.66347e-014
511	25600	1.66347e-014
512	25650	1.66035e-014
513	25700	1.66035e-014
514	25750	1.66035e-014
515	25800	1.51576e-014
516	25850	1.51576e-014
517	25900	1.51576e-014
518	25950	1.51576e-014
519	26000	1.39394e-014
520	26050	1.39394e-014
521	26100	1.39394e-014
522	26150	5.64342e-015
523	26200	5.64342e-015
524	26250	5.64342e-015
525	26300	5.64342e-015
526	26350	3.50755e-015
527	26400	3.50755e-015
528	26450	3.50755e-015
529	26500	3.50755e-015
530	26550	3.50755e-015
531	26600	3.09656e-015
532	26650	3.09656e-015
533	26700	2.89439e-015
534	26750	2.89439e-015
535	26800	2.89439e-015
536	26850	2.89439e-015
537	26900	2.89439e-015
538	26950	2.89439e-015
539	27000	2.89439e-015
540	27050	2.89439e-015
541	27100	2.89439e-015
542	27150	2.89439e-015
543	27200	2.89439e-015
544	27250	2.89439e-015
545	27300	2.89439e-015
546	27350	2.47889e-015
547	27400	2.47767e-015
548	27450	2.46595e-015
549	27500	2.46595e-015
550	27550	2.29938e-015
551	27600	2.29938e-015
552	27650	1.10514e-015
553	27700	1.10514e-015
554	27750	1.10514e-015
555	27800	1.10514e-015
556	27850	1.10351e-015
557	27900	6.66397e-016
558	27950	4.40927e-016
559	28000	3.47834e-016
560	28050	3.47834e-016
561	28100	3.47834e-016
562	28150	2.42897e-016
563	28200	1.33766e-016
564	28250	1.29302e-016
565	28300	1.29302e-016
566	28350	1.29302e-016
567	28400	1.29302e-016
568	28450	1.29302e-016
569	28500	1.29302e-016
570	28550	1.29302e-016
571	28600	1.29302e-016
572	28650	1.29302e-016
573	28700	1.29302e-016
574	28750	1.29302e-016
575	28800	1.29302e-016
576	28850	1.20085e-016
577	28900	1.20085e-016
578	28950	1.04462e-016
579	29000	1.01915e-016
580	29050	1.01915e-016
581	29100	1.01915e-016
582	29150	1.01915e-016
583	29200	1.01915e-016
584	29250	1.01915e-016
585	29300	1.01392e-016
586	29350	1.01392e-016
587	29400	8.99879e-017
588	29450	8.99879e-017
589	29500	8.63939e-017
590	29550	6.99751e-017
591	29600	1.9889e-017
592	29650	1.43954e-017
593	29700	1.43954e-017
594	29750	1.06798e-017
595	29800	1.06798e-017
596	29850	1.06798e-017
597	29900	1.06798e-017
598	29950	5.62592e-018
599	30000	5.62592e-018
600	30050	5.62592e-018
601	30100	5.11257e-018
602	30150	5.11257e-018
603	30200	5.11257e-018
604	30250	5.11257e-018
605	30300	5.11257e-018
606	30350	5.11257e-018
607	30400	5.11257e-018
608	30450	5.11257e-018
609	30500	4.36636e-018
610	30550	4.36636e-018
611	30600	4.36636e-018
612	30650	4.36636e-018
613	30700	4.36636e-018
614	30750	4.36636e-018
615	30800	4.36636e-018
616	30850	4.22617e-018
617	30900	4.22617e-018
618	30950	4.22617e-018
619	31000	3.79455e-018
620	31050	3.47498e-018
621	31100	3.47498e-018
622	31150	3.33313e-018
623	31200	3.06713e-018
624	31250	3.06713e-018
625	31300	3.06713e-018
626	31350	3.06713e-018
627	31400	2.69122e-018
628	31450	2.42317e-018
629	31500	2.16102e-018
630	31550	2.16102e-018
631	31600	2.0417e-018
632	31650	1.45335e-018
633	31700	1.45335e-018
634	31750	1.36574e-018
635	31800	1.36574e-018
636	31850	9.91084e-019
637	31900	9.15292e-019
638	31950	9.15292e-019
639	32000	6.52219e-019
640	32050	4.46026e-019
641	32100	4.46026e-019
642	32150	4.46026e-019
643	32200	4.46026e-019
644	32250	4.46026e-019
645	32300	4.46026e-019
646	32350	4.46026e-019
647	32400	3.98523e-019
648	32450	3.98523e-019
649	32500	3.98523e-019
650	32550	3.00245e-019
651	32600	2.64174e-019
652	32650	2.24789e-019
653	32700	2.24789e-019
654	32750	2.24789e-019
655	32800	2.24789e-019
656	32850	2.24789e-019
657	32900	2.24789e-019
658	32950	1.44907e-019
659	33000	1.3948e-019
660	33050	1.367e-019
661	33100	1.10005e-019
662	33150	1.10005e-019
663	33200	1.10005e-019
664	33250	1.10005e-019
665	33300	1.10005e-019
666	33350	1.10005e-019
667	33400	1.01389e-019
668	33450	1.01389e-019
669	33500	9.59157e-020
670	33550	9.59157e-020
671	33600	9.59157e-020
672	33650	8.94094e-020
673	33700	8.94094e-020
674	33750	8.94094e-020
675	33800	8.94094e-020
676	33850	8.94094e-020
677	33900	6.45897e-020
678	33950	5.49208e-020
679	34000	4.75965e-020
680	34050	2.97068e-020
681	34100	2.96224e-020
682	34150	2.47368e-020
683	34200	1.99297e-020
684	34250	1.74225e-020
685	34300	1.74225e-020
686	34350	1.74225e-020
687	34400	1.74225e-020
688	34450	1.74225e-020
689	34500	1.74225e-020
690	34550	1.74225e-020
691	34600	1.74225e-020
692	34650	1.74225e-020
693	34700	1.6789e-020
694	34750	1.6789e-020
695	34800	1.13142e-020
696	34850	1.13142e-020
697	34900	1.13142e-020
698	34950	1.13142e-020
699	35000	7.56682e-021
700	35050	6.80559e-021
701	35100	6.80559e-021
702	35150	6.80559e-021
703	35200	6.80559e-021
704	35250	6.80559e-021
705	35300	6.80559e-021
706	35350	6.80559e-021
707	35400	6.80559e-021
708	35450	6.42033e-021
709	35500	6.42033e-021
710	35550	6.42033e-021
711	35600	6.42033e-021
712	35650	6.42033e-021
713	35700	6.42033e-021
714	35750	6.42033e-021
715	35800	6.94117e-022
716	35850	6.94117e-022
717	35900	6.89572e-022
718	35950	6.89572e-022
719	36000	6.89572e-022
720	36050	6.89572e-022
721	36100	5.00492e-022
722	36150	5.00492e-022
723	36200	4.87476e-022
724	36250	4.87476e-022
725	36300	4.66791e-022
726	36350	4.66791e-022
727	36400	4.66791e-022
728	36450	4.66791e-022
729	36500	4.66791e-022
730	36550	4.24249e-022
731	36600	4.24249e-022
732	36650	2.06334e-022
733	36700	2.06334e-022
734	36750	2.06334e-022
735	36800	2.04764e-022
736	36850	1.97071e-022
737	36900	1.7853e-022
738	36950	1.7853e-022
739	37000	1.67095e-022
740	37050	1.67095e-022
741	37100	1.67095e-022
742	37150	1.67095e-022
743	37200	1.54201e-022
744	37250	1.54201e-022
745	37300	1.54201e-022
746	37350	1.45846e-022
747	37400	1.45846e-022
748	37450	1.45846e-022
749	37500	6.42131e-023
750	37550	6.42131e-023
751	37600	1.6957e-023
752	37650	1.6957e-023
753	37700	1.6957e-023
754	37750	1.61383e-023
755	37800	1.61383e-023
756	37850	1.61383e-023
757	37900	1.61383e-023
758	37950	1.61383e-023
759	38000	1.61383e-023
760	38050	1.61383e-023
761	38100	1.61231e-023
762	38150	1.61231e-023
763	38200	1.61231e-023
764	38250	1.61231e-023
765	38300	1.61231e-023
766	38350	1.57017e-023
767	38400	1.57017e-023
768	38450	1.2999e-023
769	38500	1.2999e-023
770	38550	9.95089e-024
771	38600	9.93005e-024
772	38650	8.95394e-024
773	38700	8.95394e-024
774	38750	8.15488e-024
775	38800	8.15488e-024
776	38850	3.56693e-024
777	38900	2.97503e-024
778	38950	2.96452e-024
779	39000	2.96452e-024
780	39050	2.96452e-024
781	39100	2.96452e-024
782	39150	2.77715e-024
783	39200	1.85896e-024
784	39250	1.5352e-024
785	39300	1.5352e-024
786	39350	1.44012e-024
787	39400	1.44012e-024
788	39450	1.44012e-024
789	39500	1.44012e-024
790	39550	1.44012e-024
791	39600	1.3334e-024
792	39650	1.1688e-024
793	39700	1.1688e-024
794	39750	1.1688e-024
795	39800	1.14556e-024
796	39850	1.14556e-024
797	39900	1.14556e-024
798	39950	1.14556e-024
799	40000	1.14556e-024
800	40050	1.10444e-024
801	40100	1.05097e-024
802	40150	1.05097e-024
803	40200	1.0139e-024
804	40250	9.96185e-025
805	40300	8.79764e-025
806	40350	8.79764e-025
807	40400	8.6529e-025
808	40450	6.86687e-025
809	40500	5.24945e-025
810	40550	5.12628e-025
811	40600	3.91582e-025
812	40650	3.4976e-025
813	40700	2.32244e-025
814	40750	2.05079e-025
815	40800	1.775e-025
816	40850	1.61481e-025
817	40900	1.61481e-025
818	40950	1.61481e-025
819	41000	1.42714e-025
820	41050	1.42714e-025
821	41100	1.38129e-025
822	41150	1.33541e-025
823	41200	1.23881e-025
824	41250	1.23881e-025
825	41300	1.23881e-025
826	41350	1.13861e-025
827	41400	1.13861e-025
828	41450	1.13861e-025
829	41500	1.13861e-025
830	41550	1.31037e-026
831	41600	1.31037e-026
832	41650	1.31037e-026
833	41700	1.31037e-026
834	41750	9.74943e-027
835	41800	9.74943e-027
836	41850	9.60134e-027
837	41900	8.2007e-027
838	41950	8.2007e-027
839	42000	8.2007e-027
840	42050	6.49934e-027
841	42100	6.49934e-027
842	42150	6.49934e-027
843	42200	6.49934e-027
844	42250	6.49934e-027
845	42300	6.49934e-027
846	42350	6.49934e-027
847	42400	6.49934e-027
848	42450	6.49934e-027
849	42500	6.49934e-027
850	42550	6.49934e-027
851	42600	5.98175e-027
852	42650	5.98175e-027
853	42700	5.98175e-027
854	42750	5.98175e-027
855	42800	5.98175e-027
856	42850	3.0994e-027
857	42900	3.0994e-027
858	42950	3.09598e-027
859	43000	2.9086e-027
860	43050	2.9086e-027
861	43100	2.9086e-027
862	43150	2.9086e-027
863	43200	1.86865e-027
864	43250	1.86865e-027
865	43300	1.86865e-027
866	43350	1.86865e-027
867	43400	1.86865e-027
868	43450	1.86865e-027
869	43500	1.86865e-027
870	43550	1.86865e-027
871	43600	1.86865e-027
872	43650	1.75621e-027
873	43700	1.75621e-027
874	43750	1.65977e-027
875	43800	9.35068e-028
876	43850	9.35068e-028
877	43900	9.35068e-028
878	43950	7.92118e-028
879	44000	7.92118e-028
880	44050	7.27698e-028
881	44100	7.27698e-028
882	44150	6.04566e-028
883	44200	6.04566e-028
884	44250	6.04566e-028
885	44300	6.04566e-028
886	44350	6.04566e-028
887	44400	5.61827e-028
888	44450	4.83894e-028
889	44500	3.9429e-028
890	44550	3.20596e-028
891	44600	2.25045e-028
892	44650	2.25045e-028
893	44700	2.11917e-028
894	44750	1.85436e-028
895	44800	1.29919e-028
896	44850	1.16616e-028
897	44900	1.16616e-028
898	44950	1.16616e-028
899	45000	1.15519e-028
900	45050	1.05317e-028
901	45100	8.14004e-029
902	45150	5.62289e-029
903	45200	4.14731e-029
904	45250	4.14731e-029
905	45300	3.74636e-029
906	45350	3.74636e-029
907	45400	3.26363e-029
908	45450	3.26363e-029
909	45500	3.09116e-029
910	45550	2.40532e-029
911	45600	2.40532e-029
912	45650	2.40532e-029
913	45700	1.83371e-029
914	45750	1.48637e-029
915	45800	1.04517e-029
916	45850	1.04517e-029
917	45900	1.04517e-029
918	45950	9.55714e-030
919	46000	9.10096e-030
920	46050	9.10096e-030
921	46100	7.36923e-030
922	46150	7.36923e-030
923	46200	7.36923e-030
924	46250	7.36923e-030
925	46300	5.28967e-030
926	46350	5.28967e-030
927	46400	5.28967e-030
928	46450	5.25004e-030
929	46500	5.25004e-030
930	46550	4.91191e-030
931	46600	4.91191e-030
932	46650	4.91191e-030
933	46700	4.70637e-030
934	46750	2.94124e-030
935	46800	2.32552e-030
936	46850	2.31442e-030
937	46900	1.63761e-030
938	46950	1.51414e-030
939	47000	1.51414e-030
940	47050	1.51414e-030
941	47100	1.51414e-030
942	47150	1.51414e-030
943	47200	1.51414e-030
944	47250	1.51414e-030
945	47300	8.7674e-031
946	47350	8.03831e-031
947	47400	8.03831e-031
948	47450	5.99668e-031
949	47500	5.99668e-031
950	47550	5.04682e-031
951	47600	4.56225e-031
952	47650	4.24636e-031
953	47700	4.24636e-031
954	47750	3.31408e-031
955	47800	3.31408e-031
956	47850	2.93902e-031
957	47900	2.93902e-031
958	47950	2.93902e-031
959	48000	2.93902e-031
960	48050	2.89325e-031
961	48100	2.62418e-031
962	48150	2.62418e-031
963	48200	2.27204e-031
964	48250	2.27204e-031
965	48300	2.16747e-031
966	48350	1.88766e-031
967	48400	7.26923e-032
968	48450	7.26923e-032
969	48500	7.26923e-032
970	48550	7.26923e-032
971	48600	7.26923e-032
972	48650	7.26923e-032
973	48700	5.30996e-032
974	48750	2.62157e-032
975	48800	2.62157e-032
976	48850	2.62157e-032
977	48900	2.62157e-032
978	48950	2.31214e-032
979	49000	2.09006e-032
980	49050	2.09006e-032
981	49100	2.09006e-032
982	49150	2.09006e-032
983	49200	2.09006e-032
984	49250	7.01832e-033
985	49300	7.01832e-033
986	49350	7.01832e-033
987	49400	7.01832e-033
988	49450	7.01832e-033
989	49500	7.01832e-033
990	49550	7.01832e-033
991	49600	7.01832e-033
992	49650	6.78944e-033
993	49700	6.54779e-033
994	49750	5.54136e-033
995	49800	5.54136e-033
996	49850	5.54136e-033
997	49900	5.54136e-033
998	49950	5.54136e-033
999	50000	5.54136e-033
1000	50050	5.54136e-033
1001	50100	5.54136e-033
1002	50150	5.54136e-033
1003	50200	5.17443e-033
1004	50250	5.17443e-033
1005	50300	5.17443e-033
1006	50350	5.17443e-033
1007	50400	5.17443e-033
1008	50450	3.61672e-033
1009	50500	3.61672e-033
1010	50550	3.61672e-033
1011	50600	3.61672e-033
1012	50650	3.42862e-033
1013	50700	3.4264e-033
1014	50750	3.14095e-033
1015	50800	3.14095e-033
1016	50850	2.90537e-033
1017	50900	2.36956e-033
1018	50950	2.18442e-033
1019	51000	2.18442e-033
1020	51050	2.18442e-033
1021	51100	4.53781e-034
1022	51150	4.53781e-034
1023	51200	4.53781e-034
1024	51250	4.53781e-034
1025	51300	4.53781e-034
1026	51350	4.53781e-034
1027	51400	4.53075e-034
1028	51450	4.53075e-034
1029	51500	2.5132e-034
1030	51550	2.5132e-034
1031	51600	2.5132e-034
1032	51650	2.5132e-034
1033	51700	2.5132e-034
1034	51750	2.5009e-034
1035	51800	2.22801e-034
1036	51850	2.18053e-034
1037	51900	2.18053e-034
1038	51950	2.18053e-034
1039	52000	2.18053e-034
1040	52050	2.18053e-034
1041	52100	2.13333e-034
1042	52150	1.45017e-034
1043	52200	1.45017e-034
1044	52250	1.45017e-034
1045	52300	1.3663e-034
1046	52350	1.3663e-034
1047	52400	1.3663e-034
1048	52450	7.63366e-035
1049	52500	7.63366e-035
1050	52550	7.57031e-035
1051	52600	7.43256e-035
1052	52650	6.6686e-035
1053	52700	6.6686e-035
1054	52750	6.6686e-035
1055	52800	2.11927e-035
1056	52850	2.11927e-035
1057	52900	2.11927e-035
1058	52950	2.11927e-035
1059	53000	2.11927e-035
1060	53050	2.11927e-035
1061	53100	2.11927e-035
1062	53150	2.11563e-035
1063	53200	1.8873e-035
1064	53250	1.70929e-035
1065	53300	1.70929e-035
1066	53350	1.70929e-035
1067	53400	1.70929e-035
1068	53450	7.50793e-036
1069	53500	7.50793e-036
1070	53550	7.50793e-036
1071	53600	7.44037e-036
1072	53650	7.04836e-036
1073	53700	6.52551e-036
1074	53750	6.52551e-036
1075	53800	6.50001e-036
1076	53850	5.84746e-036
1077	53900	5.69287e-036
1078	53950	5.69287e-036
1079	54000	5.4878e-036
1080	54050	5.4878e-036
1081	54100	3.24572e-036
1082	54150	2.6888e-036
1083	54200	1.47441e-036
1084	54250	1.47441e-036
1085	54300	1.47441e-036
1086	54350	1.42387e-036
1087	54400	1.39815e-036
1088	54450	1.39815e-036
1089	54500	1.39815e-036
1090	54550	1.2103e-036
1091	54600	1.19406e-036
1092	54650	1.19406e-036
1093	54700	1.19406e-036
1094	54750	1.19406e-036
1095	54800	1.19406e-036
1096	54850	1.07883e-036
1097	54900	1.07883e-036
1098	54950	2.90624e-037
1099	55000	2.90624e-037
1100	55050	1.96739e-037
1101	55100	1.96739e-037
1102	55150	1.76034e-037
1103	55200	1.76034e-037
1104	55250	1.76034e-037
1105	55300	1.76034e-037
1106	55350	1.54836e-037
1107	55400	1.54836e-037
1108	55450	1.10674e-037
1109	55500	1.10674e-037
1110	55550	1.016e-037
1111	55600	6.72538e-038
1112	55650	6.72538e-038
1113	55700	6.72538e-038
1114	55750	6.71002e-038
1115	55800	5.3102e-038
1116	55850	5.3102e-038
1117	55900	5.3102e-038
1118	55950	5.12379e-038
1119	56000	4.79344e-038
1120	56050	4.79344e-038
1121	56100	4.79344e-038
1122	56150	4.42565e-038
1123	56200	4.42565e-038
1124	56250	4.24784e-038
1125	56300	4.24784e-038
1126	56350	4.24784e-038
1127	56400	4.24784e-038
1128	56450	4.24784e-038
1129	56500	4.24784e-038
1130	56550	4.03657e-038
1131	56600	4.03657e-038
1132	56650	4.03657e-038
1133	56700	3.86256e-038
1134	56750	3.01246e-038
1135	56800	3.01246e-038
1136	56850	3.01246e-038
1137	56900	3.01246e-038
1138	56950	2.96429e-038
1139	57000	2.96429e-038
1140	57050	2.79407e-038
1141	57100	2.79407e-038
1142	57150	2.52295e-038
1143	57200	1.98528e-038
1144	57250	1.42063e-038
1145	57300	1.3e-038
1146	57350	1.3e-038
1147	57400	1.3e-038
1148	57450	1.29122e-038
1149	57500	1.05748e-038
1150	57550	1.05591e-038
1151	57600	1.02604e-038
1152	57650	1.02604e-038
1153	57700	1.00607e-038
1154	57750	8.90882e-039
1155	57800	8.89251e-039
1156	57850	8.51993e-039
1157	57900	8.14245e-039
1158	57950	8.01146e-039
1159	58000	8.01146e-039
1160	58050	7.98154e-039
1161	58100	7.98154e-039
1162	58150	2.24366e-039
1163	58200	2.22969e-039
1164	58250	2.22969e-039
1165	58300	2.22969e-039
1166	58350	1.93671e-039
1167	58400	1.28122e-039
1168	58450	1.28122e-039
1169	58500	1.27961e-039
1170	58550	1.26033e-039
1171	58600	1.26033e-039
1172	58650	1.26033e-039
1173	58700	1.26033e-039
1174	58750	1.25865e-039
1175	58800	1.25865e-039
1176	58850	1.25865e-039
1177	58900	1.25321e-039
1178	58950	1.25321e-039
1179	59000	1.07758e-039
1180	59050	1.06253e-039
1181	59100	1.06252e-039
1182	59150	1.03545e-039
1183	59200	1.03339e-039
1184	59250	1.09036e-040
1185	59300	1.09036e-040
1186	59350	1.09036e-040
1187	59400	1.09036e-040
1188	59450	1.09036e-040
1189	59500	1.09036e-040
1190	59550	9.76516e-041
1191	59600	9.76516e-041
1192	59650	9.76516e-041
1193	59700	9.76516e-041
1194	59750	9.55179e-041
1195	59800	9.55179e-041
1196	59850	9.55179e-041
1197	59900	9.55179e-041
1198	59950	9.55179e-041
1199	60000	9.55084e-041
1200	60050	9.55084e-041
1201	60100	9.54834e-041
1202	60150	9.10359e-041
1203	60200	9.10359e-041
1204	60250	9.10359e-041
1205	60300	5.56156e-041
1206	60350	1.98387e-041
1207	60400	1.98387e-041
1208	60450	1.95313e-041
1209	60500	1.95313e-041
1210	60550	1.95313e-041
1211	60600	1.95313e-041
1212	60650	1.94362e-041
1213	60700	1.94362e-041
1214	60750	1.94362e-041
1215	60800	1.94362e-041
1216	60850	4.02981e-042
1217	60900	1.69644e-042
1218	60950	1.69644e-042
1219	61000	1.69644e-042
1220	61050	1.69644e-042
1221	61100	1.29172e-042
1222	61150	1.29172e-042
1223	61200	1.16503e-042
1224	61250	1.14165e-042
1225	61300	1.14165e-042
1226	61350	1.09451e-042
1227	61400	9.54816e-043
1228	61450	7.17745e-043
1229	61500	6.84814e-043
1230	61550	6.84814e-043
1231	61600	6.56786e-043
1232	61650	6.56786e-043
1233	61700	6.35998e-043
1234	61750	6.35998e-043
1235	61800	6.0386e-043
1236	61850	6.0386e-043
1237	61900	6.0386e-043
1238	61950	4.6118e-043
1239	62000	3.17398e-043
1240	62050	3.17398e-043
1241	62100	3.17398e-043
1242	62150	3.1311e-043
1243	62200	3.1311e-043
1244	62250	3.1311e-043
1245	62300	3.1311e-043
1246	62350	3.1311e-043
1247	62400	3.1311e-043
1248	62450	3.0718e-043
1249	62500	2.59921e-043
1250	62550	2.59921e-043
1251	62600	2.59921e-043
1252	62650	2.59921e-043
1253	62700	2.59921e-043
1254	62750	2.53748e-043
1255	62800	2.53748e-043
1256	62850	2.53748e-043
1257	62900	1.90022e-043
1258	62950	1.89989e-043
1259	63000	1.13143e-043
1260	63050	1.13143e-043
1261	63100	1.01304e-043
1262	63150	9.69932e-044
1263	63200	9.69932e-044
1264	63250	9.69932e-044
1265	63300	9.69932e-044
1266	63350	4.24782e-044
1267	63400	4.24782e-044
1268	63450	4.24782e-044
1269	63500	4.24782e-044
1270	63550	4.24782e-044
1271	63600	4.24782e-044
1272	63650	4.17831e-044
1273	63700	1.97886e-044
1274	63750	1.97886e-044
1275	63800	1.97886e-044
1276	63850	1.97886e-044
1277	63900	1.97886e-044
1278	63950	9.32352e-045
1279	64000	9.32352e-045
1280	64050	4.75971e-045
1281	64100	4.75971e-045
1282	64150	4.33648e-045
1283	64200	4.33648e-045
1284	64250	4.33648e-045
1285	64300	2.38021e-045
1286	64350	2.38021e-045
1287	64400	2.38021e-045
1288	64450	2.37116e-045
1289	64500	2.37116e-045
1290	64550	2.37116e-045
1291	64600	2.37116e-045
1292	64650	2.37116e-045
1293	64700	2.37116e-045
1294	64750	2.37116e-045
1295	64800	2.37116e-045
1296	64850	1.76665e-045
1297	64900	1.76665e-045
1298	64950	1.46799e-045
1299	65000	1.46799e-045
1300	65050	1.46799e-045
1301	65100	6.14261e-046
1302	65150	6.14261e-046
1303	65200	6.14261e-046
1304	65250	6.14261e-046
1305	65300	6.09791e-046
1306	65350	6.09791e-046
1307	65400	6.09791e-046
1308	65450	6.09791e-046
1309	65500	6.09791e-046
1310	65550	6.09791e-046
1311	65600	6.09791e-046
1312	65650	6.09791e-046
1313	65700	6.09791e-046
1314	65750	6.09791e-046
1315	65800	1.8484e-046
1316	65850	1.8484e-046
1317	65900	1.83513e-046
1318	65950	1.83513e-046
1319	66000	1.83513e-046
1320	66050	1.83513e-046
1321	66100	1.83513e-046
1322	66150	1.83513e-046
1323	66200	1.83513e-046
1324	66250	1.83513e-046
1325	66300	1.66754e-046
1326	66350	1.66754e-046
1327	66400	1.65277e-046
1328	66450	1.57583e-046
1329	66500	1.41591e-046
1330	66550	1.34462e-046
1331	66600	1.34462e-046
1332	66650	1.34462e-046
1333	66700	2.90084e-047
1334	66750	1.99856e-047
1335	66800	1.99856e-047
1336	66850	1.99856e-047
1337	66900	1.99856e-047
1338	66950	1.99856e-047
1339	67000	1.9839e-047
1340	67050	1.58202e-047
1341	67100	1.58202e-047
1342	67150	1.57516e-047
1343	67200	1.57516e-047
1344	67250	1.57516e-047
1345	67300	1.32583e-047
1346	67350	1.22368e-047
1347	67400	1.22166e-047
1348	67450	1.22166e-047
1349	67500	1.22166e-047
1350	67550	1.22166e-047
1351	67600	1.22166e-047
1352	67650	1.22166e-047
1353	67700	1.22166e-047
1354	67750	7.82754e-048
1355	67800	7.82754e-048
1356	67850	6.45649e-048
1357	67900	5.94164e-048
1358	67950	4.6662e-048
1359	68000	4.6662e-048
1360	68050	4.6662e-048
1361	68100	4.10272e-048
1362	68150	3.07985e-048
1363	68200	2.89062e-048
1364	68250	2.84535e-048
1365	68300	1.78248e-048
1366	68350	1.78248e-048
1367	68400	1.75429e-048
1368	68450	1.70653e-048
1369	68500	1.65383e-048
1370	68550	1.65383e-048
1371	68600	1.65383e-048
1372	68650	1.53393e-048
1373	68700	1.24477e-048
1374	68750	1.16972e-048
1375	68800	9.82168e-049
1376	68850	9.82168e-049
1377	68900	9.77586e-049
1378	68950	9.77586e-049
1379	69000	9.66313e-049
1380	69050	9.66313e-049
1381	69100	7.81879e-049
1382	69150	5.06144e-049
1383	69200	4.05428e-049
1384	69250	2.99903e-049
1385	69300	2.99903e-049
1386	69350	2.43375e-049
1387	69400	2.43375e-049
1388	69450	2.43375e-049
1389	69500	2.42991e-049
1390	69550	2.41915e-049
1391	69600	1.55065e-049
1392	69650	1.54204e-049
1393	69700	1.54204e-049
1394	69750	1.54204e-049
1395	69800	1.44727e-049
1396	69850	1.44727e-049
1397	69900	1.44727e-049
1398	69950	1.31812e-049
1399	70000	1.30553e-049
1400	70050	1.30553e-049
1401	70100	1.29698e-049
1402	70150	1.29698e-049
1403	70200	8.03296e-050
1404	70250	2.84001e-050
1405	70300	2.84001e-050
1406	70350	2.84001e-050
1407	70400	1.43037e-050
1408	70450	1.43037e-050
1409	70500	1.23926e-050
1410	70550	1.23926e-050
1411	70600	1.23926e-050
1412	70650	1.23926e-050
1413	70700	1.23926e-050
1414	70750	1.23926e-050
1415	70800	1.23926e-050
1416	70850	1.23926e-050
1417	70900	1.23926e-050
1418	70950	1.19169e-050
1419	71000	9.53148e-051
1420	71050	9.24088e-051
1421	71100	9.12281e-051
1422	71150	9.12281e-051
1423	71200	9.12281e-051
1424	71250	9.12281e-051
1425	71300	9.12281e-051
1426	71350	9.04486e-051
1427	71400	9.01141e-051
1428	71450	8.45668e-051
1429	71500	8.45668e-051
1430	71550	8.45668e-051
1431	71600	8.17816e-051
1432	71650	8.17816e-051
1433	71700	4.37931e-051
1434	71750	4.37931e-051
1435	71800	3.93713e-051
1436	71850	2.99536e-051
1437	71900	2.99536e-051
1438	71950	2.99536e-051
1439	72000	2.96552e-051
1440	72050	2.96552e-051
1441	72100	2.96552e-051
1442	72150	2.96552e-051
1443	72200	2.48145e-051
1444	72250	2.48145e-051
1445	72300	1.67402e-051
1446	72350	1.22036e-051
1447	72400	8.1302e-052
1448	72450	8.10802e-052
1449	72500	7.58032e-052
1450	72550	6.94932e-052
1451	72600	6.94932e-052
1452	72650	6.94932e-052
1453	72700	6.94932e-052
1454	72750	6.84032e-052
1455	72800	6.84032e-052
1456	72850	4.36851e-052
1457	72900	4.08569e-052
1458	72950	3.14973e-052
1459	73000	2.16288e-052
1460	73050	2.16288e-052
1461	73100	2.16288e-052
1462	73150	2.16288e-052
1463	73200	2.09715e-052
1464	73250	2.07129e-052
1465	73300	8.22007e-053
1466	73350	8.22007e-053
1467	73400	8.22007e-053
1468	73450	8.22007e-053
1469	73500	7.84223e-053
1470	73550	7.84223e-053
1471	73600	5.27825e-053
1472	73650	4.67845e-053
1473	73700	4.67845e-053
1474	73750	4.67845e-053
1475	73800	4.59566e-053
1476	73850	4.59566e-053
1477	73900	4.58136e-053
1478	73950	4.46181e-053
1479	74000	4.46181e-053
1480	74050	4.46181e-053
1481	74100	3.51047e-053
1482	74150	3.48041e-053
1483	74200	3.48041e-053
1484	74250	2.94022e-053
1485	74300	2.63777e-053
1486	74350	2.63777e-053
1487	74400	2.63777e-053
1488	74450	2.63777e-053
1489	74500	1.61239e-053
1490	74550	1.61239e-053
1491	74600	1.61239e-053
1492	74650	1.61239e-053
1493	74700	6.7881e-054
1494	74750	4.5822e-054
1495	74800	4.5822e-054
1496	74850	3.25095e-054
1497	74900	3.25095e-054
1498	74950	3.25095e-054
1499	75000	3.25095e-054
1500	75050	2.82786e-054
1501	75100	2.82786e-054
1502	75150	2.77262e-054
1503	75200	2.77262e-054
1504	75250	2.6735e-054
1505	75300	2.6735e-054
1506	75350	2.6735e-054
1507	75400	2.42993e-054
1508	75450	2.42993e-054
1509	75500	1.36216e-054
1510	75550	1.36216e-054
1511	75600	9.95432e-055
1512	75650	9.57769e-055
1513	75700	9.57769e-055
1514	75750	9.57769e-055
1515	75800	9.57769e-055
1516	75850	9.57769e-055
1517	75900	9.57769e-055
1518	75950	5.84611e-055
1519	76000	2.92053e-055
1520	76050	2.92053e-055
1521	76100	2.71924e-055
1522	76150	2.71924e-055
1523	76200	1.35126e-055
1524	76250	1.35126e-055
1525	76300	1.35126e-055
1526	76350	1.35126e-055
1527	76400	1.35126e-055
1528	76450	1.35126e-055
1529	76500	1.35126e-055
1530	76550	1.32324e-055
1531	76600	9.33161e-056
1532	76650	9.33161e-056
1533	76700	9.33161e-056
1534	76750	4.81697e-056
1535	76800	4.51837e-056
1536	76850	4.34384e-056
1537	76900	4.34384e-056
1538	76950	5.9238e-057
1539	77000	4.29741e-057
1540	77050	4.29741e-057
1541	77100	4.29741e-057
1542	77150	4.29741e-057
1543	77200	4.29741e-057
1544	77250	4.29741e-057
1545	77300	4.29741e-057
1546	77350	4.29741e-057
1547	77400	4.29741e-057
1548	77450	4.29741e-057
1549	77500	4.29741e-057
1550	77550	4.29741e-057
1551	77600	4.29741e-057
1552	77650	4.29741e-057
1553	77700	4.29741e-057
1554	77750	4.29741e-057
1555	77800	4.29741e-057
1556	77850	4.29741e-057
1557	77900	2.96588e-057
1558	77950	2.96588e-057
1559	78000	2.96588e-057
1560	78050	2.96588e-057
1561	78100	2.96588e-057
1562	78150	2.74003e-057
1563	78200	2.74003e-057
1564	78250	2.74003e-057
1565	78300	2.74003e-057
1566	78350	2.57712e-057
1567	78400	2.28743e-057
1568	78450	2.28743e-057
1569	78500	2.28743e-057
1570	78550	2.09461e-057
1571	78600	2.09461e-057
1572	78650	2.07998e-057
1573	78700	1.62326e-057
1574	78750	1.62326e-057
1575	78800	1.33947e-057
1576	78850	1.33748e-057
1577	78900	1.05406e-057
1578	78950	1.02285e-057
1579	79000	8.14013e-058
1580	79050	8.14013e-058
1581	79100	8.14013e-058
1582	79150	7.96883e-058
1583	79200	7.96883e-058
1584	79250	5.2503e-058
1585	79300	5.2503e-058
1586	79350	5.2503e-058
1587	79400	5.2503e-058
1588	79450	3.6363e-058
1589	79500	3.6363e-058
1590	79550	3.6363e-058
1591	79600	3.62368e-058
1592	79650	2.34632e-058
1593	79700	2.1999e-058
1594	79750	1.01428e-058
1595	79800	1.01428e-058
1596	79850	7.08675e-059
1597	79900	6.66669e-059
1598	79950	5.65297e-059
1599	80000	5.65297e-059
1600	80050	5.19919e-059
1601	80100	5.00537e-059
1602	80150	5.00537e-059
1603	80200	4.99178e-059
1604	80250	4.99178e-059
1605	80300	4.99178e-059
1606	80350	4.99178e-059
1607	80400	4.65315e-059
1608	80450	4.65315e-059
1609	80500	4.45742e-059
1610	80550	4.36745e-059
1611	80600	4.36745e-059
1612	80650	4.36745e-059
1613	80700	4.36745e-059
1614	80750	3.82963e-059
1615	80800	3.44033e-059
1616	80850	3.44033e-059
1617	80900	3.39913e-059
1618	80950	1.6716e-059
1619	81000	1.65907e-059
1620	81050	1.63155e-059
1621	81100	1.63155e-059
1622	81150	1.60504e-059
1623	81200	1.60504e-059
1624	81250	1.60504e-059
1625	81300	1.17312e-059
1626	81350	1.00315e-059
1627	81400	9.82983e-060
1628	81450	9.03841e-060
1629	81500	8.49733e-060
1630	81550	8.49733e-060
1631	81600	8.49733e-060
1632	81650	8.49733e-060
1633	81700	8.49733e-060
1634	81750	8.47182e-060
1635	81800	8.47182e-060
1636	81850	8.19638e-060
1637	81900	8.19638e-060
1638	81950	8.19638e-060
1639	82000	8.19638e-060
1640	82050	7.9782e-060
1641	82100	7.96675e-060
1642	82150	7.96675e-060
1643	82200	7.94075e-060
1644	82250	2.61461e-060
1645	82300	2.61461e-060
1646	82350	9.98405e-061
1647	82400	8.55884e-061
1648	82450	8.55884e-061
1649	82500	8.1715e-061
1650	82550	8.1715e-061
1651	82600	6.84196e-061
1652	82650	6.84196e-061
1653	82700	2.17618e-061
1654	82750	2.17618e-061
1655	82800	1.9145e-061
1656	82850	1.9145e-061
1657	82900	1.9145e-061
1658	82950	1.9145e-061
1659	83000	1.69227e-061
1660	83050	1.69102e-061
1661	83100	1.53158e-061
1662	83150	1.53158e-061
1663	83200	1.53158e-061
1664	83250	1.53158e-061
1665	83300	1.46262e-061
1666	83350	1.46262e-061
1667	83400	1.46262e-061
1668	83450	1.46262e-061
1669	83500	1.46262e-061
1670	83550	1.15857e-061
1671	83600	1.11535e-061
1672	83650	1.11535e-061
1673	83700	1.08739e-061
1674	83750	1.07873e-061
1675	83800	1.06596e-061
1676	83850	9.01271e-062
1677	83900	9.01271e-062
1678	83950	4.3089e-062
1679	84000	4.3089e-062
1680	84050	4.3089e-062
1681	84100	4.3089e-062
1682	84150	1.5435e-062
1683	84200	1.5435e-062
1684	84250	1.51709e-062
1685	84300	9.9857e-063
1686	84350	8.36105e-063
1687	84400	8.26634e-063
1688	84450	8.23588e-063
1689	84500	8.23588e-063
1690	84550	7.68496e-063
1691	84600	5.50517e-063
1692	84650	5.03469e-063
1693	84700	4.31875e-063
1694	84750	4.31875e-063
1695	84800	4.06943e-063
1696	84850	3.86644e-063
1697	84900	3.59257e-063
1698	84950	3.59257e-063
1699	85000	3.12039e-063
1700	85050	3.12039e-063
1701	85100	2.5286e-063
1702	85150	2.5286e-063
1703	85200	2.25946e-063
1704	85250	2.25946e-063
1705	85300	2.23979e-063
1706	85350	1.94808e-063
1707	85400	1.60119e-063
1708	85450	1.53834e-063
1709	85500	1.53834e-063
1710	85550	1.53834e-063
1711	85600	1.53834e-063
1712	85650	1.53834e-063
1713	85700	1.53834e-063
1714	85750	1.44839e-063
1715	85800	1.44839e-063
1716	85850	1.44839e-063
1717	85900	1.44839e-063
1718	85950	1.44839e-063
1719	86000	3.0905e-064
1720	86050	3.0905e-064
1721	86100	2.09897e-064
1722	86150	2.09897e-064
1723	86200	2.09234e-064
1724	86250	2.09234e-064
1725	86300	2.09234e-064
1726	86350	2.09234e-064
1727	86400	2.09234e-064
1728	86450	2.08551e-064
1729	86500	2.08551e-064
1730	86550	2.08551e-064
1731	86600	2.08551e-064
1732	86650	1.29895e-064
1733	86700	1.29895e-064
1734	86750	5.37648e-065
1735	86800	4.96214e-065
1736	86850	4.92482e-065
1737	86900	4.92482e-065
1738	86950	4.92482e-065
1739	87000	4.92482e-065
1740	87050	4.92482e-065
1741	87100	4.92482e-065
1742	87150	4.92267e-065
1743	87200	4.74225e-065
1744	87250	4.74225e-065
1745	87300	4.22862e-065
1746	87350	4.22862e-065
1747	87400	4.22862e-065
1748	87450	4.05882e-065
1749	87500	4.05882e-065
1750	87550	3.43116e-065
1751	87600	3.43116e-065
1752	87650	3.43116e-065
1753	87700	3.43116e-065
1754	87750	3.43116e-065
1755	87800	3.26576e-065
1756	87850	3.22941e-065
1757	87900	3.22941e-065
1758	87950	3.19248e-065
1759	88000	1.46513e-065
1760	88050	1.46513e-065
1761	88100	1.46513e-065
1762	88150	1.46513e-065
1763	88200	3.37914e-066
1764	88250	3.37914e-066
1765	88300	1.56889e-066
1766	88350	1.56889e-066
1767	88400	1.56889e-066
1768	88450	1.56889e-066
1769	88500	8.36037e-067
1770	88550	8.36037e-067
1771	88600	7.8547e-067
1772	88650	7.8547e-067
1773	88700	6.74961e-067
1774	88750	5.09521e-067
1775	88800	5.09521e-067
1776	88850	5.09521e-067
1777	88900	5.09521e-067
1778	88950	3.43173e-067
1779	89000	3.43173e-067
1780	89050	3.11001e-067
1781	89100	3.11001e-067
1782	89150	3.11001e-067
1783	89200	3.11001e-067
1784	89250	3.11001e-067
1785	89300	3.03383e-067
1786	89350	3.03383e-067
1787	89400	3.03383e-067
1788	89450	2.41648e-067
1789	89500	2.41648e-067
1790	89550	2.12867e-067
1791	89600	2.12867e-067
1792	89650	1.64369e-067
1793	89700	1.64369e-067
1794	89750	1.64369e-067
1795	89800	1.64369e-067
1796	89850	1.64369e-067
1797	89900	1.49607e-067
1798	89950	1.49607e-067
1799	90000	1.49607e-067
1800	90050	1.49607e-067
1801	90100	1.49607e-067
1802	90150	1.4607e-067
1803	90200	1.4607e-067
1804	90250	1.4607e-067
1805	90300	1.45955e-067
1806	90350	1.45955e-067
1807	90400	1.45955e-067
1808	90450	1.45955e-067
1809	90500	1.43431e-067
1810	90550	8.28576e-069
1811	90600	8.28576e-069
1812	90650	8.28576e-069
1813	90700	8.28576e-069
1814	90750	8.28576e-069
1815	90800	8.28576e-069
1816	90850	8.17415e-069
1817	90900	8.17415e-069
1818	90950	8.13474e-069
1819	91000	7.72545e-069
1820	91050	6.10331e-069
1821	91100	3.83829e-069
1822	91150	3.83829e-069
1823	91200	3.83829e-069
1824	91250	3.04591e-069
1825	91300	2.1918e-069
1826	91350	2.1918e-069
1827	91400	2.1918e-069
1828	91450	1.36782e-069
1829	91500	1.36782e-069
1830	91550	1.36782e-069
1831	91600	1.36782e-069
1832	91650	1.36782e-069
1833	91700	1.09025e-069
1834	91750	1.09025e-069
1835	91800	9.95473e-070
1836	91850	9.95473e-070
1837	91900	9.95473e-070
1838	91950	9.95473e-070
1839	92000	9.95473e-070
1840	92050	9.95473e-070
1841	92100	9.95473e-070
1842	92150	9.43163e-070
1843	92200	9.43163e-070
1844	92250	7.13714e-070
1845	92300	7.13714e-070
1846	92350	5.7138e-070
1847	92400	5.7138e-070
1848	92450	5.7138e-070
1849	92500	5.7138e-070
1850	92550	2.73988e-070
1851	92600	2.70009e-070
1852	92650	1.45683e-070
1853	92700	1.45683e-070
1854	92750	1.44461e-070
1855	92800	3.6751e-071
1856	92850	3.6751e-071
1857	92900	3.6751e-071
1858	92950	3.6751e-071
1859	93000	3.57155e-071
1860	93050	2.91995e-071
1861	93100	2.91995e-071
1862	93150	2.91995e-071
1863	93200	2.91995e-071
1864	93250	2.83167e-071
1865	93300	2.83167e-071
1866	93350	2.83167e-071
1867	93400	2.83167e-071
1868	93450	2.83167e-071
1869	93500	2.56145e-071
1870	93550	2.56145e-071
1871	93600	2.56145e-071
1872	93650	2.18686e-071
1873	93700	2.18686e-071
1874	93750	2.11223e-071
1875	93800	2.11223e-071
1876	93850	2.11223e-071
1877	93900	2.04759e-071
1878	93950	2.04759e-071
1879	94000	8.17098e-072
1880	94050	8.17098e-072
1881	94100	8.12004e-072
1882	94150	8.12004e-072
1883	94200	8.12004e-072
1884	94250	7.37658e-072
1885	94300	7.37658e-072
1886	94350	7.37658e-072
1887	94400	5.32748e-072
1888	94450	1.35534e-072
1889	94500	1.28243e-072
1890	94550	1.28243e-072
1891	94600	1.28243e-072
1892	94650	1.28243e-072
1893	94700	1.28127e-072
1894	94750	1.28127e-072
1895	94800	1.28127e-072
1896	94850	1.04683e-072
1897	94900	1.04683e-072
1898	94950	1.04557e-072
1899	95000	1.04557e-072
1900	95050	1.04557e-072
1901	95100	9.81551e-073
1902	95150	9.81551e-073
1903	95200	9.81551e-073
1904	95250	5.84123e-073
1905	95300	5.84123e-073
1906	95350	5.84123e-073
1907	95400	5.84123e-073
1908	95450	4.79574e-073
1909	95500	4.79574e-073
1910	95550	4.79574e-073
1911	95600	4.66559e-073
1912	95650	4.66559e-073
1913	95700	4.61925e-073
1914	95750	4.61925e-073
1915	95800	4.59226e-073
1916	95850	4.09332e-073
1917	95900	4.09332e-073
1918	95950	7.36425e-074
1919	96000	7.36425e-074
1920	96050	4.13158e-074
1921	96100	4.13158e-074
1922	96150	4.13158e-074
1923	96200	4.13158e-074
1924	96250	3.95124e-074
1925	96300	3.95124e-074
1926	96350	3.95124e-074
1927	96400	3.93961e-074
1928	96450	3.93961e-074
1929	96500	3.93961e-074
1930	96550	3.93961e-074
1931	96600	3.2617e-074
1932	96650	3.2617e-074
1933	96700	3.2617e-074
1934	96750	3.2617e-074
1935	96800	3.2617e-074
1936	96850	3.14234e-074
1937	96900	2.97656e-074
1938	96950	2.97656e-074
1939	97000	2.9032e-074
1940	97050	2.9032e-074
1941	97100	1.72114e-074
1942	97150	1.61494e-074
1943	97200	1.47315e-074
1944	97250	1.47315e-074
1945	97300	1.30694e-074
1946	97350	1.30694e-074
1947	97400	1.26424e-074
1948	97450	1.2294e-074
1949	97500	1.2294e-074
1950	97550	1.2294e-074
1951	97600	1.21038e-074
1952	97650	1.21038e-074
1953	97700	1.21038e-074
1954	97750	1.17627e-074
1955	97800	1.0508e-074
1956	97850	4.0933e-075
1957	97900	3.40453e-075
1958	97950	3.35211e-075
1959	98000	3.35211e-075
1960	98050	2.92392e-075
1961	98100	2.83817e-075
1962	98150	2.83817e-075
1963	98200	2.83817e-075
1964	98250	2.81189e-075
1965	98300	2.76638e-075
1966	98350	2.14599e-075
1967	98400	1.5694e-075
1968	98450	1.5694e-075
1969	98500	1.5694e-075
1970	98550	1.5694e-075
1971	98600	1.5694e-075
1972	98650	9.6307e-076
1973	98700	9.6307e-076
1974	98750	9.14609e-076
1975	98800	9.0413e-076
1976	98850	7.73177e-076
1977	98900	7.73177e-076
1978	98950	7.73177e-076
1979	99000	4.02847e-076
1980	99050	4.02419e-076
1981	99100	1.4959e-076
1982	99150	1.4959e-076
1983	99200	1.22166e-076
1984	99250	1.20406e-076
1985	99300	1.15268e-076
1986	99350	1.10482e-076
1987	99400	9.82683e-077
1988	99450	9.71762e-077
1989	99500	9.71312e-077
1990	99550	9.71312e-077
1991	99600	9.71312e-077
1992	99650	8.00097e-077
1993	99700	4.73413e-077
1994	99750	2.31413e-077
1995	99800	1.94838e-077
1996	99850	1.94838e-077
1997	99900	1.30707e-077
1998	99950	1.19717e-077
1999	100000	1.19717e-077
2000	100050	1.19717e-077
