1	100	0
2	150	1595.26
3	200	1195.71
4	250	1052.02
5	300	685.664
6	350	685.664
7	400	646.755
8	450	633.316
9	500	633.316
10	550	631.711
11	600	567.67
12	650	567.67
13	700	567.67
14	750	567.67
15	800	248.002
16	850	248.002
17	900	248.002
18	950	248.002
19	1000	248.002
20	1050	236.825
21	1100	139.431
22	1150	130.122
23	1200	130.122
24	1250	86.9097
25	1300	86.9097
26	1350	86.9097
27	1400	86.9097
28	1450	86.9097
29	1500	86.9097
30	1550	86.9097
31	1600	86.9097
32	1650	73.1864
33	1700	73.1864
34	1750	73.1864
35	1800	73.1864
36	1850	73.1864
37	1900	52.9199
38	1950	52.9199
39	2000	52.9199
40	2050	52.9199
41	2100	52.9199
42	2150	48.9001
43	2200	48.9001
44	2250	26.9652
45	2300	26.9652
46	2350	26.9652
47	2400	26.1816
48	2450	26.1816
49	2500	26.1816
50	2550	23.2929
51	2600	18.5016
52	2650	18.5016
53	2700	18.5016
54	2750	18.5016
55	2800	18.5016
56	2850	18.5016
57	2900	14.1697
58	2950	14.1697
59	3000	14.1697
60	3050	13.8542
61	3100	13.8542
62	3150	8.30137
63	3200	8.30137
64	3250	8.139
65	3300	8.04073
66	3350	8.04073
67	3400	8.04073
68	3450	8.04073
69	3500	8.04073
70	3550	8.04073
71	3600	8.04073
72	3650	8.04073
73	3700	8.04073
74	3750	8.04073
75	3800	8.04073
76	3850	8.04073
77	3900	8.04073
78	3950	8.04073
79	4000	8.04073
80	4050	7.974
81	4100	7.90371
82	4150	7.90371
83	4200	7.90371
84	4250	5.18066
85	4300	5.18066
86	4350	5.18066
87	4400	4.32188
88	4450	4.32188
89	4500	4.32188
90	4550	2.0711
91	4600	2.0711
92	4650	1.93718
93	4700	1.93718
94	4750	1.39054
95	4800	1.39054
96	4850	1.27609
97	4900	1.27609
98	4950	1.27609
99	5000	0.912776
100	5050	0.912776
101	5100	0.403684
102	5150	0.403684
103	5200	0.403684
104	5250	0.403684
105	5300	0.403684
106	5350	0.403684
107	5400	0.403684
108	5450	0.403684
109	5500	0.313726
110	5550	0.313726
111	5600	0.313726
112	5650	0.266074
113	5700	0.266074
114	5750	0.266074
115	5800	0.266074
116	5850	0.266074
117	5900	0.266074
118	5950	0.266074
119	6000	0.266074
120	6050	0.266074
121	6100	0.266074
122	6150	0.266074
123	6200	0.266074
124	6250	0.258221
125	6300	0.258221
126	6350	0.258221
127	6400	0.0662105
128	6450	0.0662105
129	6500	0.0662105
130	6550	0.0662105
131	6600	0.0662105
132	6650	0.0662105
133	6700	0.0654541
134	6750	0.0654541
135	6800	0.0654541
136	6850	0.0654541
137	6900	0.0559245
138	6950	0.0559245
139	7000	0.0559245
140	7050	0.0426628
141	7100	0.0356079
142	7150	0.019113
143	7200	0.019113
144	7250	0.019113
145	7300	0.019113
146	7350	0.019113
147	7400	0.019113
148	7450	0.019113
149	7500	0.0137975
150	7550	0.0137975
151	7600	0.0137975
152	7650	0.0137975
153	7700	0.0134014
154	7750	0.0134014
155	7800	0.0134014
156	7850	0.0134014
157	7900	0.0133662
158	7950	0.0133662
159	8000	0.0133662
160	8050	0.0109278
161	8100	0.0109278
162	8150	0.0109278
163	8200	0.0109278
164	8250	0.0109278
165	8300	0.00987462
166	8350	0.00987462
167	8400	0.00957155
168	8450	0.00957155
169	8500	0.00933279
170	8550	0.00933279
171	8600	0.00933279
172	8650	0.00875092
173	8700	0.00875092
174	8750	0.00542158
175	8800	0.00542158
176	8850	0.00142155
177	8900	0.00142155
178	8950	0.00142155
179	9000	0.00142155
180	9050	0.00142155
181	9100	0.00121311
182	9150	0.0011264
183	9200	0.000882015
184	9250	0.000882015
185	9300	0.000882015
186	9350	0.000882015
187	9400	0.000882015
188	9450	0.000882015
189	9500	0.000882015
190	9550	0.000882015
191	9600	0.000882015
192	9650	0.000589035
193	9700	0.000589035
194	9750	0.000589035
195	9800	0.000481131
196	9850	0.000481131
197	9900	0.000481131
198	9950	0.000481131
199	10000	0.000481131
200	10050	0.000481131
201	10100	0.000481131
202	10150	0.000306578
203	10200	0.000306578
204	10250	0.000208584
205	10300	0.000208584
206	10350	0.000198961
207	10400	0.000196838
208	10450	0.000196838
209	10500	0.000196838
210	10550	0.000196838
211	10600	0.000182902
212	10650	0.000182902
213	10700	0.000173872
214	10750	0.000173872
215	10800	0.000173872
216	10850	0.000163645
217	10900	0.000163645
218	10950	0.000163645
219	11000	0.000114372
220	11050	0.000114372
221	11100	0.000114372
222	11150	0.000114372
223	11200	0.000113129
224	11250	0.000113129
225	11300	0.00011293
226	11350	0.00011293
227	11400	7.60979e-005
228	11450	7.60979e-005
229	11500	7.60979e-005
230	11550	7.60979e-005
231	11600	7.12398e-005
232	11650	6.68197e-005
233	11700	6.68197e-005
234	11750	4.88108e-005
235	11800	4.88108e-005
236	11850	4.88108e-005
237	11900	4.88108e-005
238	11950	4.88108e-005
239	12000	4.19177e-005
240	12050	3.59703e-005
241	12100	3.57124e-005
242	12150	3.55232e-005
243	12200	3.1168e-005
244	12250	2.83658e-005
245	12300	2.83658e-005
246	12350	2.83658e-005
247	12400	2.83658e-005
248	12450	2.83658e-005
249	12500	8.75269e-006
250	12550	8.75269e-006
251	12600	5.1577e-006
252	12650	5.1577e-006
253	12700	2.8683e-006
254	12750	2.8683e-006
255	12800	2.8683e-006
256	12850	2.8683e-006
257	12900	2.74737e-006
258	12950	2.07412e-006
259	13000	2.07412e-006
260	13050	2.07412e-006
261	13100	2.07412e-006
262	13150	2.07412e-006
263	13200	2.07412e-006
264	13250	2.05169e-006
265	13300	2.05169e-006
266	13350	2.05169e-006
267	13400	2.05169e-006
268	13450	1.50058e-006
269	13500	1.50058e-006
270	13550	1.50058e-006
271	13600	1.45799e-006
272	13650	1.2594e-006
273	13700	1.2594e-006
274	13750	1.2594e-006
275	13800	1.25456e-006
276	13850	1.25456e-006
277	13900	1.25456e-006
278	13950	1.25456e-006
279	14000	1.25456e-006
280	14050	9.65335e-007
281	14100	9.65335e-007
282	14150	9.65335e-007
283	14200	9.65335e-007
284	14250	9.65335e-007
285	14300	9.65335e-007
286	14350	9.65335e-007
287	14400	9.47303e-007
288	14450	9.47303e-007
289	14500	7.63049e-007
290	14550	7.56472e-007
291	14600	4.67958e-007
292	14650	4.67958e-007
293	14700	1.55582e-007
294	14750	1.55582e-007
295	14800	1.55582e-007
296	14850	1.55582e-007
297	14900	1.55582e-007
298	14950	1.52396e-007
299	15000	1.52396e-007
300	15050	1.52396e-007
301	15100	1.52396e-007
302	15150	1.52396e-007
303	15200	1.52396e-007
304	15250	1.52396e-007
305	15300	1.52396e-007
306	15350	1.52396e-007
307	15400	1.52396e-007
308	15450	1.52396e-007
309	15500	1.52396e-007
310	15550	1.45307e-007
311	15600	1.45307e-007
312	15650	1.34387e-007
313	15700	4.93463e-008
314	15750	4.93463e-008
315	15800	4.93463e-008
316	15850	4.93463e-008
317	15900	4.93463e-008
318	15950	4.93463e-008
319	16000	4.93463e-008
320	16050	4.93463e-008
321	16100	4.93463e-008
322	16150	4.81219e-008
323	16200	3.63808e-008
324	16250	3.63808e-008
325	16300	3.60546e-008
326	16350	3.60546e-008
327	16400	3.15492e-008
328	16450	3.15492e-008
329	16500	3.15492e-008
330	16550	3.15492e-008
331	16600	2.74372e-008
332	16650	2.74372e-008
333	16700	2.74372e-008
334	16750	2.28095e-008
335	16800	2.28095e-008
336	16850	2.28095e-008
337	16900	2.1927e-008
338	16950	2.1927e-008
339	17000	2.1927e-008
340	17050	1.99847e-008
341	17100	1.99847e-008
342	17150	1.9089e-008
343	17200	1.9089e-008
344	17250	1.9089e-008
345	17300	1.52624e-008
346	17350	1.52624e-008
347	17400	1.31134e-008
348	17450	1.31134e-008
349	17500	1.3008e-008
350	17550	1.3008e-008
351	17600	1.19773e-008
352	17650	1.19773e-008
353	17700	1.09732e-008
354	17750	1.09732e-008
355	17800	1.09732e-008
356	17850	8.29407e-009
357	17900	8.29407e-009
358	17950	6.96657e-009
359	18000	5.9489e-009
360	18050	5.9489e-009
361	18100	4.22686e-009
362	18150	4.21394e-009
363	18200	3.67131e-009
364	18250	3.67131e-009
365	18300	3.06955e-009
366	18350	3.06955e-009
367	18400	2.97321e-009
368	18450	1.36599e-009
369	18500	1.00431e-009
370	18550	8.43284e-010
371	18600	8.43284e-010
372	18650	8.43284e-010
373	18700	8.43284e-010
374	18750	8.43284e-010
375	18800	8.43284e-010
376	18850	8.43284e-010
377	18900	8.05992e-010
378	18950	8.01738e-010
379	19000	6.97651e-010
380	19050	6.97651e-010
381	19100	6.97651e-010
382	19150	6.97651e-010
383	19200	6.97651e-010
384	19250	5.00556e-010
385	19300	5.00556e-010
386	19350	4.87503e-010
387	19400	4.79278e-010
388	19450	4.79278e-010
389	19500	3.97523e-010
390	19550	3.97523e-010
391	19600	3.96572e-010
392	19650	3.96572e-010
393	19700	3.96572e-010
394	19750	3.96572e-010
395	19800	3.87566e-010
396	19850	3.71336e-010
397	19900	3.6e-010
398	19950	5.52405e-011
399	20000	5.52405e-011
400	20050	5.52405e-011
401	20100	5.52405e-011
402	20150	5.52405e-011
403	20200	5.52405e-011
404	20250	5.52405e-011
405	20300	5.52405e-011
406	20350	5.51157e-011
407	20400	4.85071e-011
408	20450	1.77705e-011
409	20500	1.67692e-011
410	20550	1.52883e-011
411	20600	1.52883e-011
412	20650	1.00718e-011
413	20700	1.00718e-011
414	20750	1.00718e-011
415	20800	6.70466e-012
416	20850	6.70466e-012
417	20900	6.70466e-012
418	20950	6.70466e-012
419	21000	6.70466e-012
420	21050	6.70466e-012
421	21100	6.70466e-012
422	21150	6.70466e-012
423	21200	6.70466e-012
424	21250	6.70466e-012
425	21300	6.70466e-012
426	21350	6.70466e-012
427	21400	6.70466e-012
428	21450	6.39384e-012
429	21500	3.08755e-012
430	21550	3.08755e-012
431	21600	3.08755e-012
432	21650	3.08755e-012
433	21700	3.08755e-012
434	21750	2.83095e-012
435	21800	2.83095e-012
436	21850	2.83095e-012
437	21900	2.83095e-012
438	21950	2.72251e-012
439	22000	2.72251e-012
440	22050	2.72251e-012
441	22100	2.72251e-012
442	22150	2.72251e-012
443	22200	2.72251e-012
444	22250	2.72251e-012
445	22300	2.72251e-012
446	22350	2.72251e-012
447	22400	2.72251e-012
448	22450	2.72251e-012
449	22500	2.72251e-012
450	22550	2.72251e-012
451	22600	2.72251e-012
452	22650	2.72251e-012
453	22700	2.72251e-012
454	22750	2.62662e-012
455	22800	2.60433e-012
456	22850	2.5863e-012
457	22900	2.5555e-012
458	22950	2.5555e-012
459	23000	2.5555e-012
460	23050	2.52606e-012
461	23100	1.2492e-012
462	23150	1.2492e-012
463	23200	1.2492e-012
464	23250	1.2492e-012
465	23300	1.2492e-012
466	23350	6.49482e-013
467	23400	6.49482e-013
468	23450	6.49482e-013
469	23500	2.01566e-013
470	23550	2.01566e-013
471	23600	2.01566e-013
472	23650	2.01566e-013
473	23700	2.01566e-013
474	23750	2.01566e-013
475	23800	1.66754e-013
476	23850	1.66754e-013
477	23900	1.66754e-013
478	23950	1.66754e-013
479	24000	1.66754e-013
480	24050	1.66754e-013
481	24100	1.66754e-013
482	24150	1.66754e-013
483	24200	1.66754e-013
484	24250	1.65608e-013
485	24300	8.55343e-014
486	24350	8.55343e-014
487	24400	8.55343e-014
488	24450	7.9412e-014
489	24500	7.9412e-014
490	24550	7.9412e-014
491	24600	7.9412e-014
492	24650	7.9412e-014
493	24700	5.60503e-014
494	24750	5.60503e-014
495	24800	5.60503e-014
496	24850	4.03308e-014
497	24900	3.92103e-014
498	24950	3.6581e-014
499	25000	3.6581e-014
500	25050	3.6581e-014
501	25100	2.79767e-014
502	25150	2.79767e-014
503	25200	2.79767e-014
504	25250	2.76173e-014
505	25300	2.76173e-014
506	25350	2.76173e-014
507	25400	2.46213e-014
508	25450	2.46213e-014
509	25500	2.46213e-014
510	25550	2.40801e-014
511	25600	2.04429e-014
512	25650	2.04429e-014
513	25700	2.03637e-014
514	25750	1.90082e-014
515	25800	1.88759e-014
516	25850	1.88759e-014
517	25900	1.85998e-014
518	25950	1.85998e-014
519	26000	1.85998e-014
520	26050	1.8322e-014
521	26100	1.72298e-014
522	26150	1.72298e-014
523	26200	1.72298e-014
524	26250	1.72298e-014
525	26300	1.72298e-014
526	26350	1.72298e-014
527	26400	1.72298e-014
528	26450	1.72298e-014
529	26500	1.69728e-014
530	26550	1.68561e-014
531	26600	1.64549e-015
532	26650	1.64549e-015
533	26700	1.64549e-015
534	26750	1.64549e-015
535	26800	1.64549e-015
536	26850	1.62657e-015
537	26900	1.5219e-015
538	26950	1.5219e-015
539	27000	1.5219e-015
540	27050	1.5219e-015
541	27100	1.5219e-015
542	27150	1.25118e-015
543	27200	1.22187e-015
544	27250	1.20193e-015
545	27300	1.20193e-015
546	27350	1.20193e-015
547	27400	1.20193e-015
548	27450	9.26789e-016
549	27500	9.26789e-016
550	27550	9.26789e-016
551	27600	2.13162e-016
552	27650	2.13162e-016
553	27700	2.13162e-016
554	27750	2.13162e-016
555	27800	2.12764e-016
556	27850	2.12764e-016
557	27900	1.95051e-016
558	27950	1.95051e-016
559	28000	1.95051e-016
560	28050	1.83852e-016
561	28100	1.83852e-016
562	28150	1.83852e-016
563	28200	1.83852e-016
564	28250	1.67278e-016
565	28300	1.67278e-016
566	28350	1.48442e-016
567	28400	1.18872e-016
568	28450	9.38414e-017
569	28500	9.38414e-017
570	28550	9.38414e-017
571	28600	7.02281e-017
572	28650	7.02281e-017
573	28700	7.02281e-017
574	28750	7.02281e-017
575	28800	7.00312e-017
576	28850	7.00312e-017
577	28900	7.00312e-017
578	28950	6.76069e-017
579	29000	4.98671e-017
580	29050	3.96736e-017
581	29100	3.96736e-017
582	29150	2.38363e-017
583	29200	2.38363e-017
584	29250	2.38363e-017
585	29300	2.38363e-017
586	29350	2.38363e-017
587	29400	2.22907e-017
588	29450	2.22907e-017
589	29500	1.58704e-017
590	29550	1.58704e-017
591	29600	1.58704e-017
592	29650	1.55956e-017
593	29700	1.55956e-017
594	29750	1.55956e-017
595	29800	1.55956e-017
596	29850	1.2698e-017
597	29900	6.96771e-018
598	29950	6.96771e-018
599	30000	6.96771e-018
600	30050	6.37787e-018
601	30100	6.37787e-018
602	30150	6.37787e-018
603	30200	6.37787e-018
604	30250	4.42388e-018
605	30300	4.42388e-018
606	30350	2.99118e-018
607	30400	2.64472e-018
608	30450	2.64472e-018
609	30500	2.50196e-018
610	30550	2.31878e-018
611	30600	1.00615e-018
612	30650	1.00615e-018
613	30700	1.00615e-018
614	30750	1.00615e-018
615	30800	1.00615e-018
616	30850	1.00615e-018
617	30900	1.00615e-018
618	30950	1.00615e-018
619	31000	1.00615e-018
620	31050	1.00615e-018
621	31100	9.51939e-019
622	31150	7.35906e-019
623	31200	5.40445e-019
624	31250	4.68569e-019
625	31300	4.68569e-019
626	31350	4.68569e-019
627	31400	4.68569e-019
628	31450	4.68569e-019
629	31500	2.92668e-019
630	31550	2.36955e-019
631	31600	2.36955e-019
632	31650	1.79751e-019
633	31700	1.79751e-019
634	31750	1.79751e-019
635	31800	1.75146e-019
636	31850	1.75146e-019
637	31900	1.75146e-019
638	31950	1.75146e-019
639	32000	1.09744e-019
640	32050	6.74249e-020
641	32100	5.89979e-020
642	32150	5.89979e-020
643	32200	5.89979e-020
644	32250	5.35817e-020
645	32300	5.35817e-020
646	32350	4.25381e-020
647	32400	4.25381e-020
648	32450	4.25381e-020
649	32500	4.25381e-020
650	32550	4.25381e-020
651	32600	4.25381e-020
652	32650	4.25381e-020
653	32700	4.25381e-020
654	32750	4.25381e-020
655	32800	4.23166e-020
656	32850	4.23166e-020
657	32900	4.2306e-020
658	32950	4.10036e-020
659	33000	4.10036e-020
660	33050	4.10036e-020
661	33100	4.10036e-020
662	33150	4.10036e-020
663	33200	4.10036e-020
664	33250	4.10036e-020
665	33300	4.10036e-020
666	33350	3.88085e-020
667	33400	3.17877e-020
668	33450	3.08915e-020
669	33500	4.14997e-021
670	33550	4.14997e-021
671	33600	4.14997e-021
672	33650	4.14997e-021
673	33700	4.14997e-021
674	33750	4.14997e-021
675	33800	4.14997e-021
676	33850	2.05135e-021
677	33900	2.05135e-021
678	33950	1.18857e-021
679	34000	1.12534e-021
680	34050	1.12534e-021
681	34100	1.44489e-022
682	34150	1.44489e-022
683	34200	1.44489e-022
684	34250	1.44489e-022
685	34300	1.44489e-022
686	34350	1.44489e-022
687	34400	1.44489e-022
688	34450	1.44489e-022
689	34500	1.44489e-022
690	34550	1.44489e-022
691	34600	1.31187e-022
692	34650	1.31187e-022
693	34700	1.31187e-022
694	34750	1.12976e-022
695	34800	1.12976e-022
696	34850	1.12976e-022
697	34900	1.12976e-022
698	34950	1.12976e-022
699	35000	1.12976e-022
700	35050	1.12976e-022
701	35100	1.12976e-022
702	35150	1.11684e-022
703	35200	1.11684e-022
704	35250	1.11684e-022
705	35300	1.08251e-022
706	35350	1.08251e-022
707	35400	1.08251e-022
708	35450	1.08251e-022
709	35500	1.08251e-022
710	35550	1.08251e-022
711	35600	1.08251e-022
712	35650	1.08251e-022
713	35700	1.08251e-022
714	35750	1.08251e-022
715	35800	7.1622e-023
716	35850	6.42972e-023
717	35900	6.42972e-023
718	35950	6.42972e-023
719	36000	6.42972e-023
720	36050	3.14542e-023
721	36100	3.14542e-023
722	36150	3.14542e-023
723	36200	3.14542e-023
724	36250	3.14542e-023
725	36300	3.14542e-023
726	36350	3.14542e-023
727	36400	3.03084e-023
728	36450	3.03084e-023
729	36500	3.03084e-023
730	36550	3.03084e-023
731	36600	3.03084e-023
732	36650	3.03084e-023
733	36700	3.03084e-023
734	36750	3.03084e-023
735	36800	3.03084e-023
736	36850	3.03084e-023
737	36900	3.03084e-023
738	36950	3.03084e-023
739	37000	2.43961e-023
740	37050	2.43961e-023
741	37100	2.43961e-023
742	37150	2.43961e-023
743	37200	1.56621e-023
744	37250	1.56621e-023
745	37300	1.56621e-023
746	37350	1.56621e-023
747	37400	1.56621e-023
748	37450	1.54753e-023
749	37500	1.54753e-023
750	37550	1.54753e-023
751	37600	1.06466e-023
752	37650	6.6926e-024
753	37700	6.50551e-024
754	37750	6.50551e-024
755	37800	6.50551e-024
756	37850	6.50551e-024
757	37900	6.50551e-024
758	37950	6.50551e-024
759	38000	6.50551e-024
760	38050	6.50551e-024
761	38100	6.42463e-024
762	38150	6.42463e-024
763	38200	6.42463e-024
764	38250	6.00961e-024
765	38300	4.83477e-024
766	38350	4.71673e-024
767	38400	4.71673e-024
768	38450	4.71673e-024
769	38500	4.71673e-024
770	38550	4.58506e-024
771	38600	4.26282e-024
772	38650	4.26282e-024
773	38700	4.26282e-024
774	38750	4.08189e-024
775	38800	4.08189e-024
776	38850	1.20441e-024
777	38900	1.0128e-024
778	38950	1.0128e-024
779	39000	1.0128e-024
780	39050	9.6297e-025
781	39100	9.6297e-025
782	39150	9.6297e-025
783	39200	7.17375e-025
784	39250	6.60968e-025
785	39300	6.60968e-025
786	39350	6.60968e-025
787	39400	6.60968e-025
788	39450	5.4479e-025
789	39500	5.4479e-025
790	39550	5.4479e-025
791	39600	5.4479e-025
792	39650	5.4479e-025
793	39700	3.89519e-025
794	39750	3.89519e-025
795	39800	3.89519e-025
796	39850	2.53004e-025
797	39900	2.53004e-025
798	39950	2.31432e-025
799	40000	2.26916e-025
800	40050	2.26916e-025
801	40100	2.23423e-025
802	40150	2.23423e-025
803	40200	1.78347e-025
804	40250	1.78347e-025
805	40300	1.78347e-025
806	40350	1.78347e-025
807	40400	1.70782e-025
808	40450	1.70782e-025
809	40500	1.70782e-025
810	40550	1.70782e-025
811	40600	3.75994e-026
812	40650	3.75994e-026
813	40700	3.32355e-026
814	40750	1.15504e-026
815	40800	1.15504e-026
816	40850	1.15504e-026
817	40900	1.15504e-026
818	40950	1.15504e-026
819	41000	1.15504e-026
820	41050	1.09924e-026
821	41100	9.51429e-027
822	41150	7.93049e-027
823	41200	7.93049e-027
824	41250	7.93049e-027
825	41300	7.26707e-027
826	41350	6.28439e-027
827	41400	6.28439e-027
828	41450	6.28439e-027
829	41500	6.28439e-027
830	41550	6.28439e-027
831	41600	6.28439e-027
832	41650	6.03916e-027
833	41700	5.80348e-027
834	41750	5.58573e-027
835	41800	5.58573e-027
836	41850	5.58573e-027
837	41900	5.58573e-027
838	41950	4.1e-027
839	42000	3.99345e-027
840	42050	2.54494e-027
841	42100	2.4725e-027
842	42150	2.0503e-027
843	42200	2.0503e-027
844	42250	2.0503e-027
845	42300	1.69439e-027
846	42350	1.69439e-027
847	42400	1.69439e-027
848	42450	1.69439e-027
849	42500	1.68349e-027
850	42550	1.34909e-027
851	42600	1.34909e-027
852	42650	1.34909e-027
853	42700	1.0404e-027
854	42750	1.0404e-027
855	42800	1.0404e-027
856	42850	1.04005e-027
857	42900	1.04005e-027
858	42950	1.04005e-027
859	43000	1.04005e-027
860	43050	8.3364e-028
861	43100	8.3364e-028
862	43150	7.91739e-028
863	43200	7.91739e-028
864	43250	7.91739e-028
865	43300	7.59544e-028
866	43350	7.59544e-028
867	43400	6.81523e-028
868	43450	6.48238e-028
869	43500	4.56133e-028
870	43550	4.56133e-028
871	43600	4.56133e-028
872	43650	4.56133e-028
873	43700	4.56133e-028
874	43750	4.55294e-028
875	43800	4.44004e-028
876	43850	4.19864e-028
877	43900	4.19864e-028
878	43950	4.19864e-028
879	44000	4.1969e-028
880	44050	3.9372e-028
881	44100	3.9372e-028
882	44150	3.9372e-028
883	44200	3.9372e-028
884	44250	3.93524e-028
885	44300	3.93524e-028
886	44350	2.98414e-028
887	44400	2.44843e-028
888	44450	2.44843e-028
889	44500	2.42087e-028
890	44550	2.42087e-028
891	44600	2.42087e-028
892	44650	2.42087e-028
893	44700	1.30603e-028
894	44750	1.30454e-028
895	44800	1.28456e-028
896	44850	1.28456e-028
897	44900	1.28456e-028
898	44950	1.02919e-028
899	45000	7.0766e-029
900	45050	6.9522e-029
901	45100	6.9522e-029
902	45150	2.7171e-029
903	45200	2.52889e-029
904	45250	1.99648e-029
905	45300	1.96005e-029
906	45350	1.96005e-029
907	45400	1.96005e-029
908	45450	1.96005e-029
909	45500	1.69332e-029
910	45550	1.57798e-029
911	45600	1.57798e-029
912	45650	1.57798e-029
913	45700	1.57798e-029
914	45750	9.68846e-030
915	45800	8.26251e-030
916	45850	8.08059e-030
917	45900	8.08059e-030
918	45950	6.43912e-030
919	46000	6.43912e-030
920	46050	3.89299e-030
921	46100	2.39369e-030
922	46150	2.39369e-030
923	46200	2.39369e-030
924	46250	2.39369e-030
925	46300	2.39369e-030
926	46350	2.25465e-030
927	46400	1.93208e-030
928	46450	1.93208e-030
929	46500	1.93208e-030
930	46550	1.93208e-030
931	46600	1.75517e-030
932	46650	1.75517e-030
933	46700	1.75517e-030
934	46750	1.75517e-030
935	46800	1.75517e-030
936	46850	1.54324e-030
937	46900	1.54324e-030
938	46950	1.54276e-030
939	47000	1.54276e-030
940	47050	1.48907e-030
941	47100	1.48907e-030
942	47150	1.44786e-030
943	47200	1.43991e-030
944	47250	1.31596e-030
945	47300	3.057e-031
946	47350	3.02766e-031
947	47400	3.02766e-031
948	47450	3.02766e-031
949	47500	2.90481e-031
950	47550	2.90481e-031
951	47600	2.89367e-031
952	47650	2.33577e-031
953	47700	2.33577e-031
954	47750	2.33577e-031
955	47800	2.33577e-031
956	47850	1.75335e-031
957	47900	1.31372e-031
958	47950	1.31372e-031
959	48000	1.20844e-031
960	48050	8.85478e-032
961	48100	8.85478e-032
962	48150	8.42138e-032
963	48200	4.83812e-032
964	48250	4.83812e-032
965	48300	4.83812e-032
966	48350	4.83812e-032
967	48400	4.59757e-032
968	48450	4.59757e-032
969	48500	4.59757e-032
970	48550	3.82712e-032
971	48600	3.79153e-032
972	48650	3.79153e-032
973	48700	3.79153e-032
974	48750	3.76511e-032
975	48800	3.76511e-032
976	48850	3.48709e-032
977	48900	3.48709e-032
978	48950	2.70207e-032
979	49000	2.66295e-032
980	49050	2.51214e-032
981	49100	2.51214e-032
982	49150	2.45743e-032
983	49200	2.45743e-032
984	49250	2.13416e-032
985	49300	1.94051e-032
986	49350	1.93756e-032
987	49400	1.93756e-032
988	49450	1.93756e-032
989	49500	6.85998e-033
990	49550	6.76994e-033
991	49600	3.25401e-033
992	49650	3.11537e-033
993	49700	3.11537e-033
994	49750	3.11537e-033
995	49800	3.11537e-033
996	49850	3.11408e-033
997	49900	3.11408e-033
998	49950	3.11408e-033
999	50000	3.11408e-033
1000	50050	2.96974e-033
1001	50100	2.59404e-033
1002	50150	2.57875e-033
1003	50200	2.57875e-033
1004	50250	2.56264e-033
1005	50300	2.56264e-033
1006	50350	2.56264e-033
1007	50400	1.16137e-033
1008	50450	1.1125e-033
1009	50500	1.1125e-033
1010	50550	1.1125e-033
1011	50600	1.1125e-033
1012	50650	1.1125e-033
1013	50700	1.1125e-033
1014	50750	1.1125e-033
1015	50800	1.1125e-033
1016	50850	9.84915e-034
1017	50900	9.84915e-034
1018	50950	9.52154e-034
1019	51000	7.59313e-034
1020	51050	7.59313e-034
1021	51100	7.59313e-034
1022	51150	7.52589e-034
1023	51200	7.52589e-034
1024	51250	7.52589e-034
1025	51300	7.52589e-034
1026	51350	7.48278e-034
1027	51400	7.40165e-034
1028	51450	2.15804e-034
1029	51500	2.15804e-034
1030	51550	2.15804e-034
1031	51600	2.15804e-034
1032	51650	2.15804e-034
1033	51700	2.15804e-034
1034	51750	2.15804e-034
1035	51800	2.15804e-034
1036	51850	2.15804e-034
1037	51900	1.89528e-034
1038	51950	1.67143e-034
1039	52000	1.67143e-034
1040	52050	1.67143e-034
1041	52100	1.67143e-034
1042	52150	1.67143e-034
1043	52200	1.67143e-034
1044	52250	6.51597e-035
1045	52300	6.51597e-035
1046	52350	6.51597e-035
1047	52400	4.68125e-035
1048	52450	4.68125e-035
1049	52500	1.55769e-035
1050	52550	1.55769e-035
1051	52600	1.42072e-035
1052	52650	1.42072e-035
1053	52700	1.22031e-035
1054	52750	1.22031e-035
1055	52800	1.22031e-035
1056	52850	1.22031e-035
1057	52900	1.1819e-035
1058	52950	1.1819e-035
1059	53000	1.1819e-035
1060	53050	1.1819e-035
1061	53100	1.1819e-035
1062	53150	1.1819e-035
1063	53200	7.93065e-036
1064	53250	7.59112e-036
1065	53300	7.59112e-036
1066	53350	7.59112e-036
1067	53400	7.29035e-036
1068	53450	3.53804e-036
1069	53500	3.53804e-036
1070	53550	3.28835e-036
1071	53600	3.28835e-036
1072	53650	3.28835e-036
1073	53700	3.1709e-036
1074	53750	3.1709e-036
1075	53800	2.79297e-036
1076	53850	2.79297e-036
1077	53900	2.79297e-036
1078	53950	2.79297e-036
1079	54000	2.40625e-036
1080	54050	2.36924e-036
1081	54100	2.34861e-036
1082	54150	2.25194e-036
1083	54200	2.25194e-036
1084	54250	2.25194e-036
1085	54300	2.25194e-036
1086	54350	2.25194e-036
1087	54400	1.96138e-036
1088	54450	1.96138e-036
1089	54500	1.96138e-036
1090	54550	3.22649e-037
1091	54600	3.22649e-037
1092	54650	2.72712e-037
1093	54700	2.72712e-037
1094	54750	2.72712e-037
1095	54800	2.72712e-037
1096	54850	2.56144e-037
1097	54900	2.56144e-037
1098	54950	2.24161e-037
1099	55000	2.24161e-037
1100	55050	2.24161e-037
1101	55100	2.13794e-037
1102	55150	2.02144e-037
1103	55200	2.02144e-037
1104	55250	1.03829e-037
1105	55300	1.03829e-037
1106	55350	1.03829e-037
1107	55400	1.03829e-037
1108	55450	3.37179e-038
1109	55500	3.37179e-038
1110	55550	3.37179e-038
1111	55600	3.37179e-038
1112	55650	3.37179e-038
1113	55700	3.37179e-038
1114	55750	2.20754e-038
1115	55800	1.89919e-038
1116	55850	1.89919e-038
1117	55900	1.89919e-038
1118	55950	1.11476e-038
1119	56000	1.08562e-038
1120	56050	1.08562e-038
1121	56100	1.08562e-038
1122	56150	9.27915e-039
1123	56200	7.93264e-039
1124	56250	7.23924e-039
1125	56300	7.23924e-039
1126	56350	7.23924e-039
1127	56400	7.23924e-039
1128	56450	6.10183e-039
1129	56500	6.10183e-039
1130	56550	4.25324e-039
1131	56600	4.18431e-039
1132	56650	4.18431e-039
1133	56700	4.18431e-039
1134	56750	4.18431e-039
1135	56800	4.18431e-039
1136	56850	4.18431e-039
1137	56900	4.18431e-039
1138	56950	3.5037e-039
1139	57000	3.5037e-039
1140	57050	3.5037e-039
1141	57100	2.93216e-039
1142	57150	2.93216e-039
1143	57200	2.93216e-039
1144	57250	2.67283e-039
1145	57300	2.23551e-039
1146	57350	2.23551e-039
1147	57400	2.23551e-039
1148	57450	2.23551e-039
1149	57500	1.81539e-039
1150	57550	1.78362e-039
1151	57600	1.78362e-039
1152	57650	1.78362e-039
1153	57700	1.67307e-039
1154	57750	1.67307e-039
1155	57800	1.66792e-039
1156	57850	1.66792e-039
1157	57900	1.66792e-039
1158	57950	1.66792e-039
1159	58000	1.66792e-039
1160	58050	1.66792e-039
1161	58100	1.66792e-039
1162	58150	1.66792e-039
1163	58200	1.60703e-039
1164	58250	1.3456e-039
1165	58300	1.3456e-039
1166	58350	1.3456e-039
1167	58400	7.34527e-040
1168	58450	7.34527e-040
1169	58500	7.34527e-040
1170	58550	6.4321e-040
1171	58600	3.65308e-040
1172	58650	3.34038e-040
1173	58700	3.06988e-040
1174	58750	2.86634e-040
1175	58800	1.77554e-040
1176	58850	1.77554e-040
1177	58900	1.73957e-040
1178	58950	1.4531e-040
1179	59000	1.4416e-040
1180	59050	1.4416e-040
1181	59100	6.26225e-041
1182	59150	6.26225e-041
1183	59200	6.26225e-041
1184	59250	6.26225e-041
1185	59300	6.22233e-041
1186	59350	5.81683e-041
1187	59400	5.35275e-041
1188	59450	4.56094e-041
1189	59500	4.32379e-041
1190	59550	4.32379e-041
1191	59600	4.32379e-041
1192	59650	2.90933e-041
1193	59700	2.90933e-041
1194	59750	2.90933e-041
1195	59800	2.90933e-041
1196	59850	2.90933e-041
1197	59900	2.76113e-041
1198	59950	2.31884e-041
1199	60000	2.31884e-041
1200	60050	2.04681e-041
1201	60100	2.04681e-041
1202	60150	7.59374e-042
1203	60200	7.59374e-042
1204	60250	7.15301e-042
1205	60300	6.49126e-042
1206	60350	5.868e-042
1207	60400	5.11974e-042
1208	60450	5.00519e-042
1209	60500	2.78119e-042
1210	60550	2.56911e-042
1211	60600	2.55578e-042
1212	60650	2.55578e-042
1213	60700	2.55578e-042
1214	60750	2.32419e-042
1215	60800	2.3154e-042
1216	60850	1.59108e-042
1217	60900	1.59108e-042
1218	60950	1.59108e-042
1219	61000	1.59108e-042
1220	61050	1.45735e-042
1221	61100	1.28461e-042
1222	61150	1.28461e-042
1223	61200	1.28461e-042
1224	61250	1.21866e-042
1225	61300	5.12542e-043
1226	61350	5.12542e-043
1227	61400	5.06427e-043
1228	61450	5.06427e-043
1229	61500	5.02309e-043
1230	61550	5.02309e-043
1231	61600	4.21504e-043
1232	61650	4.21504e-043
1233	61700	4.21504e-043
1234	61750	4.21504e-043
1235	61800	4.21504e-043
1236	61850	4.21504e-043
1237	61900	3.15525e-043
1238	61950	3.15525e-043
1239	62000	1.63001e-043
1240	62050	1.51382e-043
1241	62100	1.2182e-043
1242	62150	1.2182e-043
1243	62200	1.2182e-043
1244	62250	1.2182e-043
1245	62300	1.17563e-043
1246	62350	1.16904e-043
1247	62400	1.16904e-043
1248	62450	1.16904e-043
1249	62500	1.16904e-043
1250	62550	1.16707e-043
1251	62600	1.16707e-043
1252	62650	1.99346e-044
1253	62700	1.99346e-044
1254	62750	1.97877e-044
1255	62800	1.97877e-044
1256	62850	1.97877e-044
1257	62900	1.9747e-044
1258	62950	1.9747e-044
1259	63000	6.33239e-045
1260	63050	6.33239e-045
1261	63100	4.90677e-045
1262	63150	3.67431e-045
1263	63200	3.53259e-045
1264	63250	3.53259e-045
1265	63300	3.06112e-045
1266	63350	2.81697e-045
1267	63400	2.7195e-045
1268	63450	2.7195e-045
1269	63500	2.7195e-045
1270	63550	2.7195e-045
1271	63600	2.7195e-045
1272	63650	2.7195e-045
1273	63700	2.50379e-045
1274	63750	2.50379e-045
1275	63800	2.21182e-045
1276	63850	2.21182e-045
1277	63900	2.21182e-045
1278	63950	2.21182e-045
1279	64000	2.21182e-045
1280	64050	2.01202e-045
1281	64100	2.01202e-045
1282	64150	2.01202e-045
1283	64200	1.6385e-045
1284	64250	1.6385e-045
1285	64300	1.6385e-045
1286	64350	1.6385e-045
1287	64400	1.58584e-045
1288	64450	1.58584e-045
1289	64500	1.54871e-045
1290	64550	1.54871e-045
1291	64600	1.34456e-045
1292	64650	1.28957e-045
1293	64700	1.25308e-045
1294	64750	1.16499e-045
1295	64800	1.16499e-045
1296	64850	1.1532e-045
1297	64900	1.05248e-045
1298	64950	1.05248e-045
1299	65000	2.81695e-046
1300	65050	2.72945e-046
1301	65100	9.02765e-047
1302	65150	9.02765e-047
1303	65200	8.29888e-047
1304	65250	8.29888e-047
1305	65300	8.29888e-047
1306	65350	3.59356e-047
1307	65400	3.59356e-047
1308	65450	3.24242e-047
1309	65500	3.24242e-047
1310	65550	3.24242e-047
1311	65600	3.24242e-047
1312	65650	3.14697e-047
1313	65700	2.3535e-047
1314	65750	2.3535e-047
1315	65800	2.3535e-047
1316	65850	2.3535e-047
1317	65900	1.6062e-047
1318	65950	1.6062e-047
1319	66000	1.6062e-047
1320	66050	1.6062e-047
1321	66100	1.58771e-047
1322	66150	1.58771e-047
1323	66200	1.58771e-047
1324	66250	1.58771e-047
1325	66300	1.41974e-047
1326	66350	1.41974e-047
1327	66400	1.37342e-047
1328	66450	1.37342e-047
1329	66500	1.37342e-047
1330	66550	1.37342e-047
1331	66600	1.36396e-047
1332	66650	1.36396e-047
1333	66700	1.25157e-047
1334	66750	1.16342e-047
1335	66800	1.05996e-047
1336	66850	1.0201e-047
1337	66900	1.0201e-047
1338	66950	1.0201e-047
1339	67000	1.0201e-047
1340	67050	8.09255e-048
1341	67100	6.81345e-048
1342	67150	6.46518e-048
1343	67200	6.46518e-048
1344	67250	6.35359e-048
1345	67300	6.3421e-048
1346	67350	6.3421e-048
1347	67400	5.44017e-048
1348	67450	5.44017e-048
1349	67500	5.29641e-048
1350	67550	5.05676e-048
1351	67600	5.05676e-048
1352	67650	5.05676e-048
1353	67700	3.82215e-048
1354	67750	2.82324e-048
1355	67800	2.82324e-048
1356	67850	2.82324e-048
1357	67900	2.82324e-048
1358	67950	2.82324e-048
1359	68000	1.76901e-048
1360	68050	1.49625e-048
1361	68100	1.49625e-048
1362	68150	1.49625e-048
1363	68200	1.49625e-048
1364	68250	7.58572e-049
1365	68300	7.35294e-049
1366	68350	6.1107e-049
1367	68400	6.1107e-049
1368	68450	4.7263e-049
1369	68500	4.7263e-049
1370	68550	4.7263e-049
1371	68600	4.72298e-049
1372	68650	4.72298e-049
1373	68700	4.6642e-049
1374	68750	4.57157e-049
1375	68800	1.85048e-049
1376	68850	1.50747e-049
1377	68900	9.62436e-050
1378	68950	9.39473e-050
1379	69000	9.15161e-050
1380	69050	9.15161e-050
1381	69100	9.15161e-050
1382	69150	9.15161e-050
1383	69200	9.15161e-050
1384	69250	2.65831e-050
1385	69300	2.65831e-050
1386	69350	2.65831e-050
1387	69400	2.65831e-050
1388	69450	2.65831e-050
1389	69500	2.65831e-050
1390	69550	2.6491e-050
1391	69600	2.53089e-050
1392	69650	2.50847e-050
1393	69700	2.50847e-050
1394	69750	2.50847e-050
1395	69800	2.50847e-050
1396	69850	2.50847e-050
1397	69900	2.2478e-050
1398	69950	2.2478e-050
1399	70000	2.2478e-050
1400	70050	2.15097e-050
1401	70100	1.17633e-050
1402	70150	1.17633e-050
1403	70200	1.12963e-050
1404	70250	1.12963e-050
1405	70300	1.12963e-050
1406	70350	5.78805e-051
1407	70400	5.27746e-051
1408	70450	1.41378e-051
1409	70500	1.41378e-051
1410	70550	1.41378e-051
1411	70600	1.12947e-051
1412	70650	1.12947e-051
1413	70700	1.12947e-051
1414	70750	1.12947e-051
1415	70800	1.12947e-051
1416	70850	1.12947e-051
1417	70900	1.12947e-051
1418	70950	1.10839e-051
1419	71000	1.10839e-051
1420	71050	1.10839e-051
1421	71100	1.10839e-051
1422	71150	1.07007e-051
1423	71200	1.07007e-051
1424	71250	1.03768e-051
1425	71300	1.03768e-051
1426	71350	6.68785e-052
1427	71400	6.68785e-052
1428	71450	5.99248e-052
1429	71500	3.74055e-052
1430	71550	3.74055e-052
1431	71600	3.74055e-052
1432	71650	3.64554e-052
1433	71700	3.64554e-052
1434	71750	3.64554e-052
1435	71800	2.58661e-052
1436	71850	2.58661e-052
1437	71900	2.58661e-052
1438	71950	2.58661e-052
1439	72000	2.47738e-052
1440	72050	2.47738e-052
1441	72100	2.03472e-052
1442	72150	2.00665e-052
1443	72200	2.00665e-052
1444	72250	1.88307e-052
1445	72300	7.02013e-053
1446	72350	5.88434e-053
1447	72400	5.88434e-053
1448	72450	5.70188e-053
1449	72500	5.70188e-053
1450	72550	5.56912e-053
1451	72600	2.42558e-053
1452	72650	2.42558e-053
1453	72700	2.07266e-053
1454	72750	2.07266e-053
1455	72800	1.82531e-053
1456	72850	1.7803e-053
1457	72900	1.7803e-053
1458	72950	1.7803e-053
1459	73000	1.70561e-053
1460	73050	1.70561e-053
1461	73100	1.64191e-053
1462	73150	1.64191e-053
1463	73200	1.64191e-053
1464	73250	1.61718e-053
1465	73300	1.61718e-053
1466	73350	1.61718e-053
1467	73400	1.58364e-053
1468	73450	1.58364e-053
1469	73500	1.58364e-053
1470	73550	1.58364e-053
1471	73600	1.51782e-053
1472	73650	1.51127e-053
1473	73700	1.2675e-053
1474	73750	1.2675e-053
1475	73800	1.2675e-053
1476	73850	1.2675e-053
1477	73900	1.2675e-053
1478	73950	1.2675e-053
1479	74000	1.2675e-053
1480	74050	1.2675e-053
1481	74100	1.2675e-053
1482	74150	1.16525e-054
1483	74200	1.10202e-054
1484	74250	1.10202e-054
1485	74300	1.0085e-054
1486	74350	1.00264e-054
1487	74400	8.17155e-055
1488	74450	8.17155e-055
1489	74500	8.17155e-055
1490	74550	8.17155e-055
1491	74600	8.17155e-055
1492	74650	8.17155e-055
1493	74700	8.17155e-055
1494	74750	8.17155e-055
1495	74800	8.17155e-055
1496	74850	8.00855e-055
1497	74900	8.00855e-055
1498	74950	7.96314e-055
1499	75000	7.96314e-055
1500	75050	7.96314e-055
1501	75100	7.96314e-055
1502	75150	7.13147e-055
1503	75200	4.97962e-055
1504	75250	4.76495e-055
1505	75300	4.76495e-055
1506	75350	1.0585e-055
1507	75400	1.0585e-055
1508	75450	1.0585e-055
1509	75500	1.04005e-055
1510	75550	1.04005e-055
1511	75600	1.04005e-055
1512	75650	9.65343e-056
1513	75700	9.65343e-056
1514	75750	9.65343e-056
1515	75800	8.14801e-056
1516	75850	5.0754e-056
1517	75900	4.67425e-056
1518	75950	4.67425e-056
1519	76000	4.67425e-056
1520	76050	4.24481e-056
1521	76100	3.83287e-056
1522	76150	3.83287e-056
1523	76200	3.83287e-056
1524	76250	3.83287e-056
1525	76300	3.83287e-056
1526	76350	3.83287e-056
1527	76400	3.5845e-056
1528	76450	3.5845e-056
1529	76500	3.5845e-056
1530	76550	3.5845e-056
1531	76600	3.5845e-056
1532	76650	3.5845e-056
1533	76700	3.5845e-056
1534	76750	3.5845e-056
1535	76800	3.5845e-056
1536	76850	3.5845e-056
1537	76900	3.5845e-056
1538	76950	3.5845e-056
1539	77000	3.5845e-056
1540	77050	3.5845e-056
1541	77100	3.5845e-056
1542	77150	3.49708e-056
1543	77200	3.49708e-056
1544	77250	3.46536e-056
1545	77300	3.46536e-056
1546	77350	6.05136e-057
1547	77400	5.41062e-057
1548	77450	5.41062e-057
1549	77500	5.41062e-057
1550	77550	5.41062e-057
1551	77600	5.41062e-057
1552	77650	5.41062e-057
1553	77700	5.41062e-057
1554	77750	5.41062e-057
1555	77800	4.81711e-057
1556	77850	4.81711e-057
1557	77900	4.76124e-057
1558	77950	4.76124e-057
1559	78000	4.76124e-057
1560	78050	4.67762e-057
1561	78100	4.67762e-057
1562	78150	3.49224e-057
1563	78200	3.49224e-057
1564	78250	3.49224e-057
1565	78300	3.4595e-057
1566	78350	3.44641e-057
1567	78400	3.44579e-057
1568	78450	3.44579e-057
1569	78500	3.43847e-057
1570	78550	3.41059e-057
1571	78600	3.41059e-057
1572	78650	3.33108e-057
1573	78700	3.33108e-057
1574	78750	3.33108e-057
1575	78800	3.32794e-057
1576	78850	3.32794e-057
1577	78900	7.61995e-058
1578	78950	7.61995e-058
1579	79000	7.55414e-058
1580	79050	7.55414e-058
1581	79100	7.41037e-058
1582	79150	7.41037e-058
1583	79200	1.03899e-058
1584	79250	1.00618e-058
1585	79300	9.09362e-059
1586	79350	9.09362e-059
1587	79400	9.09362e-059
1588	79450	8.3509e-059
1589	79500	8.25451e-059
1590	79550	8.25451e-059
1591	79600	6.64614e-059
1592	79650	6.2594e-059
1593	79700	5.30908e-059
1594	79750	5.05493e-059
1595	79800	5.05493e-059
1596	79850	4.67185e-059
1597	79900	4.35695e-059
1598	79950	4.35695e-059
1599	80000	4.35695e-059
1600	80050	4.3555e-059
1601	80100	4.14698e-059
1602	80150	3.85779e-059
1603	80200	3.33527e-059
1604	80250	3.33527e-059
1605	80300	3.33527e-059
1606	80350	2.95172e-059
1607	80400	2.84431e-059
1608	80450	2.82556e-059
1609	80500	2.82556e-059
1610	80550	2.82556e-059
1611	80600	2.64597e-059
1612	80650	2.64597e-059
1613	80700	1.19837e-059
1614	80750	1.17254e-059
1615	80800	1.89657e-060
1616	80850	1.89657e-060
1617	80900	1.75131e-060
1618	80950	1.75131e-060
1619	81000	1.75131e-060
1620	81050	1.75131e-060
1621	81100	1.75131e-060
1622	81150	1.75131e-060
1623	81200	1.67675e-060
1624	81250	1.67675e-060
1625	81300	1.58388e-060
1626	81350	1.58388e-060
1627	81400	1.58136e-060
1628	81450	4.00208e-061
1629	81500	4.00208e-061
1630	81550	2.77305e-061
1631	81600	2.77305e-061
1632	81650	2.77305e-061
1633	81700	2.74499e-061
1634	81750	2.74499e-061
1635	81800	2.48377e-061
1636	81850	2.48377e-061
1637	81900	2.44749e-061
1638	81950	2.44749e-061
1639	82000	2.38781e-061
1640	82050	2.38781e-061
1641	82100	2.38781e-061
1642	82150	1.95407e-061
1643	82200	1.95407e-061
1644	82250	1.95407e-061
1645	82300	1.95407e-061
1646	82350	1.85542e-061
1647	82400	1.80547e-061
1648	82450	1.80547e-061
1649	82500	1.80547e-061
1650	82550	1.74659e-061
1651	82600	1.69026e-061
1652	82650	1.6595e-061
1653	82700	1.62073e-061
1654	82750	1.58564e-061
1655	82800	1.58564e-061
1656	82850	1.58564e-061
1657	82900	1.58564e-061
1658	82950	1.58564e-061
1659	83000	1.58559e-061
1660	83050	1.54127e-061
1661	83100	1.54127e-061
1662	83150	1.18203e-061
1663	83200	6.1749e-062
1664	83250	5.68135e-062
1665	83300	5.21782e-062
1666	83350	9.02414e-063
1667	83400	6.04139e-063
1668	83450	6.04139e-063
1669	83500	6.04139e-063
1670	83550	5.54252e-063
1671	83600	5.54252e-063
1672	83650	5.09981e-063
1673	83700	1.20538e-063
1674	83750	1.20538e-063
1675	83800	8.73628e-064
1676	83850	8.73628e-064
1677	83900	8.73628e-064
1678	83950	8.73628e-064
1679	84000	8.73628e-064
1680	84050	8.73628e-064
1681	84100	8.73628e-064
1682	84150	8.73628e-064
1683	84200	8.73628e-064
1684	84250	8.73628e-064
1685	84300	8.73628e-064
1686	84350	8.73628e-064
1687	84400	8.73628e-064
1688	84450	8.73628e-064
1689	84500	8.73628e-064
1690	84550	8.73628e-064
1691	84600	8.56002e-064
1692	84650	8.56002e-064
1693	84700	8.54748e-064
1694	84750	8.39948e-064
1695	84800	8.39948e-064
1696	84850	8.39948e-064
1697	84900	8.39948e-064
1698	84950	8.39948e-064
1699	85000	8.15891e-064
1700	85050	7.99908e-064
1701	85100	7.46314e-064
1702	85150	7.21954e-064
1703	85200	6.83733e-064
1704	85250	6.16147e-064
1705	85300	5.91428e-064
1706	85350	5.71818e-064
1707	85400	5.71818e-064
1708	85450	5.71818e-064
1709	85500	5.71818e-064
1710	85550	5.71818e-064
1711	85600	5.71818e-064
1712	85650	5.71818e-064
1713	85700	5.71818e-064
1714	85750	5.71818e-064
1715	85800	5.71818e-064
1716	85850	5.57965e-064
1717	85900	4.09035e-064
1718	85950	4.09035e-064
1719	86000	4.05538e-064
1720	86050	4.03204e-064
1721	86100	4.03204e-064
1722	86150	3.88535e-064
1723	86200	3.88535e-064
1724	86250	3.88535e-064
1725	86300	3.88535e-064
1726	86350	3.79998e-064
1727	86400	6.93027e-065
1728	86450	6.93027e-065
1729	86500	6.87996e-065
1730	86550	6.87996e-065
1731	86600	6.87996e-065
1732	86650	5.88522e-065
1733	86700	1.02027e-065
1734	86750	6.9037e-066
1735	86800	6.9037e-066
1736	86850	6.9037e-066
1737	86900	6.9037e-066
1738	86950	6.9037e-066
1739	87000	6.9037e-066
1740	87050	6.9037e-066
1741	87100	6.9037e-066
1742	87150	6.9037e-066
1743	87200	6.9037e-066
1744	87250	5.07332e-066
1745	87300	5.07332e-066
1746	87350	5.07332e-066
1747	87400	5.07332e-066
1748	87450	4.71239e-066
1749	87500	4.42225e-066
1750	87550	4.42225e-066
1751	87600	4.42225e-066
1752	87650	4.39742e-066
1753	87700	3.85752e-066
1754	87750	3.85752e-066
1755	87800	1.42609e-066
1756	87850	1.42609e-066
1757	87900	1.42609e-066
1758	87950	1.41373e-066
1759	88000	1.41373e-066
1760	88050	1.22938e-066
1761	88100	1.21871e-066
1762	88150	1.03751e-066
1763	88200	7.75964e-067
1764	88250	7.75964e-067
1765	88300	7.75964e-067
1766	88350	7.75964e-067
1767	88400	7.75964e-067
1768	88450	4.90185e-067
1769	88500	4.90185e-067
1770	88550	4.49119e-067
1771	88600	4.49119e-067
1772	88650	4.49119e-067
1773	88700	4.49119e-067
1774	88750	4.49119e-067
1775	88800	4.49119e-067
1776	88850	3.94372e-067
1777	88900	3.94372e-067
1778	88950	3.94372e-067
1779	89000	3.78502e-067
1780	89050	3.69631e-067
1781	89100	3.50653e-067
1782	89150	3.49956e-067
1783	89200	3.4046e-067
1784	89250	3.01187e-067
1785	89300	2.96453e-067
1786	89350	4.80457e-068
1787	89400	4.80457e-068
1788	89450	4.7949e-068
1789	89500	4.7949e-068
1790	89550	3.98135e-068
1791	89600	3.98135e-068
1792	89650	3.44654e-068
1793	89700	3.44654e-068
1794	89750	3.07942e-068
1795	89800	3.07942e-068
1796	89850	3.07942e-068
1797	89900	2.04283e-068
1798	89950	1.49876e-068
1799	90000	1.49876e-068
1800	90050	1.42344e-068
1801	90100	1.3834e-068
1802	90150	1.3834e-068
1803	90200	1.3834e-068
1804	90250	1.3834e-068
1805	90300	1.19367e-068
1806	90350	1.19367e-068
1807	90400	1.16928e-068
1808	90450	1.10572e-068
1809	90500	1.10572e-068
1810	90550	1.10572e-068
1811	90600	1.09919e-068
1812	90650	1.03715e-068
1813	90700	1.03715e-068
1814	90750	3.27054e-069
1815	90800	3.27054e-069
1816	90850	2.33919e-069
1817	90900	2.33919e-069
1818	90950	2.33919e-069
1819	91000	2.3361e-069
1820	91050	2.32596e-069
1821	91100	2.32596e-069
1822	91150	2.32596e-069
1823	91200	2.32596e-069
1824	91250	2.32596e-069
1825	91300	2.32596e-069
1826	91350	1.83737e-069
1827	91400	1.83737e-069
1828	91450	1.64634e-069
1829	91500	1.64634e-069
1830	91550	1.33013e-069
1831	91600	9.07874e-070
1832	91650	8.16887e-070
1833	91700	6.58046e-070
1834	91750	6.58046e-070
1835	91800	6.58046e-070
1836	91850	3.72828e-070
1837	91900	3.72828e-070
1838	91950	3.72828e-070
1839	92000	3.49408e-070
1840	92050	3.49408e-070
1841	92100	3.48423e-070
1842	92150	3.48423e-070
1843	92200	1.56521e-070
1844	92250	1.56521e-070
1845	92300	1.56521e-070
1846	92350	1.56521e-070
1847	92400	1.56521e-070
1848	92450	1.56521e-070
1849	92500	1.56521e-070
1850	92550	1.15835e-070
1851	92600	1.07216e-070
1852	92650	1.07216e-070
1853	92700	1.07216e-070
1854	92750	6.35415e-071
1855	92800	3.36453e-071
1856	92850	3.36453e-071
1857	92900	3.36453e-071
1858	92950	3.36453e-071
1859	93000	3.36453e-071
1860	93050	3.36453e-071
1861	93100	3.36453e-071
1862	93150	1.72989e-071
1863	93200	1.72989e-071
1864	93250	1.72989e-071
1865	93300	1.72989e-071
1866	93350	1.72989e-071
1867	93400	1.32309e-071
1868	93450	1.12137e-071
1869	93500	7.7711e-072
1870	93550	7.7711e-072
1871	93600	7.7711e-072
1872	93650	5.09039e-072
1873	93700	4.31661e-072
1874	93750	4.30557e-072
1875	93800	4.30557e-072
1876	93850	4.21587e-072
1877	93900	4.21587e-072
1878	93950	4.21587e-072
1879	94000	3.84875e-072
1880	94050	3.84875e-072
1881	94100	3.84875e-072
1882	94150	3.84875e-072
1883	94200	2.23887e-072
1884	94250	2.23887e-072
1885	94300	2.23887e-072
1886	94350	2.23887e-072
1887	94400	2.23887e-072
1888	94450	2.23887e-072
1889	94500	1.84864e-072
1890	94550	1.84864e-072
1891	94600	1.84864e-072
1892	94650	1.72253e-072
1893	94700	1.72253e-072
1894	94750	1.60442e-072
1895	94800	1.60442e-072
1896	94850	1.60442e-072
1897	94900	1.60442e-072
1898	94950	1.60442e-072
1899	95000	1.60442e-072
1900	95050	1.60368e-072
1901	95100	1.60087e-072
1902	95150	1.60087e-072
1903	95200	1.60087e-072
1904	95250	1.60087e-072
1905	95300	1.60087e-072
1906	95350	1.60087e-072
1907	95400	1.4667e-072
1908	95450	1.44816e-072
1909	95500	1.01771e-072
1910	95550	1.01771e-072
1911	95600	8.77013e-073
1912	95650	8.77013e-073
1913	95700	8.69527e-073
1914	95750	8.56192e-073
1915	95800	8.56192e-073
1916	95850	8.56192e-073
1917	95900	7.85419e-073
1918	95950	7.85419e-073
1919	96000	5.4908e-073
1920	96050	5.46295e-073
1921	96100	5.46295e-073
1922	96150	5.40101e-073
1923	96200	5.40101e-073
1924	96250	3.04517e-074
1925	96300	2.36021e-074
1926	96350	2.36021e-074
1927	96400	2.36021e-074
1928	96450	2.36021e-074
1929	96500	2.36021e-074
1930	96550	2.36021e-074
1931	96600	2.36021e-074
1932	96650	2.27198e-074
1933	96700	2.11753e-074
1934	96750	2.11753e-074
1935	96800	2.11753e-074
1936	96850	7.77274e-075
1937	96900	7.77274e-075
1938	96950	7.77274e-075
1939	97000	7.77274e-075
1940	97050	7.77274e-075
1941	97100	7.61514e-075
1942	97150	7.2608e-075
1943	97200	7.2608e-075
1944	97250	6.08454e-075
1945	97300	2.74781e-075
1946	97350	2.09095e-075
1947	97400	2.09095e-075
1948	97450	2.09095e-075
1949	97500	1.65577e-075
1950	97550	1.27438e-075
1951	97600	1.27438e-075
1952	97650	1.25792e-075
1953	97700	1.25792e-075
1954	97750	1.25792e-075
1955	97800	1.25792e-075
1956	97850	1.22564e-075
1957	97900	5.70971e-076
1958	97950	5.70971e-076
1959	98000	5.70971e-076
1960	98050	5.70971e-076
1961	98100	5.2504e-076
1962	98150	5.2504e-076
1963	98200	3.97299e-076
1964	98250	3.97299e-076
1965	98300	3.78851e-076
1966	98350	3.66542e-076
1967	98400	3.61345e-076
1968	98450	3.61345e-076
1969	98500	3.61345e-076
1970	98550	3.61345e-076
1971	98600	3.61345e-076
1972	98650	3.13513e-076
1973	98700	3.13513e-076
1974	98750	1.33443e-076
1975	98800	1.33399e-076
1976	98850	1.33399e-076
1977	98900	1.33399e-076
1978	98950	1.33399e-076
1979	99000	1.33399e-076
1980	99050	1.33399e-076
1981	99100	1.33399e-076
1982	99150	1.33399e-076
1983	99200	1.33364e-076
1984	99250	1.26983e-076
1985	99300	1.00431e-076
1986	99350	1.00431e-076
1987	99400	1.00431e-076
1988	99450	1.00431e-076
1989	99500	1.00431e-076
1990	99550	9.35805e-077
1991	99600	9.2654e-077
1992	99650	9.2654e-077
1993	99700	9.2654e-077
1994	99750	9.2654e-077
1995	99800	9.2654e-077
1996	99850	2.61746e-077
1997	99900	8.9985e-078
1998	99950	8.9985e-078
1999	100000	6.53e-078
2000	100050	6.53e-078
