0
1363.35
1234.99
1149.86
1024.6
937.406
836.476
782.491
739.787
692.227
683.198
627.131
610.108
570.192
541.344
515.684
492.927
475.291
456.263
419.339
390.137
366.33
339.109
309.142
289.015
260.858
244.057
214.468
194.743
190.311
186.295
178.526
159.438
147.7
140.838
138.483
134.134
130.202
123.963
118.516
110.163
103.448
93.4545
91.5313
83.6363
66.5583
62.6647
57.1555
50.9113
49.2387
48.2484
46.5802
44.5906
42.0137
38.4481
35.2288
32.8487
31.0044
27.8652
26.1062
25.6473
22.7689
20.3431
18.9116
17.6612
16.8852
15.7821
14.7704
13.5511
13.0341
11.7784
11.4857
11.4216
9.92741
9.42318
9.15807
7.98495
7.50461
6.86474
6.3405
5.62462
5.47113
5.3801
5.11173
4.77855
4.20127
3.91723
3.62695
3.2193
3.06318
2.97262
2.93897
2.86009
2.72987
2.5068
2.06761
1.93992
1.7094
1.61768
1.5963
1.33863
1.26573
1.19078
1.1606
1.09514
0.978488
0.818551
0.792446
0.758507
0.726915
0.68178
0.657043
0.644312
0.594287
0.441745
0.423933
0.417361
0.360009
0.319668
0.312079
0.277222
0.262281
0.239352
0.231438
0.211035
0.206905
0.182247
0.17432
0.171698
0.16706
0.159533
0.14972
0.139855
0.131695
0.126837
0.0870963
0.0848145
0.0818251
0.0813191
0.0750049
0.0709251
0.0666922
0.0594872
0.0538053
0.0524195
0.046539
0.0449594
0.0431147
0.0400622
0.0376989
0.0351394
0.0342733
0.0316182
0.0279951
0.0248398
0.0245793
0.0221656
0.022088
0.0215139
0.0186944
0.0154665
0.0139078
0.0136182
0.0130691
0.0126343
0.011604
0.0106126
0.00945904
0.00891616
0.00843218
0.00775239
0.00744212
0.00693486
0.0059442
0.00546458
0.00484107
0.00427254
0.00369622
0.00349378
0.00327285
0.00321025
0.00314196
0.00285072
0.00277655
0.00266442
0.00228729
0.00218699
0.00200326
0.00195229
0.00186694
0.00178341
0.0016399
0.00157202
0.00143814
0.00134614
0.00127372
0.00113355
0.00109984
0.00104292
0.00101049
0.000951516
0.000847545
0.000729487
0.00068699
0.00065683
0.000607958
0.000597199
0.000588633
0.000524446
0.000479965
0.000454787
0.000410835
0.00036512
0.000334935
0.000320539
0.000317925
0.000301805
0.000280662
0.000268897
0.000232054
0.000215932
0.000195301
0.000186311
0.000184288
0.000181487
0.000172773
0.000156144
0.000146968
0.000140599
0.000111453
9.96427e-005
9.29518e-005
9.05671e-005
8.36323e-005
7.98172e-005
7.17359e-005
7.01931e-005
6.89853e-005
6.69879e-005
5.72277e-005
5.51933e-005
5.49487e-005
5.21576e-005
5.05634e-005
3.64948e-005
3.44772e-005
3.18028e-005
2.83284e-005
2.30681e-005
2.21591e-005
2.03728e-005
1.96579e-005
1.81239e-005
1.72914e-005
1.67309e-005
1.45073e-005
1.04066e-005
9.41061e-006
8.92256e-006
8.8447e-006
7.81121e-006
7.64223e-006
6.93409e-006
6.16229e-006
5.58008e-006
5.53202e-006
5.47776e-006
4.8332e-006
4.66793e-006
4.49483e-006
4.28563e-006
3.99574e-006
3.85595e-006
3.54565e-006
3.33556e-006
3.06781e-006
2.70082e-006
2.41407e-006
2.35709e-006
2.20493e-006
1.96651e-006
1.95138e-006
1.9182e-006
1.85381e-006
1.80982e-006
1.68583e-006
1.58016e-006
1.45707e-006
1.40383e-006
1.36183e-006
1.29091e-006
1.06392e-006
9.64924e-007
8.46617e-007
8.30289e-007
7.2864e-007
6.27989e-007
6.10603e-007
5.32089e-007
4.92504e-007
4.45304e-007
4.30504e-007
4.21204e-007
4.09102e-007
3.92344e-007
3.31371e-007
3.04815e-007
2.8729e-007
2.79388e-007
2.51363e-007
2.37356e-007
2.16396e-007
1.94299e-007
1.85415e-007
1.84295e-007
1.81115e-007
1.72396e-007
1.58775e-007
1.51674e-007
1.38375e-007
1.34194e-007
1.32145e-007
1.27805e-007
1.2578e-007
1.13138e-007
1.08531e-007
8.87046e-008
8.42503e-008
5.05816e-008
4.56203e-008
4.43079e-008
4.38527e-008
4.27984e-008
4.05602e-008
3.62978e-008
3.37989e-008
2.819e-008
2.78207e-008
2.65749e-008
2.60255e-008
2.4528e-008
2.27491e-008
2.05918e-008
1.97017e-008
1.93009e-008
1.88369e-008
1.49298e-008
1.38205e-008
1.27309e-008
1.21853e-008
1.17908e-008
1.11888e-008
9.43997e-009
9.04697e-009
8.64701e-009
8.22507e-009
7.88107e-009
7.30773e-009
6.84603e-009
5.83411e-009
5.53179e-009
5.17009e-009
4.83894e-009
4.29847e-009
4.13894e-009
3.48764e-009
3.1583e-009
3.03776e-009
2.70988e-009
2.39351e-009
2.13136e-009
2.04932e-009
1.97814e-009
1.92888e-009
1.87891e-009
1.62283e-009
1.34724e-009
1.29376e-009
1.10443e-009
9.43295e-010
8.70168e-010
7.93677e-010
7.68077e-010
7.22492e-010
6.94197e-010
5.31201e-010
4.79104e-010
4.71853e-010
4.17483e-010
4.00567e-010
3.75367e-010
3.4323e-010
3.14358e-010
2.86111e-010
2.72667e-010
2.6476e-010
2.54089e-010
2.32572e-010
2.10379e-010
2.02261e-010
2.00568e-010
1.97463e-010
1.75361e-010
1.53247e-010
1.43918e-010
1.34656e-010
1.25086e-010
1.1771e-010
1.06141e-010
9.38084e-011
8.40825e-011
8.0617e-011
7.46068e-011
7.09265e-011
6.75916e-011
6.13531e-011
5.49417e-011
5.49113e-011
4.95e-011
4.55352e-011
3.68713e-011
3.53164e-011
3.4985e-011
3.31361e-011
3.14469e-011
3.11861e-011
3.02354e-011
2.98835e-011
2.4988e-011
2.49156e-011
2.45997e-011
2.34263e-011
2.30499e-011
2.24531e-011
2.15887e-011
2.06364e-011
1.97493e-011
1.75248e-011
1.62025e-011
1.57933e-011
1.35735e-011
1.23341e-011
1.21551e-011
1.11966e-011
1.009e-011
9.47333e-012
8.96893e-012
8.66026e-012
5.89751e-012
5.59084e-012
5.34181e-012
5.07431e-012
4.40768e-012
3.549e-012
3.51094e-012
3.42145e-012
3.22881e-012
3.00989e-012
2.91123e-012
2.7955e-012
2.52697e-012
2.44934e-012
2.18478e-012
2.09418e-012
1.92765e-012
1.43672e-012
1.33739e-012
1.31552e-012
1.21716e-012
1.20076e-012
1.07051e-012
9.7385e-013
7.87771e-013
7.21225e-013
6.94258e-013
6.62771e-013
6.00473e-013
5.39977e-013
4.53201e-013
4.43951e-013
3.78581e-013
3.37695e-013
3.31308e-013
3.23064e-013
2.78208e-013
2.55062e-013
2.26195e-013
1.82144e-013
1.75791e-013
1.6813e-013
1.35868e-013
1.21456e-013
1.13203e-013
1.0868e-013
1.0101e-013
8.84609e-014
7.94322e-014
6.51392e-014
5.46436e-014
5.30036e-014
4.60037e-014
4.49628e-014
3.9965e-014
3.46661e-014
3.38047e-014
3.16819e-014
2.79154e-014
2.7054e-014
2.55945e-014
2.31087e-014
2.20655e-014
2.13668e-014
2.08621e-014
1.93272e-014
1.69529e-014
1.65312e-014
1.57817e-014
1.4812e-014
1.39954e-014
1.3811e-014
1.30263e-014
1.20076e-014
1.15233e-014
1.07294e-014
1.05627e-014
8.26078e-015
7.83718e-015
7.48485e-015
6.93759e-015
6.50676e-015
5.46853e-015
4.98512e-015
4.41192e-015
4.12781e-015
4.03324e-015
3.81882e-015
3.62674e-015
3.4801e-015
3.34004e-015
3.0855e-015
3.03584e-015
2.58463e-015
2.0863e-015
1.88588e-015
1.79353e-015
1.75762e-015
1.68174e-015
1.39964e-015
1.34098e-015
1.28588e-015
1.17791e-015
1.08721e-015
9.51972e-016
8.84181e-016
7.85208e-016
7.18913e-016
6.65494e-016
6.38673e-016
5.96836e-016
5.58588e-016
5.00472e-016
4.50833e-016
4.45376e-016
4.31279e-016
4.2338e-016
3.76291e-016
3.59245e-016
3.45002e-016
3.22781e-016
3.07696e-016
2.83729e-016
2.21629e-016
2.17485e-016
1.71861e-016
1.67367e-016
1.59495e-016
1.11838e-016
1.093e-016
1.07275e-016
1.06099e-016
9.96172e-017
9.21989e-017
8.34554e-017
8.22715e-017
8.13189e-017
7.9443e-017
7.7524e-017
5.37901e-017
4.85399e-017
4.00666e-017
3.38732e-017
3.29809e-017
2.57307e-017
2.36001e-017
2.17233e-017
2.05009e-017
1.83287e-017
1.63317e-017
1.58931e-017
1.43737e-017
1.35779e-017
1.26769e-017
1.16298e-017
1.05593e-017
9.99803e-018
9.1467e-018
8.71185e-018
8.23912e-018
7.85304e-018
7.44704e-018
7.07925e-018
6.75896e-018
6.26543e-018
5.36204e-018
5.21758e-018
4.7813e-018
4.40485e-018
3.9167e-018
3.73966e-018
3.50369e-018
3.27079e-018
2.8536e-018
2.56156e-018
2.45647e-018
1.84908e-018
1.7752e-018
1.64386e-018
1.36092e-018
1.30946e-018
1.19984e-018
1.10355e-018
8.97477e-019
8.54221e-019
7.43668e-019
7.26985e-019
6.84352e-019
5.87737e-019
5.5403e-019
5.22645e-019
5.03823e-019
4.61264e-019
4.27138e-019
4.01708e-019
3.8067e-019
3.53909e-019
3.25734e-019
3.10514e-019
3.05645e-019
2.7092e-019
2.43924e-019
2.26636e-019
1.99468e-019
1.8188e-019
1.75333e-019
1.6183e-019
1.59966e-019
1.5533e-019
1.38383e-019
1.17531e-019
1.11962e-019
1.00713e-019
8.69808e-020
7.2309e-020
7.00189e-020
5.85215e-020
5.59352e-020
5.44895e-020
5.04327e-020
4.75295e-020
4.14977e-020
3.63094e-020
3.10774e-020
2.89068e-020
2.75126e-020
2.65076e-020
2.47603e-020
2.29769e-020
2.20198e-020
2.03265e-020
1.76816e-020
1.61037e-020
1.55494e-020
1.42213e-020
1.36388e-020
1.2285e-020
1.17426e-020
1.07498e-020
1.02332e-020
8.14133e-021
7.38332e-021
7.07707e-021
6.93666e-021
6.76296e-021
6.1996e-021
5.38911e-021
5.07338e-021
4.42713e-021
4.2409e-021
3.93449e-021
3.84172e-021
3.82253e-021
3.66605e-021
2.98748e-021
2.93666e-021
2.8098e-021
2.67092e-021
2.49022e-021
2.26796e-021
2.23879e-021
2.18512e-021
1.812e-021
1.80493e-021
1.65462e-021
1.38845e-021
1.04979e-021
1.0033e-021
9.4957e-022
8.77359e-022
8.54667e-022
8.45617e-022
8.14897e-022
6.57309e-022
6.48117e-022
6.05118e-022
5.85578e-022
5.03335e-022
4.73271e-022
4.63949e-022
4.42794e-022
4.19484e-022
3.71094e-022
3.29399e-022
3.12882e-022
2.85608e-022
2.64287e-022
2.33127e-022
2.14913e-022
1.99841e-022
1.9565e-022
1.93251e-022
1.71675e-022
1.66462e-022
1.22411e-022
1.18345e-022
1.07348e-022
1.0222e-022
9.01473e-023
8.26901e-023
7.11498e-023
7.01915e-023
6.49336e-023
5.99501e-023
5.73243e-023
5.61507e-023
5.46436e-023
5.04543e-023
4.9637e-023
3.44993e-023
3.3542e-023
2.85918e-023
2.70171e-023
2.44649e-023
1.98398e-023
1.80408e-023
1.2764e-023
1.20337e-023
1.11718e-023
1.06847e-023
1.00515e-023
9.8202e-024
9.38062e-024
9.16742e-024
8.97805e-024
8.17317e-024
7.41909e-024
6.7645e-024
6.66879e-024
6.62602e-024
5.46348e-024
5.33687e-024
5.09034e-024
4.94122e-024
4.78531e-024
4.73268e-024
4.60839e-024
4.4141e-024
4.13488e-024
3.87419e-024
3.66773e-024
3.4765e-024
3.35366e-024
3.12944e-024
3.0205e-024
2.2374e-024
2.11793e-024
1.95743e-024
1.80539e-024
1.72312e-024
1.41221e-024
1.38098e-024
1.3181e-024
1.25842e-024
1.13925e-024
1.11684e-024
1.02179e-024
8.37934e-025
7.99408e-025
7.54214e-025
7.39494e-025
5.91162e-025
4.90757e-025
4.48871e-025
4.24837e-025
3.73609e-025
2.55228e-025
2.24445e-025
2.15406e-025
2.11305e-025
1.71566e-025
1.6725e-025
1.44436e-025
1.36942e-025
1.34037e-025
1.31598e-025
1.20564e-025
1.0673e-025
1.02355e-025
9.79381e-026
9.53208e-026
6.96883e-026
6.56925e-026
5.8384e-026
5.16355e-026
3.58886e-026
3.36482e-026
3.17853e-026
2.89474e-026
2.63628e-026
2.46814e-026
2.33159e-026
2.29698e-026
2.051e-026
1.84484e-026
1.75667e-026
1.6827e-026
1.47855e-026
1.20103e-026
1.07383e-026
9.73691e-027
8.23832e-027
8.13286e-027
7.5973e-027
7.06967e-027
6.81619e-027
6.50206e-027
6.03496e-027
5.18488e-027
4.77632e-027
4.24378e-027
3.9132e-027
3.78979e-027
3.7549e-027
3.65505e-027
3.47186e-027
3.33316e-027
2.81315e-027
2.70004e-027
2.5658e-027
2.32068e-027
1.60321e-027
1.57475e-027
1.44447e-027
1.38495e-027
1.22825e-027
1.15206e-027
1.07379e-027
9.86907e-028
9.34098e-028
8.37655e-028
7.62717e-028
6.91671e-028
6.5269e-028
6.33232e-028
5.92978e-028
5.56466e-028
5.37898e-028
5.05847e-028
4.63458e-028
4.36886e-028
3.94442e-028
3.83001e-028
3.17983e-028
3.0885e-028
2.67204e-028
2.57269e-028
2.22397e-028
1.84955e-028
1.71326e-028
1.65307e-028
1.55e-028
1.475e-028
1.4189e-028
1.38578e-028
1.19622e-028
1.09436e-028
8.33182e-029
8.09307e-029
7.89343e-029
5.4644e-029
5.25472e-029
5.2112e-029
5.12069e-029
3.73932e-029
3.48676e-029
3.13933e-029
3.09203e-029
3.07296e-029
1.9351e-029
1.75502e-029
1.59866e-029
1.50843e-029
1.43536e-029
1.36691e-029
1.31618e-029
1.26867e-029
1.24779e-029
1.17677e-029
1.1332e-029
8.82274e-030
8.14942e-030
7.65607e-030
7.40757e-030
6.63441e-030
5.73926e-030
5.39636e-030
5.26063e-030
5.17956e-030
4.96974e-030
4.65677e-030
4.08615e-030
3.97617e-030
2.73893e-030
2.37834e-030
2.28104e-030
2.09921e-030
1.83876e-030
1.82633e-030
1.38856e-030
1.1758e-030
1.15253e-030
8.86517e-031
7.51909e-031
7.38195e-031
6.83916e-031
6.53878e-031
6.26033e-031
5.01131e-031
4.55022e-031
4.51375e-031
4.10627e-031
3.80013e-031
3.2153e-031
3.03119e-031
2.7209e-031
2.42105e-031
2.2908e-031
2.1615e-031
2.14094e-031
1.68426e-031
1.60746e-031
1.50804e-031
1.3853e-031
1.25507e-031
1.02644e-031
9.4245e-032
9.00043e-032
8.28186e-032
7.80023e-032
7.15798e-032
6.89144e-032
6.18759e-032
6.05637e-032
5.54274e-032
3.90567e-032
3.57791e-032
3.50382e-032
3.26183e-032
3.20691e-032
2.87967e-032
2.75277e-032
2.51315e-032
2.41168e-032
2.15105e-032
2.09919e-032
1.83174e-032
1.73591e-032
1.62769e-032
1.45345e-032
1.29899e-032
9.36262e-033
8.478e-033
7.73454e-033
7.57435e-033
6.16229e-033
5.98361e-033
5.12173e-033
4.88207e-033
4.43332e-033
4.34089e-033
4.25483e-033
4.05876e-033
3.54583e-033
3.4488e-033
2.90257e-033
2.59286e-033
2.31741e-033
2.24349e-033
2.0568e-033
1.95572e-033
1.75294e-033
1.6044e-033
1.31892e-033
1.17626e-033
1.11823e-033
1.05858e-033
9.95333e-034
9.66407e-034
8.74763e-034
7.13532e-034
6.19928e-034
5.75343e-034
5.17216e-034
4.56728e-034
4.43559e-034
3.98906e-034
3.95497e-034
3.58442e-034
2.98108e-034
2.73311e-034
2.63915e-034
2.49882e-034
2.31965e-034
2.17157e-034
1.82313e-034
1.61687e-034
1.37333e-034
1.27819e-034
1.1464e-034
1.09909e-034
1.04037e-034
8.24965e-035
7.81791e-035
6.56096e-035
6.34537e-035
5.54679e-035
4.81128e-035
4.56103e-035
4.37612e-035
4.22634e-035
4.05588e-035
3.95358e-035
3.73008e-035
3.3157e-035
2.71521e-035
2.69613e-035
2.5687e-035
2.50344e-035
2.11231e-035
1.6889e-035
1.53667e-035
1.51527e-035
1.49066e-035
1.46854e-035
1.2845e-035
1.17393e-035
1.05631e-035
1.03897e-035
6.26178e-036
5.82321e-036
5.67078e-036
4.63732e-036
4.43349e-036
3.47797e-036
3.24417e-036
3.09732e-036
2.89983e-036
2.58211e-036
2.43885e-036
1.89521e-036
1.63776e-036
1.58798e-036
1.4585e-036
1.35526e-036
1.31848e-036
1.26563e-036
1.24807e-036
1.22009e-036
9.16122e-037
8.40948e-037
8.26634e-037
7.88326e-037
7.43255e-037
6.79553e-037
6.43191e-037
5.58033e-037
5.39615e-037
5.16833e-037
5.01365e-037
4.75417e-037
3.91437e-037
3.82034e-037
3.64126e-037
3.49906e-037
3.35658e-037
3.26604e-037
3.19749e-037
3.11913e-037
2.14352e-037
2.08445e-037
1.00665e-037
9.56382e-038
9.475e-038
9.30246e-038
8.95038e-038
8.75509e-038
8.54559e-038
7.28981e-038
5.39924e-038
5.35609e-038
5.00918e-038
4.58565e-038
3.67917e-038
3.51912e-038
3.05439e-038
3.0035e-038
2.91988e-038
2.80738e-038
2.75646e-038
2.11845e-038
1.89889e-038
1.73536e-038
1.69168e-038
1.47617e-038
1.41269e-038
1.35158e-038
1.26677e-038
1.14774e-038
1.12684e-038
1.01431e-038
1.00118e-038
8.7249e-039
7.48592e-039
7.2493e-039
6.93083e-039
6.10337e-039
5.97788e-039
4.33604e-039
3.90834e-039
3.42577e-039
3.03004e-039
2.91386e-039
2.34489e-039
2.12408e-039
1.7696e-039
1.70015e-039
1.52259e-039
1.41503e-039
1.34742e-039
1.3226e-039
1.27922e-039
1.03786e-039
8.76e-040
7.7988e-040
7.36503e-040
7.14185e-040
6.058e-040
5.93849e-040
5.87387e-040
5.30186e-040
3.3333e-040
2.7101e-040
2.30839e-040
2.18449e-040
1.61498e-040
1.37034e-040
1.30096e-040
1.27229e-040
1.23679e-040
1.14087e-040
1.01165e-040
9.88161e-041
9.60436e-041
9.08134e-041
8.18407e-041
7.61213e-041
7.2181e-041
6.98345e-041
6.63392e-041
5.28109e-041
5.06374e-041
4.94236e-041
4.64803e-041
4.46903e-041
4.29402e-041
3.88288e-041
3.3992e-041
3.15346e-041
3.06425e-041
2.85092e-041
2.82645e-041
2.52684e-041
2.44798e-041
2.2673e-041
2.12714e-041
2.02116e-041
1.70073e-041
1.11462e-041
1.06912e-041
9.48241e-042
8.3029e-042
8.12719e-042
7.84081e-042
7.29866e-042
6.78861e-042
6.53898e-042
3.63618e-042
3.38962e-042
3.04247e-042
2.88923e-042
2.83976e-042
2.3684e-042
1.737e-042
1.58279e-042
1.53778e-042
1.3579e-042
1.32005e-042
1.06542e-042
1.01959e-042
9.3433e-043
8.93992e-043
8.91479e-043
8.02358e-043
7.06478e-043
6.45409e-043
5.8443e-043
5.64682e-043
3.87383e-043
3.81775e-043
3.51252e-043
3.19065e-043
2.66695e-043
2.58969e-043
2.58251e-043
2.11929e-043
1.99384e-043
1.91807e-043
1.79992e-043
1.74962e-043
1.6375e-043
1.24621e-043
1.1575e-043
1.0935e-043
1.02124e-043
1.01268e-043
8.63634e-044
7.78011e-044
6.61716e-044
5.86841e-044
5.35084e-044
4.43362e-044
3.55882e-044
3.44128e-044
3.13302e-044
2.72374e-044
2.61591e-044
2.44786e-044
2.13803e-044
2.02864e-044
2.00377e-044
1.75662e-044
1.6937e-044
1.52288e-044
1.4032e-044
1.32304e-044
1.26212e-044
1.19007e-044
1.12579e-044
1.01242e-044
9.5944e-045
9.26729e-045
4.58937e-045
4.24954e-045
4.17395e-045
4.02762e-045
3.90519e-045
3.52525e-045
3.4174e-045
3.32593e-045
2.93201e-045
2.61403e-045
2.25066e-045
1.98565e-045
1.84127e-045
1.64169e-045
1.51398e-045
1.45353e-045
8.57661e-046
8.22975e-046
7.804e-046
6.5664e-046
6.09817e-046
5.85917e-046
5.24611e-046
5.17814e-046
4.20406e-046
4.08275e-046
3.93546e-046
3.55482e-046
3.13023e-046
3.11237e-046
3.05309e-046
2.43317e-046
1.92063e-046
1.81936e-046
1.72558e-046
1.67963e-046
1.5801e-046
1.54251e-046
1.43372e-046
1.37901e-046
1.25475e-046
1.24852e-046
1.13635e-046
8.33015e-047
7.83415e-047
6.98386e-047
6.59712e-047
6.22478e-047
6.15657e-047
5.79727e-047
2.82403e-047
2.60492e-047
2.54205e-047
2.22431e-047
2.1832e-047
2.05085e-047
1.93684e-047
1.69049e-047
1.56266e-047
1.54774e-047
1.47346e-047
1.43417e-047
1.34304e-047
1.28061e-047
1.19026e-047
9.52128e-048
9.1725e-048
8.53305e-048
8.27281e-048
6.3729e-048
6.18482e-048
6.04592e-048
5.40092e-048
5.27004e-048
4.64996e-048
4.14296e-048
4.01689e-048
3.96247e-048
3.82056e-048
3.71073e-048
3.38243e-048
3.29869e-048
3.27702e-048
3.15953e-048
3.02479e-048
2.96632e-048
2.86658e-048
2.84925e-048
2.81009e-048
2.2023e-048
2.19145e-048
8.98863e-049
8.18617e-049
7.88786e-049
7.80178e-049
6.84921e-049
4.9909e-049
2.15165e-049
1.92382e-049
1.87131e-049
1.48773e-049
1.36716e-049
1.23969e-049
1.16358e-049
1.12289e-049
7.66811e-050
7.22043e-050
7.0913e-050
5.92779e-050
5.64872e-050
5.29105e-050
4.98435e-050
4.31092e-050
3.99405e-050
3.93137e-050
3.82926e-050
3.59121e-050
3.48438e-050
3.45023e-050
3.2352e-050
2.94884e-050
2.88679e-050
2.80663e-050
2.77635e-050
2.19619e-050
2.17727e-050
2.04157e-050
2.03103e-050
1.74777e-050
8.67325e-051
8.42279e-051
7.52849e-051
7.02599e-051
6.72131e-051
6.64245e-051
6.07161e-051
5.88402e-051
5.78728e-051
5.41747e-051
5.37509e-051
4.98424e-051
4.88233e-051
4.2877e-051
2.87726e-051
2.73393e-051
2.64237e-051
1.60138e-051
1.45699e-051
1.42288e-051
1.29079e-051
1.26541e-051
1.21566e-051
1.12035e-051
1.04949e-051
9.8385e-052
9.13947e-052
8.68587e-052
8.28397e-052
7.70992e-052
7.40781e-052
6.91147e-052
5.87844e-052
5.71962e-052
5.56027e-052
3.60656e-052
3.26404e-052
3.09488e-052
2.94152e-052
1.73953e-052
1.64756e-052
1.54721e-052
6.71248e-053
6.37637e-053
6.22408e-053
5.24765e-053
5.19775e-053
5.00086e-053
4.5023e-053
4.33177e-053
4.17831e-053
3.97603e-053
3.84533e-053
3.78953e-053
3.3837e-053
3.17302e-053
2.48885e-053
2.01173e-053
1.86558e-053
1.69093e-053
1.62301e-053
1.53476e-053
1.31832e-053
1.28654e-053
1.15145e-053
9.93067e-054
8.74058e-054
8.36298e-054
8.02036e-054
7.28733e-054
6.11143e-054
5.68639e-054
5.35293e-054
4.72314e-054
4.26058e-054
4.06797e-054
3.86091e-054
3.63505e-054
3.55187e-054
3.51447e-054
2.71049e-054
2.67258e-054
2.55317e-054
2.04664e-054
1.71114e-054
1.65186e-054
1.36431e-054
1.29286e-054
1.20638e-054
1.07812e-054
8.69539e-055
8.44771e-055
8.04833e-055
7.86056e-055
7.64944e-055
7.20432e-055
6.90587e-055
6.77682e-055
6.41703e-055
6.1381e-055
5.93333e-055
3.82395e-055
2.87366e-055
2.71288e-055
2.19842e-055
2.17394e-055
1.98457e-055
1.93167e-055
1.79402e-055
1.78052e-055
1.71646e-055
1.66535e-055
1.39087e-055
1.35525e-055
1.20901e-055
1.17732e-055
1.14755e-055
1.10163e-055
1.00309e-055
9.9053e-056
9.67572e-056
9.35214e-056
9.28879e-056
9.09963e-056
8.90461e-056
8.67378e-056
7.40613e-056
7.36439e-056
7.31494e-056
7.09941e-056
6.93483e-056
6.51511e-056
6.4622e-056
6.35289e-056
6.32453e-056
6.12826e-056
6.02753e-056
5.99271e-056
5.92848e-056
5.91824e-056
5.87558e-056
5.83549e-056
5.77728e-056
5.77062e-056
5.76397e-056
5.75705e-056
5.7324e-056
5.72681e-056
6.46351e-057
6.41416e-057
6.32078e-057
6.26867e-057
6.19824e-057
6.14372e-057
6.04179e-057
5.92532e-057
5.79221e-057
5.59103e-057
5.5508e-057
5.4089e-057
5.35999e-057
5.30812e-057
5.27119e-057
5.21057e-057
5.1866e-057
5.16398e-057
5.12808e-057
2.86338e-057
2.82679e-057
2.81966e-057
2.8175e-057
2.81257e-057
2.78124e-057
2.77569e-057
2.75895e-057
2.74399e-057
3.40922e-058
1.31135e-058
1.27533e-058
1.25448e-058
1.16292e-058
1.14997e-058
1.12328e-058
1.10741e-058
1.09098e-058
1.067e-058
1.0464e-058
1.02144e-058
9.92207e-059
9.78794e-059
9.62506e-059
9.38575e-059
6.64669e-059
6.26656e-059
6.14576e-059
5.9106e-059
5.86037e-059
5.78199e-059
5.35104e-059
5.26015e-059
5.16334e-059
5.06223e-059
5.04754e-059
4.88219e-059
4.87381e-059
4.82584e-059
4.7865e-059
4.73536e-059
4.69738e-059
4.68806e-059
4.61531e-059
4.56658e-059
4.541e-059
4.52081e-059
4.51387e-059
4.49191e-059
4.48564e-059
4.475e-059
4.46896e-059
4.46015e-059
4.45148e-059
4.43102e-059
4.42196e-059
4.41588e-059
4.37415e-059
6.62642e-061
5.61745e-061
5.28191e-061
5.05983e-061
4.91222e-061
4.78635e-061
4.50688e-061
4.20508e-061
3.91995e-061
3.72034e-061
3.59295e-061
3.47016e-061
3.40802e-061
3.25198e-061
3.22979e-061
3.18666e-061
3.11624e-061
3.00963e-061
2.88649e-061
2.86394e-061
2.68196e-061
2.61661e-061
2.57505e-061
2.57302e-061
2.54156e-061
2.45593e-061
2.43243e-061
2.4147e-061
2.40278e-061
2.39067e-061
5.9048e-062
5.69026e-062
5.65867e-062
5.24885e-062
5.14537e-062
5.08518e-062
4.95571e-062
2.92203e-062
2.88367e-062
2.59369e-062
2.4318e-062
2.39923e-062
2.38151e-062
2.10974e-062
1.90247e-062
1.83497e-062
1.80443e-062
1.73077e-062
1.6708e-062
1.65019e-062
1.63995e-062
1.6309e-062
1.6245e-062
1.53217e-062
1.52372e-062
1.43296e-062
2.73509e-063
2.44023e-063
2.08502e-063
1.99129e-063
1.92673e-063
1.83296e-063
1.80294e-063
1.69678e-063
1.62837e-063
1.42468e-063
1.41716e-063
1.39396e-063
1.36786e-063
1.32223e-063
1.22656e-063
1.21759e-063
1.14066e-063
1.08794e-063
1.01625e-063
9.97213e-064
8.95356e-064
8.84132e-064
8.65092e-064
1.48414e-064
1.39818e-064
1.36242e-064
1.10264e-064
1.09382e-064
1.07026e-064
1.0203e-064
9.645e-065
8.86993e-065
7.78232e-065
7.22097e-065
7.11064e-065
7.01858e-065
6.89505e-065
6.38285e-065
6.27289e-065
4.90984e-065
4.4064e-065
4.32428e-065
3.95688e-065
3.90016e-065
3.68579e-065
3.25217e-065
1.76529e-065
1.69343e-065
8.78349e-066
7.92384e-066
7.02257e-066
6.74665e-066
6.41744e-066
5.9168e-066
5.6384e-066
5.29847e-066
4.83629e-066
4.67322e-066
3.72124e-066
3.68524e-066
3.17656e-066
3.06525e-066
2.38708e-066
2.31207e-066
1.93615e-066
1.72023e-066
1.44991e-066
1.3708e-066
1.23595e-066
1.02387e-066
9.76375e-067
9.32115e-067
7.26882e-067
5.79414e-067
5.22502e-067
5.02758e-067
4.31842e-067
3.91698e-067
2.76981e-067
2.54955e-067
2.45449e-067
2.37691e-067
2.34577e-067
2.31562e-067
2.22501e-067
2.03048e-067
1.60233e-067
1.53795e-067
1.39207e-067
1.35484e-067
1.25901e-067
1.19979e-067
1.12438e-067
9.45674e-068
6.64759e-068
6.19372e-068
5.26287e-068
4.94671e-068
4.67297e-068
4.40335e-068
3.68728e-068
3.5514e-068
3.40619e-068
3.36793e-068
3.2561e-068
3.22363e-068
3.11647e-068
3.07694e-068
2.52041e-068
1.80006e-068
1.71108e-068
1.66466e-068
1.60124e-068
1.51785e-068
1.39362e-068
1.34887e-068
1.28836e-068
1.18735e-068
1.12841e-068
1.11989e-068
1.10387e-068
4.80771e-069
3.96551e-069
3.33706e-069
3.0503e-069
2.56351e-069
2.52668e-069
2.37221e-069
2.29302e-069
2.17306e-069
2.10426e-069
1.72446e-069
1.42394e-069
1.35075e-069
1.3167e-069
1.27271e-069
1.08882e-069
9.93617e-070
9.05156e-070
9.01244e-070
8.86346e-070
8.08006e-070
6.64934e-070
6.43367e-070
6.38948e-070
6.29246e-070
6.13378e-070
5.87247e-070
5.49333e-070
5.23496e-070
5.18194e-070
4.60226e-070
2.33609e-070
2.06766e-070
1.72921e-070
1.58538e-070
1.57157e-070
1.52046e-070
1.45978e-070
1.33466e-070
1.2775e-070
1.25765e-070
1.05568e-070
1.0505e-070
9.63767e-071
9.22765e-071
9.08465e-071
8.84574e-071
8.27772e-071
4.0201e-071
3.7397e-071
2.47883e-071
1.99612e-071
1.89851e-071
1.76353e-071
1.62525e-071
1.35955e-071
1.18373e-071
1.00893e-071
9.51377e-072
7.34666e-072
6.55699e-072
6.04866e-072
4.27992e-072
4.00029e-072
3.83168e-072
3.66531e-072
3.42292e-072
3.35611e-072
2.82182e-072
2.62553e-072
2.52609e-072
2.35051e-072
2.2807e-072
2.19586e-072
1.96027e-072
1.87505e-072
1.07317e-072
1.01174e-072
9.09195e-073
8.62632e-073
7.62149e-073
7.3287e-073
6.44747e-073
5.8072e-073
5.74822e-073
5.53895e-073
5.39121e-073
5.11769e-073
4.98243e-073
4.70846e-073
4.59689e-073
4.27622e-073
4.25921e-073
4.25146e-073
4.20119e-073
4.04513e-073
3.80688e-073
3.53447e-073
2.82087e-073
2.69137e-073
2.65604e-073
2.65343e-073
2.35064e-073
2.23533e-073
1.80544e-073
1.76292e-073
1.75486e-073
1.74378e-073
1.71346e-073
1.70444e-073
9.90829e-074
9.80684e-074
7.73382e-074
3.73607e-074
3.62202e-074
3.49909e-074
3.1496e-074
3.03797e-074
2.76854e-074
2.60914e-074
2.40374e-074
2.34108e-074
1.92685e-074
1.57173e-074
1.22887e-074
1.18682e-074
1.14813e-074
1.02903e-074
9.77428e-075
7.72482e-075
7.70318e-075
7.4839e-075
7.33035e-075
6.77718e-075
6.4082e-075
4.91733e-075
4.16454e-075
3.9875e-075
3.83865e-075
3.41899e-075
3.33927e-075
3.06039e-075
3.0259e-075
2.91694e-075
2.81401e-075
2.50757e-075
2.46063e-075
2.43355e-075
2.38123e-075
2.29382e-075
2.01099e-075
1.94521e-075
5.48666e-076
5.42243e-076
4.92837e-076
4.81064e-076
4.57592e-076
4.02824e-076
3.74954e-076
3.52213e-076
3.46441e-076
3.43861e-076
3.33587e-076
3.23978e-076
1.21524e-076
1.05553e-076
9.49807e-077
8.19002e-077
7.60046e-077
6.55217e-077
6.24711e-077
5.45842e-077
5.16448e-077
5.01486e-077
4.13932e-077
3.57636e-077
3.34635e-077
3.13694e-077
2.96824e-077
